6
15
15
8
11
15
12
9
14
17
15
4
4
8
9
6
8
0
8
7
5
6
8
5
11
7
9
4
14
8
15
14
38
24
15
8
4
8
6
6
10
6
9
13
13
13
9
13
20
5
15
14
6
12
11
11
7
6
8
7
8
7
8
14
8
16
17
10
8
7
14
10
6
7
8
10
10
8
6
4
11
12
9
11
6
9
13
13
4
5
13
13
10
12
14
10
8
8
9
6
5
9
9
9
4
9
5
11
12
14
5
8
12
14
3
4
6
5
5
5
4
3
4
3
9
11
7
5
5
8
7
3
17
14
5
5
13
4
5
9
10
5
8
10
3
6
12
8
13
10
19
8
9
14
4
8
16
9
4
4
9
9
3
8
2
3
6
18
6
8
13
1
6
3
6
12
6
6
5
13
5
5
4
2
1
5
4
3
11
6
4
8
11
11
8
10
7
7
6
4
5
3
2
5
6
5
6
13
6
7
2
3
2
8
14
14
14
13
5
3
10
4
9
6
9
3
6
4
11
6
11
95
12
6
9
9
12
12
7
10
6
8
8
9
6
117
4
1
3
7
7
2
6
2
5
6
3
9
7
7
4
11
17
10
6
5
5
12
9
8
9
10
13
4
6
5
4
16
6
10
11
2
13
6
3
5
11
13
1
6
5
7
14
14
10
8
7
10
8
8
10
2
11
2
13
10
10
10
1
5
6
18
0
9
13
6
12
4
4
18
6
7
13
5
7
11
13
5
10
5
9
4
9
9
14
8
5
9
10
12
8
13
10
8
10
90
4
5
1
9
10
7
5
5
7
13
10
9
6
4
15
7
7
4
8
12
8
7
7
6
10
7
4
14
13
8
15
9
5
15
8
5
6
10
13
9
7
6
15
9
381
11
8
6
20
4
17
10
6
5
10
6
5
5
15
12
13
76
11
22
3
12
9
11
10
11
11
7
8
4
12
15
11
11
21
7
12
5
87
17
4
11
4
1
5
12
4
12
4
6
7
7
7
7
1
9
4
6
11
4
6
8
6
6
9
5
6
3
9
17
9
9
20
3
15
15
9
12
12
8
3
15
14
21
8
14
4
8
16
5
13
16
12
11
9
10
12
17
8
2
8
12
14
6
11
3
17
14
12
9
12
20
11
14
1
12
5
12
14
27
19
9
8
13
7
12
1
5
9
17
7
7
8
7
10
23
12
18
19
24
19
17
8
1
12
4
10
14
9
11
7
12
9
8
4
11
16
10
10
11
12
9
1
17
5
4
10
13
11
1
7
5
4
9
8
10
6
6
4
9
10
6
9
8
14
8
5
6
5
4
8
9
3
4
4
6
3
6
8
6
6
7
6
7
3
8
4
4
6
11
8
5
11
5
8
7
14
11
6
10
12
15
14
7
16
4
4
9
8
13
3
3
5
4
10
6
11
11
11
9
11
7
20
11
8
11
14
3
10
12
10
5
17
7
11
11
12
5
8
4
6
14
8
10
7
8
86
6
9
5
7
10
13
53
5
8
14
17
6
7
5
156
16
2
13
2
5
10
15
22
9
8
8
12
12
18
10
11
24
18
8
12
6
11
11
10
9
11
15
1
11
7
10
16
11
20
18
8
11
12
14
14
2
11
7
8
8
15
11
6
9
16
16
10
10
11
8
7
11
11
10
11
13
16
9
13
7
8
10
16
10
9
8
6
16
8
12
10
8
8
5
8
13
6
6
5
11
2
10
16
7
9
6
8
11
6
4
14
13
6
4
4
12
3
15
2
10
12
11
5
2
21
12
10
14
8
4
8
8
5
5
8
6
4
3
8
6
9
5
2
5
7
10
13
10
3
14
7
8
10
7
7
1
10
9
11
7
10
9
7
6
12
9
4
7
6
9
6
5
377
4
11
5
5
6
6
8
8
9
4
6
10
8
11
5
9
8
10
1
8
13
7
6
8
5
11
15
8
9
10
8
11
12
133
11
23
10
10
1
7
6
11
3
4
1
9
9
7
11
9
5
7
8
7
10
10
9
11
10
5
11
9
5
12
10
5
2
901
6
5
6
9
3
4
8
14
4
5
9
14
5
12
15
9
13
11
10
11
16
15
2
9
74
11
6
11
10
9
15
8
4
1
29
0
4
7
3
7
11
14
11
9
6
15
3
14
6
6
10
14
15
4
5
35
1
14
13
7
16
3
4
9
8
3
7
7
7
8
11
18
14
8
4
9
7
4
8
5
5
9
4
4
1
9
10
4
6
10
14
1
5
8
12
12
16
2
6
8
8
8
11
4
9
7
8
12
4
51
7
12
15
7
11
4
9
5
8
8
4
15
5
9
9
1
6
8
22
1
8
11
2
5
1
7
6
8
9
17
5
3
13
14
7
8
7
11
13
1
8
8
1
14
8
9
10
14
2
9
15
9
2
3
6
5
12
14
1
9
3
6
6
10
12
9
3
12
5
11
22
3
6
3
9
5
18
6
5
51
16
2
15
8
9
12
13
4
26
14
16
20
9
15
17
16
14
6
9
3
8
41
6
9
10
8
5
12
24
1
14
8
8
6
10
14
14
11
6
22
12
16
11
4
11
10
7
13
12
9
13
12
6
9
8
5
5
9
2
15
4
3
57
11
8
33
10
75
9
6
8
12
0
10
20
8
19
5
6
6
2
9
5
3
6
7
1
10
5
16
5
57
28
7
3
6
4
8
5
4
10
4
7
9
5
3
3
20
5
5
4
29
7
7
12
7
21
9
8
6
38
14
6
21
4
11
5
9
8
6
12
7
5
5
16
9
4
38
8
14
5
5
8
15
3
7
8
9
3
5
4
7
37
1
7
37
1
18
13
105
7
11
9
1
4
4
6
1
1
8
8
4
9
5
5
10
5
4
6
5
4
6
3
92
11
15
4
17
5
12
17
7
2
11
12
18
11
13
5
14
13
12
1
18
51
19
2
4
28
18
2
44
78
12
14
20
10
9
23
2
3
25
28
0
21
7
4
13
5
23
5
11
3
2
1
12
18
28
1
26
28
15
4
7
23
2
10
28
26
1
6
10
35
8
5
17
3
4
63
15
21
20
2
6
23
22
17
9
8
34
16
0
16
9
10
17
14
15
11
9
14
0
5
14
17
30
10
22
8
27
10
18
18
5
12
10
11
13
9
1
0
11
17
13
4
3
17
2
7
8
1
21
13
1
14
8
9
19
15
4
23
17
346
96
22
5
10
11
2
24
9
8
14
9
8
11
9
15
1
10
18
8
9
10
9
1
7
7
12
19
9
10
19
11
25
6
11
8
20
8
13
1
21
9
16
13
15
30
15
9
28
11
19
8
13
11
18
7
5
11
0
10
15
12
15
2
27
11
9
9
11
25
12
2
11
11
19
16
11
10
22
6
11
10
15
15
14
9
18
5
11
13
25
19
9
14
15
11
8
13
10
23
16
9
37
7
7
26
18
84
6
10
6
12
12
9
18
10
10
7
9
10
14
7
14
11
2
10
5
13
5
25
23
9
13
8
11
8
26
24
6
12
30
11
33
16
9
9
5
13
18
14
7
11
3
1
17
17
14
4
15
10
9
9
19
15
17
15
11
8
19
2
42
16
15
15
11
14
13
5
12
6
10
14
38
17
28
4
30
8
10
10
14
12
4
8
2
10
20
12
14
29
1
31
14
9
6
16
18
6
12
11
15
9
13
14
16
12
8
15
28
8
15
10
11
4
24
6
4
11
8
11
13
14
12
2
23
13
12
12
1
14
15
12
14
24
100
9
20
8
2
8
7
25
14
20
9
13
15
8
29
7
15
11
8
16
8
1
9
1
1
14
1
5
14
10
8
16
6
7
1
11
15
2
6
14
14
18
6
22
4
3
6
12
22
16
19
7
20
10
20
15
15
14
16
3
14
25
12
11
18
8
6
16
14
1
9
7
16
18
17
23
8
14
56
24
1
6
6
19
13
1
1
19
36
0
45
14
11
27
24
19
25
16
1
14
1
4
30
4
29
11
10
15
14
1
31
12
11
10
33
39
21
32
2
7
39
14
15
33
10
24
17
9
8
18
20
1
6
12
14
20
6
10
11
19
16
12
23
5
34
7
16
6
14
33
5
14
17
2
16
12
21
19
19
24
38
38
32
12
10
206
15
26
18
3
24
13
16
38
15
25
22
25
4
35
13
34
14
10
4
11
37
20
5
11
14
2
11
25
27
14
7
13
2
17
17
57
14
8
21
18
20
18
29
2
15
0
14
21
12
27
16
3
7
19
26
13
6
18
23
6
11
37
18
16
8
45
3
7
18
17
3
15
16
17
8
11
4
46
0
0
21
13
12
1
27
29
36
31
15
11
12
15
16
17
12
9
20
5
9
6
13
7
23
10
14
16
12
8
10
24
15
2
13
23
16
14
31
12
12
9
5
8
7
0
10
7
19
8
16
6
11
12
6
4
10
8
2
10
6
12
11
2
7
11
3
10
8
2
3
1
9
6
11
10
3
14
8
1
9
2
5
3
1
6
9
4
3
2
4
5
4
6
3
4
4
3
3
2
3
2
7
6
2
3
2
5
4
5
2
2
4
4
79
7
5
1
2
4
5
4
17
4
5
6
3
3
3
3
16
8
5
3
25
3
4
2
23
10
7
6
4
3
3
4
3
3
3
5
4
9
5
4
3
10
4
2
2
3
219
352
269
3
29
50
3
1
4
3
4
5
4
3
3
130
3
3
142
4
3
2
3
4
1154
2
7
26
1
23
60
3
3
0
4
60
75
36
2
6
28
23
14
1
2
3
14
40
50
3
3
35
36
4
2
72
49
16
15
4
2
6
11
10
16
6
6
5
12
14
25
10
2
17
9
26
1
19
4
2
2
6
2
15
22
97
1
25
23
2
5
80
12
3
9
0
11
6
4
3
25
13
10
106
25
18
14
7
3
7
4
8
2
12
11
4
9
12
14
5
10
11
8
15
7
9
4
5
8
4
1
4
12
12
5
9
5
10
7
12
2
7
12
3
5
7
5
7
19
3
9
5
4
3
5
6
4
3
6
2
6
5
34
6
3
5
5
6
16
6
4
5
4
7
7
11
2
3
1
12
5
2
4
5
2
5
9
3
9
6
3
2
3
3
2
2
2
3
3
3
5
7
3
3
2
1
2
2
2
2
3
3
3
1
2
2
3
2
2
2
3
5
4
2
4
2
7
1
2
2
4
3
2
2
1
2
2
5
1
3
2
3
3
2
2
2
2
4
2
2
1
2
2
2
2
3
2
3
4
2
4
2
2
3
12
7
2
3
4
2
1
2
4
2
2
1
3
0
2
3
4
1
2
9
3
2
1
2
3
3
2
2
2
6
2
3
2
2
2
2
3
2
1
2
2
2
2
7
0
2
3
3
3
3
2
2
2
2
1
2
2
4
2
2
5
3
2
6
2
1
4
3
3
3
2
2
5
2
2
3
2
2
3
2
3
2
3
4
2
2
3
2
0
5
2
2
2
2
2
2
3
2
2
2
7
1
2
3
2
3
2
2
15
2
3
3
4
3
2
2
4
2
2
2
2
2
2
2
10
1
2
2
3
2
3
1
2
2
1
2
2
2
2
2
1
2
2
2
2
2
2
2
2
1
3
2
2
2
3
2
3
2
2
2
2
2
2
2
2
2
2
2
1
3
3
2
2
2
2
3
3
3
3
2
4
3
3
2
2
3
2
4
3
3
2
2
2
2
3
2
3
2
3
1
2
5
3
4
6
2
3
3
3
1
2
11
2
2
2
2
4
3
2
2
2
3
3
3
2
3
2
2
2
2
3
2
1
3
5
2
2
2
2
3
2
2
2
2
4
2
3
0
2
1
2
3
2
19
1
2
3
1
2
2
3
5
4
2
2
2
2
2
3
3
3
2
3
3
3
3
2
0
3
3
3
3
3
2
6
2
2
3
2
4
4
2
2
2
1
3
3
5
3
3
3
4
18
6
3
6
3
3
3
5
2
2
3
4
2
3
2
3
1
3
3
7
5
4
4
6
3
4
3
221
6
4
3
6
2
5
1
5
7
3
7
17
4
5
