0 5
0 5
4 5
2 5
2 5
0 5
2 5
6 5
6 4
1 5
2 5
0 5
8 1
3 4
44 5
0 5
2 5
2 5
12 5
4 5
17 5
11 5
6 5
2 5
1 5
0 5
8 5
37 5
4 5
34 5
64 5
1 5
0 5
17 5
32 5
1 5
1 5
4 1
1 5
1 5
3 4
4 5
6 5
25 1
0 5
11 5
10 5
10 5
0 5
8 4
147 5
1 5
3 4
5 5
12 3
2 5
28 1
5 5
17 5
8 5
7 5
16 5
1 2
1 5
10 5
8 5
9 5
13 5
5 5
8 5
9 4
11 5
7 5
3 5
23 5
11 5
6 5
15 5
1 4
0 5
1 5
3 5
0 5
7 5
10 5
0 5
5 5
6 5
1 4
2 1
7 5
0 5
1 4
1 5
2 5
5 5
0 5
18 5
1 5
7 2
0 5
10 5
16 5
9 5
0 5
12 5
2 4
0 4
5 5
23 3
15 4
7 5
0 5
6 1
6 5
0 4
9 5
9 4
3 5
4 4
2 3
0 3
0 5
9 4
2 5
0 5
0 5
1 5
0 5
10 5
0 5
2 5
3 4
1 5
3 5
18 5
6 5
43 5
0 5
8 5
6 5
24 1
19 4
2 5
11 4
0 5
5 5
2 5
17 5
0 5
13 5
3 4
10 5
17 5
3 4
3 5
1 5
1 5
1 3
4 5
13 5
6 5
5 5
2 5
13 5
6 5
3 4
3 5
31 5
6 5
2 5
9 3
12 5
4 5
4 5
0 5
2 5
3 5
0 3
6 5
4 5
15 5
0 5
9 5
25 5
8 4
3 5
8 5
5 5
1 5
10 4
19 5
1 4
5 5
0 5
1 5
2 5
3 5
0 5
1 5
6 5
0 5
2 4
5 5
2 5
17 4
13 5
0 5
15 5
2 5
14 5
12 5
4 5
0 5
19 5
0 5
3 5
23 5
1 5
0 5
3 5
6 5
2 5
14 5
8 5
7 5
4 5
2 4
3 5
0 5
5 5
8 5
5 5
2 5
15 5
8 5
23 5
10 5
6 5
4 5
5 5
2 4
16 5
3 1
63 5
18 5
9 5
32 5
4 5
17 5
2 5
8 5
18 5
0 5
9 4
0 5
5 4
3 4
4 5
19 5
6 5
2 4
1 5
11 5
1 5
2 5
8 4
2 5
3 5
4 5
17 5
1 5
5 5
15 5
9 5
35 5
4 5
1 5
4 5
3 5
1 5
0 5
2 5
1 5
0 5
6 5
15 5
25 5
2 5
11 2
2 5
0 5
6 5
61 5
6 5
2 5
4 5
4 5
2 5
3 4
16 5
8 5
3 5
4 5
13 5
23 5
0 5
56 5
4 5
30 5
21 5
3 5
1 5
12 5
12 4
7 5
14 5
0 5
6 5
65 5
0 5
1 5
7 5
2 5
16 5
10 5
4 5
1 5
1 5
2 4
0 5
1 4
1 5
2 5
2 5
3 5
52 5
16 5
8 5
2 5
0 5
0 4
2 5
12 5
10 5
18 5
11 1
11 5
8 5
18 5
0 5
10 4
20 5
6 1
2 5
3 5
2 4
7 5
33 1
27 1
19 5
10 5
1 4
11 5
4 4
1 5
11 4
10 5
7 5
11 1
10 5
11 5
15 5
23 5
4 5
9 5
0 5
0 5
7 5
26 1
1 4
1 5
0 5
5 5
0 5
7 4
1 5
24 5
3 4
43 5
4 4
56 5
3 5
1 5
10 5
2 5
3 5
8 5
3 5
4 5
4 5
1 5
0 4
12 4
4 5
6 4
1 5
4 5
2 5
69 5
0 5
8 5
2 5
2 5
7 5
7 5
18 5
26 5
1 5
2 5
11 1
2 5
2 5
2 5
18 5
11 5
11 5
7 5
0 5
8 1
0 5
2 4
7 5
0 5
2 5
3 5
7 5
3 5
0 5
1 5
2 5
15 4
0 5
1 4
4 4
2 4
9 5
10 5
5 4
2 5
1 5
3 5
11 5
8 5
4 5
3 5
2 5
10 5
0 5
1 5
4 5
4 5
0 5
2 5
12 5
6 5
21 1
10 1
10 5
5 5
5 5
4 5
3 5
12 5
0 5
0 5
10 5
17 5
5 5
5 5
4 5
0 5
3 5
1 4
5 5
2 4
4 5
14 4
10 3
0 5
3 5
12 5
1 5
2 5
33 5
1 4
20 5
1 5
1 5
1 5
0 5
2 5
0 5
3 5
12 5
5 4
3 5
1 5
1 5
8 5
1 4
0 5
0 5
0 5
2 5
3 5
3 4
7 5
1 5
0 5
2 4
2 4
6 5
1 5
5 5
0 5
6 5
1 5
6 5
6 5
15 5
1 5
1 5
2 5
1 5
0 5
1 4
0 5
5 5
35 4
1 5
1 5
2 5
1 5
15 5
1 5
4 5
0 5
19 5
5 5
32 5
34 5
16 5
23 5
6 5
2 5
5 5
7 5
5 5
3 5
0 5
7 5
1 4
25 5
14 5
5 5
0 5
2 5
17 5
1 5
2 5
2 5
8 5
26 5
10 5
25 4
39 5
4 5
2 5
20 5
68 5
13 5
3 5
10 5
2 5
5 4
4 5
4 5
6 5
1 4
3 5
3 5
2 5
3 5
14 5
9 5
9 5
14 5
9 5
1 5
17 4
13 5
9 5
0 5
4 5
11 5
6 5
2 5
15 5
24 5
2 5
24 5
1 5
4 5
3 5
4 4
1 5
40 5
12 3
36 4
7 5
3 5
1 5
1 4
21 5
6 5
19 5
22 5
0 5
2 5
9 5
0 5
1 5
5 5
1 5
14 5
17 5
9 5
18 5
1 5
2 5
1 5
0 5
12 5
2 5
1 5
2 5
1 5
1 5
4 5
11 5
0 5
0 5
2 5
0 5
2 5
6 5
1 5
8 5
0 5
3 5
2 5
12 5
4 5
6 5
11 5
3 5
0 5
4 4
1 5
16 5
0 5
9 5
5 5
9 5
15 5
3 5
4 5
4 5
3 5
6 5
4 5
7 5
6 5
10 5
12 5
16 5
4 5
3 5
4 5
0 5
0 5
0 5
17 5
5 5
0 5
2 5
0 5
0 5
4 5
0 5
13 5
3 5
0 5
18 5
0 5
2 4
8 5
2 4
0 5
17 5
0 5
0 5
0 5
1 5
1 5
0 5
7 5
0 5
4 5
0 5
11 5
1 5
4 5
0 5
12 4
2 5
15 5
0 5
7 5
0 5
6 5
1 5
0 5
5 5
15 5
2 5
8 5
18 5
3 5
3 5
3 5
5 2
0 1
0 5
1 5
7 5
1 5
21 5
6 5
9 5
6 5
4 5
1 5
28 5
0 5
1 5
0 5
1 4
0 5
5 5
2 5
0 5
17 5
0 5
9 5
5 5
10 5
2 5
0 5
3 5
3 5
2 5
1 4
15 5
4 5
3 5
5 5
26 5
7 3
2 5
4 5
4 5
1 5
2 5
0 5
15 5
11 5
5 5
13 5
4 5
7 5
74 1
10 5
9 5
3 5
2 4
2 5
7 5
18 5
4 5
2 5
10 5
8 1
0 5
6 5
3 5
1 5
18 5
6 5
1 5
7 5
11 5
5 5
7 5
2 5
0 5
4 5
5 5
4 5
3 5
4 5
10 4
11 5
4 5
1 5
0 4
8 4
10 3
2 5
1 5
1 5
2 5
5 4
2 5
4 5
20 5
4 4
3 5
1 5
1 4
13 5
5 5
3 4
26 4
6 4
29 5
1 5
5 5
1 5
2 4
3 5
7 5
3 5
0 5
23 5
2 5
8 4
5 5
0 5
6 5
13 4
30 4
2 5
3 4
31 5
2 5
4 5
2 5
6 5
6 3
3 5
4 5
5 5
3 5
9 5
4 5
1 5
14 5
9 5
17 5
7 5
32 5
6 5
8 5
16 5
13 5
7 5
2 5
9 5
3 4
28 5
10 5
3 5
3 5
12 5
8 5
2 5
1 4
7 5
34 5
26 1
10 5
0 5
2 5
17 5
0 5
6 5
1 5
0 5
5 5
0 5
4 5
3 5
6 5
0 5
0 5
8 5
6 5
0 5
3 5
4 5
1 5
17 5
0 5
19 3
2 5
9 4
4 4
2 4
17 5
10 4
1 5
2 5
4 5
4 5
2 5
160 5
4 5
5 5
2 4
13 5
3 5
8 3
35 5
14 5
4 5
3 4
5 4
11 5
17 5
1 5
10 4
26 5
3 5
11 4
3 5
5 5
2 5
8 5
17 3
3 4
3 5
7 5
8 5
16 5
7 5
8 5
3 5
16 5
11 5
4 5
20 5
0 5
1 5
8 5
5 5
1 4
9 5
15 5
75 4
28 5
23 5
33 5
15 5
8 5
7 5
4 4
10 5
0 3
4 4
10 5
2 4
11 5
4 4
1 5
10 5
12 5
2 5
22 5
3 5
17 4
42 5
29 5
0 5
9 5
6 5
4 5
2 5
10 5
2 5
12 5
0 5
5 5
1 5
3 5
0 5
3 5
5 5
0 5
4 5
3 5
3 5
14 5
24 5
3 5
10 5
8 5
1 4
4 5
1 5
5 5
5 5
22 4
6 5
10 5
2 5
0 5
3 5
6 5
13 4
14 5
7 5
9 5
2 5
4 4
4 5
3 5
5 4
1 5
4 5
16 5
8 5
2 5
6 5
1 5
2 5
5 5
13 5
6 5
6 5
4 5
0 5
9 5
6 5
1 4
1 5
11 5
1 5
20 5
7 5
3 5
4 5
19 4
8 3
7 5
1 5
0 5
7 4
10 5
8 5
0 5
2 5
6 5
0 5
6 5
7 4
7 5
1 5
3 5
2 5
21 5
51 5
17 5
3 5
6 5
6 4
1 5
41 5
7 5
2 5
10 5
2 5
3 5
11 5
17 5
3 5
4 5
7 5
4 5
2 5
25 5
4 5
10 5
1 5
1 5
9 5
3 5
5 5
7 5
3 5
9 5
1 5
1 5
21 5
11 5
1 5
14 5
3 5
12 5
1 5
2 5
4 5
8 4
2 5
3 4
5 5
5 5
0 5
7 5
3 5
4 5
4 5
1 5
0 5
4 5
3 5
1 5
11 5
0 5
0 5
7 5
2 5
5 5
2 5
8 5
13 5
5 5
0 5
0 5
1 5
2 5
13 5
9 5
4 4
7 5
5 5
16 5
0 5
1 5
0 5
1 5
8 5
4 5
8 5
4 5
1 5
1 5
6 5
3 5
2 5
6 5
8 5
1 5
10 5
1 5
7 5
2 5
2 5
4 4
8 5
4 5
1 5
0 5
5 5
4 5
3 5
3 5
17 5
9 4
4 5
1 5
4 4
0 5
35 5
4 5
5 5
4 4
7 5
5 5
1 5
1 5
1 5
3 5
3 5
0 4
5 5
19 5
3 5
1 5
1 5
3 5
1 5
2 5
3 5
2 5
0 4
12 5
3 5
11 5
1 5
13 4
7 5
3 5
9 5
2 5
6 5
2 5
20 5
4 5
5 5
6 5
14 5
5 5
5 5
8 5
5 5
10 5
23 5
6 5
0 5
16 5
4 5
1 5
2 5
8 5
21 5
3 5
2 5
5 5
1 5
3 5
7 5
3 4
2 5
2 5
6 5
6 5
2 5
5 5
8 4
13 5
2 4
6 5
1 5
0 5
12 5
0 5
7 5
0 4
8 5
0 5
2 5
22 5
4 5
4 5
8 5
0 5
1 5
1 5
4 5
22 5
4 5
4 5
0 5
0 5
3 5
18 5
2 5
0 5
7 5
12 5
9 5
9 5
4 5
1 5
3 5
5 5
4 5
1 5
5 5
6 5
7 5
3 5
5 5
3 5
9 4
5 5
8 5
11 5
1 5
14 5
11 3
0 5
1 5
10 5
0 5
2 5
21 5
11 5
4 5
15 5
0 4
26 5
5 5
3 5
4 5
4 5
4 5
4 4
5 5
2 5
7 5
6 5
5 4
2 4
2 5
1 5
0 5
3 4
2 5
33 5
1 5
6 5
0 5
3 5
0 5
2 5
4 5
2 5
1 5
6 5
8 5
5 5
5 5
17 5
1 5
14 5
4 5
4 5
8 5
6 5
12 5
2 5
0 5
4 5
0 5
7 5
10 5
8 5
0 5
0 5
9 5
2 5
6 5
2 5
12 5
4 4
5 5
2 5
0 5
1 5
6 4
2 5
1 5
6 5
4 5
3 5
1 5
1 4
5 4
8 5
4 5
2 5
3 5
1 5
10 4
3 4
3 4
6 5
6 5
9 4
6 5
9 5
2 5
0 5
5 5
1 5
5 5
2 5
9 5
6 4
3 4
6 5
10 4
41 5
5 5
3 5
9 5
2 5
7 5
0 5
13 5
5 5
0 5
4 5
12 5
24 5
3 5
6 4
3 5
12 5
6 5
1 5
10 5
14 5
5 5
8 4
2 5
24 5
4 5
14 5
1 5
2 5
5 5
1 5
5 5
1 5
0 5
0 5
1 4
23 5
6 5
1 5
9 5
2 5
8 4
10 5
5 5
0 4
5 5
8 5
8 3
6 5
19 5
5 5
2 5
41 5
1 5
4 5
9 5
2 5
19 5
2 5
13 4
0 5
5 5
12 5
0 5
2 5
29 5
21 5
1 5
26 5
2 5
29 5
6 5
19 5
10 5
11 5
5 5
1 5
9 3
0 5
10 5
10 4
9 5
19 5
0 5
4 5
2 5
23 5
2 5
17 5
0 5
3 4
4 5
3 5
2 4
14 5
6 5
9 5
1 5
23 5
4 5
9 5
3 5
25 5
1 5
6 5
11 4
0 5
0 5
23 5
0 4
2 5
5 5
6 5
7 5
6 5
5 5
4 5
1 5
0 5
24 5
0 5
7 5
1 5
9 5
7 4
3 5
8 4
3 5
1 5
8 1
2 5
9 5
0 5
12 5
1 5
6 5
1 5
3 5
2 5
7 5
4 5
9 5
4 5
5 5
4 5
11 5
4 5
9 5
3 5
6 5
6 5
0 5
0 5
9 5
11 5
8 5
13 5
6 5
6 5
6 5
2 5
14 5
14 5
15 5
21 5
6 5
2 5
6 5
2 5
1 5
17 5
15 5
25 5
5 5
6 5
8 5
18 5
4 5
8 5
1 5
4 5
17 5
0 5
18 5
4 5
7 4
3 5
1 5
8 5
2 5
3 5
23 5
11 5
0 5
5 5
4 5
2 5
20 5
9 5
1 5
5 5
9 4
5 5
1 5
14 5
0 5
5 5
8 5
4 5
2 5
4 5
21 5
12 5
17 5
2 5
11 1
10 5
6 5
