3 5
6 4
3 5
5 5
27 5
17 4
13 5
12 5
3 5
1 5
0 5
69 5
9 5
1 4
14 5
4 4
4 4
2 4
1 5
4 5
4 5
15 5
19 5
0 4
4 5
7 4
1 5
2 4
4 5
2 5
14 5
11 3
7 5
15 4
2 3
31 5
1 5
34 5
22 5
2 5
5 4
0 4
9 4
2 5
5 4
58 5
12 5
0 4
8 5
47 5
4 5
15 5
8 5
8 5
11 5
2 5
2 5
9 5
4 2
0 2
8 5
3 4
14 4
2 4
1 4
5 4
1 5
0 5
0 5
1 5
4 4
4 4
5 3
1 3
10 5
2 4
5 5
39 5
25 5
10 4
3 4
2 5
0 4
1 4
8 4
6 4
6 4
14 4
19 4
12 4
14 3
18 4
2 4
14 5
7 4
2 4
3 4
3 5
19 5
3 4
33 5
0 4
22 5
64 5
18 4
2 4
23 5
3 5
1 5
33 5
1 5
10 5
3 5
5 5
0 4
31 5
0 5
2 5
8 5
4 5
1 5
47 5
16 4
1 5
15 5
4 5
2 4
4 5
17 5
5 5
2 5
6 5
6 4
3 4
7 4
0 4
0 5
6 5
30 5
4 4
5 5
9 5
21 5
6 5
16 5
2 5
4 4
1 5
1 1
3 4
21 5
3 5
1 4
5 5
0 4
14 5
1 5
2 5
0 3
9 3
3 5
35 5
4 4
0 4
2 4
0 5
46 5
2 5
4 1
2 3
1 4
13 3
4 5
2 4
2 4
0 4
3 5
0 5
5 4
3 4
3 4
0 4
0 4
4 4
0 4
2 4
2 5
3 4
0 4
3 5
25 5
1 5
4 5
3 5
0 4
2 4
2 4
0 4
25 5
18 4
3 4
0 4
8 5
4 4
1 4
1 4
3 4
12 4
8 4
1 4
2 4
0 4
60 5
13 4
0 5
1 5
0 5
0 5
0 5
18 5
11 5
10 4
20 5
0 5
0 4
9 4
14 4
6 5
3 5
6 4
3 4
3 4
2 4
8 5
17 5
10 4
8 4
14 5
14 5
5 4
5 4
6 4
7 4
0 4
6 5
2 4
0 4
0 4
17 4
5 5
14 4
4 5
2 4
39 4
4 4
18 5
4 5
6 5
5 5
3 4
6 4
8 4
3 4
2 4
17 5
5 5
0 4
6 5
5 5
18 5
5 4
10 4
9 3
21 5
23 5
9 5
59 4
8 5
0 4
5 3
7 4
2 4
0 4
2 4
24 3
2 4
6 4
17 5
9 5
9 4
2 4
0 4
1 4
2 4
6 5
2 4
4 5
2 5
5 5
1 4
4 4
16 4
9 5
3 4
7 5
4 5
13 5
2 5
4 5
1 4
69 5
0 4
3 4
1 5
13 3
3 4
0 4
1 4
0 4
0 4
5 4
30 5
15 5
3 4
13 5
0 4
0 4
0 4
11 5
2 4
26 5
13 5
1 4
1 5
0 4
0 3
26 5
1 4
0 4
15 5
21 4
17 5
11 5
5 4
4 4
13 5
10 4
11 5
1 5
104 5
8 4
14 5
0 5
10 4
1 5
72 4
0 4
2 5
12 5
1 4
6 5
9 4
1 4
2 4
15 5
11 4
0 5
35 5
52 5
15 5
5 5
7 5
3 5
5 4
13 5
8 4
9 5
0 4
22 5
2 5
14 4
0 4
6 4
103 5
10 5
0 4
4 4
0 4
4 5
4 5
9 4
1 4
6 4
4 5
0 3
22 5
3 4
4 4
6 4
5 4
1 4
14 5
0 4
1 4
5 5
24 5
8 3
57 5
1 4
9 4
1 4
2 4
10 4
6 4
0 4
21 4
1 5
2 5
4 5
4 5
11 5
3 4
14 4
3 4
5 4
0 4
19 4
5 4
0 4
6 5
0 4
0 4
5 4
0 4
5 4
1 3
38 4
2 4
73 4
5 4
1 5
1 4
3 4
4 4
33 4
5 4
48 4
1 4
0 4
1 4
3 3
3 4
4 4
0 3
10 5
6 5
1 4
30 5
6 4
0 4
1 4
11 4
9 3
1 5
14 4
0 4
1 5
16 3
0 4
7 5
2 5
14 5
1 5
34 5
1 4
10 5
5 4
6 4
9 3
0 4
14 4
13 4
2 4
9 4
24 4
15 4
0 4
17 4
1 3
174 5
3 3
2 3
10 4
2 3
2 4
0 4
0 4
21 5
2 5
1 4
4 4
6 4
3 5
3 4
10 4
10 4
9 4
3 4
14 5
1 5
17 5
0 4
2 4
4 2
7 4
1 5
2 3
0 4
8 5
