0 4
2 3
5 5
3 4
5 4
3 3
16 5
22 4
0 4
0 4
29 4
0 4
3 5
2 5
17 3
0 5
2 5
5 3
1 3
5 4
4 4
6 4
23 3
13 5
4 5
3 5
10 4
1 4
4 4
1 5
1 5
0 4
1 5
1 5
32 4
39 4
9 2
0 4
3 3
5 4
4 4
6 3
10 5
8 4
9 5
4 5
19 1
3 4
15 5
14 5
2 5
111 5
8 5
2 4
12 2
13 4
5 3
67 5
12 5
4 4
5 5
4 4
0 5
36 4
11 4
2 4
51 5
3 2
16 5
9 5
6 5
8 4
1 4
5 5
23 3
5 3
11 5
11 4
3 5
39 5
5 4
4 4
2 4
18 4
6 4
8 5
10 4
22 5
4 4
6 5
16 5
56 5
1 4
0 4
0 5
1 5
2 5
50 4
9 4
13 5
5 4
2 5
10 4
7 5
51 5
2 5
16 4
4 4
19 4
12 4
2 5
23 4
14 5
24 4
8 4
11 5
6 4
26 5
3 4
18 5
40 4
1 3
16 4
12 3
12 4
5 5
27 5
23 5
11 5
4 5
1 4
2 5
19 4
1 5
1 5
2 4
1 4
66 1
3 5
7 5
0 4
10 4
24 5
14 5
10 4
7 4
17 4
43 4
14 3
23 4
21 4
20 5
0 4
6 5
4 5
5 5
7 2
4 4
7 4
5 5
68 5
5 4
2 5
3 5
5 3
14 3
126 4
4 4
18 5
61 5
17 4
28 4
3 5
16 4
1 3
12 4
3 4
25 5
17 3
17 4
4 4
78 3
0 3
0 4
3 4
7 4
9 5
9 4
8 3
6 4
0 3
7 2
7 4
1 3
4 5
39 5
2 3
3 4
2 4
9 5
11 4
35 3
54 5
17 4
3 4
3 4
6 5
4 3
8 5
4 2
3 5
4 5
8 5
62 4
1 5
1 5
2 4
18 5
11 5
6 5
5 4
10 4
7 4
12 4
9 3
6 4
18 4
27 4
0 4
14 5
2 5
10 4
38 4
2 5
3 4
17 4
6 4
6 5
6 4
20 5
2 4
0 4
13 4
8 3
1 5
4 4
13 4
0 4
72 5
6 5
139 4
5 4
2 4
24 5
4 5
6 5
20 3
5 4
5 4
15 5
12 5
14 5
1 4
82 5
25 5
24 3
6 5
18 5
3 4
46 5
2 4
83 5
8 4
16 4
1 5
1 2
6 5
18 5
8 5
4 5
2 2
32 5
16 4
17 5
9 5
29 5
9 5
10 5
1 4
30 5
32 5
7 3
6 4
1 2
32 3
8 4
19 5
20 3
29 5
8 5
5 4
51 4
2 5
0 3
19 5
1 4
16 5
9 4
5 5
5 3
7 3
23 5
1 4
66 4
49 5
24 4
81 5
0 2
4 4
6 5
14 5
17 5
28 5
20 4
25 4
6 4
10 3
5 5
1 4
2 4
33 4
12 4
28 5
1 4
13 4
6 5
5 4
10 3
15 5
15 5
3 3
9 4
10 5
112 5
14 4
3 4
16 5
3 5
0 5
0 5
4 5
9 5
8 5
4 4
7 3
20 5
7 4
6 5
1 3
4 4
4 4
3 4
4 4
13 5
8 4
4 4
37 5
5 3
0 4
1 4
2 4
15 2
30 4
6 4
2 4
17 4
6 5
7 4
13 5
7 4
2 3
2 4
8 4
1 4
9 4
11 4
4 3
42 5
20 5
5 5
2 4
1 3
109 5
58 5
20 4
59 4
17 4
1 4
1 4
6 5
2 4
12 5
0 3
16 5
27 5
17 3
3 4
5 3
10 3
21 4
8 4
14 3
27 5
2 4
65 4
72 1
8 4
5 4
6 4
8 4
0 2
21 5
36 5
9 4
4 1
7 5
16 5
1 5
5 4
5 4
1 5
19 3
3 3
65 4
7 4
17 5
6 2
3 5
4 5
4 3
4 4
31 5
1 4
6 3
5 5
14 3
1 2
14 5
0 3
13 5
10 3
4 4
8 5
6 3
15 5
14 4
1 4
5 4
1 4
5 2
2 5
19 5
5 3
32 4
23 4
0 5
37 4
15 3
3 5
6 4
0 4
3 3
31 4
2 4
10 4
5 4
6 3
3 4
2 4
56 1
20 4
31 5
1 5
20 3
6 4
37 5
4 4
20 5
10 5
29 5
5 5
6 5
71 5
17 5
0 4
4 5
37 4
52 5
6 4
2 3
7 3
12 4
3 4
2 4
8 5
1 4
5 2
1 5
7 4
2 5
10 4
13 4
4 3
8 3
3 5
13 4
54 5
6 4
9 5
2 4
2 4
12 5
7 4
6 3
38 5
7 5
6 3
1 5
4 5
3 4
8 3
22 4
1 5
19 5
16 4
13 4
15 4
7 5
46 5
4 5
26 4
4 5
16 4
3 3
87 5
6 3
2 5
0 4
2 4
0 4
20 1
4 4
6 4
4 3
10 3
3 5
21 3
4 5
2 5
13 2
15 5
16 5
0 4
18 4
41 4
16 5
9 5
96 2
13 5
33 5
4 5
0 4
4 5
2 5
6 4
4 5
15 5
7 5
3 4
19 5
0 4
7 4
13 2
5 5
7 5
5 5
0 5
25 4
5 5
34 5
14 5
11 4
3 5
4 2
7 5
6 4
23 3
19 4
4 4
7 4
10 3
42 5
20 3
4 5
34 4
15 5
29 5
9 3
4 4
2 3
12 4
37 2
21 4
36 5
8 5
71 5
3 5
34 5
7 5
57 1
11 5
7 4
2 5
