3 5
3 5
6 4
7 5
24 5
1 5
16 4
13 3
9 5
3 5
13 5
0 5
24 3
6 5
4 5
13 5
37 5
283 5
2 4
18 5
14 5
4 5
1 5
95 5
9 4
1 5
6 5
1 5
13 5
54 5
5 5
3 5
6 5
3 5
1 5
18 5
9 5
11 5
40 5
5 5
6 4
83 5
25 4
13 5
2 4
27 5
18 5
4 5
2 5
16 5
6 4
4 5
62 5
11 5
9 5
1 4
7 5
8 5
1 5
2 4
6 5
2 5
3 4
3 5
4 5
3 4
36 3
4 5
2 5
11 5
4 5
1 3
15 5
11 5
2 4
3 5
14 4
6 5
2 5
4 5
21 4
9 5
3 4
0 5
3 5
15 5
1 4
18 5
12 4
31 5
7 5
1 3
8 5
1 5
2 5
3 4
10 5
2 5
10 5
8 5
5 5
3 5
1 5
4 5
45 5
19 5
1 5
6 5
2 5
7 4
9 4
1 5
3 5
18 5
12 5
11 5
7 5
6 5
2 4
11 4
9 4
5 4
1 5
8 5
7 4
4 5
5 4
4 5
16 5
10 5
5 5
8 5
1 5
7 3
1 5
6 5
3 5
4 5
8 5
12 5
1 5
13 5
12 5
2 5
6 4
8 5
0 5
5 4
2 5
1 5
2 4
4 5
2 5
7 5
5 5
10 4
5 5
19 5
1 5
8 5
0 4
12 4
4 5
4 4
4 5
19 5
4 4
4 4
7 4
10 5
17 3
15 5
6 5
18 5
5 5
10 5
13 5
2 5
34 4
27 5
5 5
4 5
1 4
5 5
7 4
4 5
7 5
3 5
1 4
14 5
3 5
22 5
6 4
14 5
17 5
4 5
16 5
2 5
7 5
3 5
12 5
7 5
5 5
31 4
5 4
26 5
3 5
6 5
9 5
2 5
4 4
6 5
3 4
6 5
17 4
6 5
4 4
13 5
2 5
2 5
8 4
4 5
1 4
0 4
10 5
9 5
5 5
14 3
2 5
6 5
3 3
3 4
5 4
13 5
10 5
2 4
6 5
8 4
3 5
11 5
3 5
6 5
16 5
3 5
15 5
6 5
14 4
3 5
4 5
4 5
2 5
8 5
6 5
3 4
2 5
8 5
3 5
9 4
15 5
12 5
11 5
4 5
16 5
5 4
3 5
5 5
1 4
5 4
9 5
8 4
1 5
14 5
8 4
11 5
15 4
19 5
1 5
10 4
5 5
8 5
29 4
4 5
8 4
1 4
0 5
6 4
10 4
10 5
7 4
3 5
25 4
7 5
7 4
12 5
2 4
3 5
3 4
5 4
13 5
1 5
17 4
13 4
24 5
4 5
9 4
12 5
8 5
1 4
28 5
21 4
18 4
7 5
3 5
3 4
4 4
2 4
0 4
5 5
1 4
29 5
53 4
4 5
1 4
7 4
210 5
1 4
10 5
0 4
5 5
9 3
5 5
1 5
5 5
3 4
3 4
1 5
18 4
3 4
3 4
4 5
7 5
2 5
7 5
10 4
62 4
14 5
11 4
8 4
95 4
1 4
2 4
0 4
3 5
5 4
35 4
4 5
10 5
3 4
3 4
1 5
7 4
5 4
11 4
1 4
2 4
1 5
4 5
6 4
4 5
5 4
8 5
8 5
2 4
13 5
2 4
3 4
3 4
66 4
2 5
7 4
11 4
11 5
0 4
2 5
7 4
18 4
4 4
10 4
10 4
8 4
1 4
15 5
2 5
4 4
3 5
3 5
1 4
11 4
0 4
6 4
6 5
13 4
2 4
5 4
1 4
13 5
7 5
20 5
37 5
8 5
5 5
6 4
5 5
5 5
3 5
6 5
12 5
7 5
0 5
3 5
1 4
18 5
3 5
23 5
2 5
12 5
1 5
10 5
9 5
2 5
2 5
9 5
5 4
10 5
7 5
72 3
14 5
5 4
5 4
4 4
4 5
0 5
0 4
5 5
11 5
2 5
2 4
10 5
80 5
11 5
13 5
4 5
84 4
8 5
5 5
3 5
3 5
8 4
5 5
7 5
14 5
21 5
80 5
12 5
16 5
35 5
11 5
5 4
5 5
8 5
18 5
4 4
3 5
10 5
10 5
4 5
4 5
7 4
13 5
8 5
4 5
9 5
15 4
8 4
1 5
4 4
9 4
37 5
2 5
1 5
10 5
14 5
6 5
6 5
4 5
1 4
13 5
3 5
14 5
3 5
5 5
2 5
14 5
2 5
8 4
7 5
15 5
7 5
16 5
9 5
5 5
10 5
3 5
8 5
4 5
31 5
3 5
9 5
8 5
4 5
2 5
6 5
7 5
0 5
86 5
2 5
2 4
13 4
4 5
21 3
13 5
9 3
0 4
5 5
6 4
48 5
3 5
12 4
3 5
7 5
13 5
6 4
5 3
2 3
7 5
2 4
7 5
4 5
2 5
5 4
1 4
14 5
9 5
20 5
3 4
4 4
4 5
3 5
18 5
2 5
5 4
1 5
4 5
14 5
4 5
4 5
18 4
4 4
4 5
5 5
0 4
2 3
5 4
5 5
11 5
13 4
9 4
16 4
3 4
0 4
17 4
2 5
3 4
3 3
11 4
17 5
8 5
5 4
2 4
2 4
46 5
12 5
7 4
2 5
0 5
3 4
38 5
18 4
15 5
11 4
4 5
20 4
2 4
4 4
2 5
2 4
6 4
18 5
34 4
43 5
5 4
7 4
3 4
3 5
2 4
5 5
2 5
1 4
2 5
6 5
1 4
1 4
1 5
26 4
4 4
1 5
7 5
15 4
4 5
1 4
21 4
13 4
5 4
2 3
12 5
3 4
2 5
9 5
5 4
5 5
10 4
40 4
1 5
3 4
10 5
15 5
4 5
2 4
4 4
10 4
55 4
1 5
50 5
0 4
15 5
10 4
5 5
2 5
1 4
2 4
9 4
2 5
18 5
1 5
6 5
3 5
6 5
32 5
2 5
2 5
9 3
2 5
13 5
5 4
2 4
3 4
7 4
3 4
1 5
4 5
22 4
26 5
3 5
43 5
9 4
11 3
12 5
12 4
7 5
7 4
5 5
4 5
7 5
3 4
1 4
5 4
2 5
30 5
13 4
12 4
4 4
0 4
18 4
19 4
13 5
6 4
0 5
3 5
3 3
13 4
3 5
4 3
15 4
9 5
8 4
20 5
2 4
11 3
2 5
2 4
15 5
3 5
21 4
3 4
3 5
4 5
4 4
15 5
4 4
3 5
0 4
176 4
16 4
4 4
6 4
4 5
3 5
1 4
2 4
39 5
43 4
4 4
3 4
2 4
4 5
6 4
7 5
15 4
10 5
1 3
5 4
6 5
1 4
0 4
3 5
1 4
3 4
16 5
6 4
3 5
2 4
1 4
3 4
5 5
5 4
70 5
20 4
18 4
4 4
0 5
3 5
5 5
9 5
2 4
5 5
13 5
18 3
0 5
0 3
6 4
5 5
2 4
10 4
29 5
3 4
2 4
8 5
2 5
4 5
1 4
7 4
0 4
10 4
4 4
3 4
0 4
0 4
2 4
14 4
1 4
6 4
1 4
3 4
6 4
52 4
1 4
5 5
10 5
12 5
18 4
3 4
10 4
8 4
3 4
2 3
5 5
3 5
1 5
4 5
5 4
1 4
6 4
2 4
19 5
2 4
13 4
22 5
2 4
1 4
3 5
13 5
1 4
25 4
2 4
0 5
5 4
2 4
30 4
47 4
1 4
26 5
6 4
8 4
0 4
27 4
4 5
6 5
0 4
50 5
2 4
3 5
26 5
6 5
6 4
1 4
1 4
6 4
13 4
10 5
5 4
8 5
1 4
2 5
23 3
5 4
12 5
8 4
5 3
13 5
21 4
5 5
34 5
28 5
6 4
4 5
12 4
9 5
26 4
9 4
11 4
6 4
3 4
15 5
7 4
5 4
13 5
1 5
8 4
5 4
9 5
5 5
6 5
7 3
4 5
5 4
5 4
6 5
7 5
1 3
101 4
5 4
4 5
1 5
3 4
20 5
13 5
7 4
56 4
1 4
10 4
11 4
5 5
29 5
11 4
29 4
44 5
9 5
9 5
2 4
17 5
169 5
10 4
5 5
4 4
0 4
6 5
0 4
4 5
5 3
8 5
0 4
4 4
13 5
2 4
0 5
5 4
7 5
1 4
3 5
3 4
2 5
152 5
45 4
5 5
3 5
3 4
2 5
1 5
5 5
11 4
2 5
0 5
1 5
2 4
3 4
7 5
3 4
11 5
2 5
8 5
3 5
8 4
24 3
0 4
47 4
1 5
17 3
16 4
0 5
5 4
11 2
9 3
3 4
3 4
1 4
3 5
2 4
15 4
3 4
14 4
4 4
2 4
2 5
2 5
3 3
10 4
7 4
6 4
5 5
18 4
35 5
5 5
3 4
4 4
7 5
1 4
1 4
12 4
3 4
2 5
5 2
50 5
12 4
56 5
1 4
3 5
13 5
47 5
0 5
1 4
5 3
3 3
26 5
2 5
6 4
41 5
1 5
4 4
6 4
2 5
4 5
21 5
14 5
5 5
6 4
8 4
16 5
1 5
8 5
1 5
3 5
2 3
2 5
7 5
28 5
98 5
3 4
13 5
2 5
2 4
4 5
7 4
0 4
2 4
5 4
7 5
23 5
13 5
10 4
4 5
0 5
2 3
9 4
1 4
7 4
1 4
17 4
5 4
2 5
2 5
4 5
14 5
5 4
15 5
13 4
40 5
19 4
12 5
7 5
10 4
26 3
2 4
5 5
6 4
5 5
1 5
12 5
40 5
5 4
13 4
5 4
2 4
2 4
5 4
12 4
9 5
11 5
0 4
14 5
9 3
6 5
10 5
15 5
46 5
1 4
3 5
16 4
3 5
0 4
6 4
6 5
20 4
7 4
10 5
3 4
3 4
5 4
13 5
2 5
175 5
44 3
22 4
4 5
71 5
23 4
17 4
5 5
6 4
0 4
5 5
9 5
4 5
39 5
20 5
1 4
34 5
6 4
12 5
4 4
19 4
14 5
26 5
252 4
3 4
6 3
10 5
16 3
39 4
17 4
9 4
36 1
0 4
2 5
68 2
21 5
66 5
13 4
2 4
5 5
8 3
7 4
6 4
2 5
9 3
13 4
30 4
16 4
2 5
11 3
51 4
5 4
1 4
11 4
2 5
8 4
2 5
5 3
0 5
4 4
7 4
3 5
8 4
13 3
11 4
5 4
8 5
22 4
14 3
10 5
9 3
6 4
7 4
3 4
3 5
10 4
2 5
7 5
1 2
2 4
14 4
1 5
6 5
5 3
2 5
6 5
8 3
1 4
32 2
4 5
10 4
1 5
11 5
2 4
5 4
3 3
14 5
42 4
1 4
23 4
10 5
13 4
3 4
4 5
0 4
7 4
1 3
20 4
4 4
9 4
9 3
7 4
9 4
9 4
29 2
15 4
13 4
6 4
66 3
10 5
15 4
25 5
1 5
5 5
4 3
17 5
9 2
2 4
4 4
0 5
17 4
4 5
2 5
12 5
1 4
11 4
1 2
23 4
26 3
8 4
28 4
2 3
9 5
2 4
3 5
11 3
5 4
4 2
45 4
3 3
5 5
10 5
7 4
37 5
18 4
9 5
8 5
9 5
9 5
9 4
7 5
2 5
10 5
19 4
8 3
2 5
22 5
8 5
5 5
15 5
16 4
8 5
6 4
5 5
10 5
2 5
4 1
4 4
107 4
3 5
3 5
1 5
27 5
2 3
32 5
13 5
1 4
3 5
27 5
23 5
16 5
