2 5
0 4
6 5
11 5
24 4
1 2
1 4
0 4
35 5
12 4
6 4
14 4
2 4
3 4
1 3
1 4
5 4
1 4
3 4
6 4
12 4
1 4
5 4
2 4
3 4
1 4
4 4
8 4
0 4
2 4
10 4
1 4
8 5
8 4
13 5
8 4
9 1
2 4
1 4
4 4
1 4
4 4
0 4
7 5
2 4
5 4
8 5
3 4
17 4
1 4
4 4
12 4
6 4
15 4
0 4
4 4
4 4
6 4
3 4
10 4
6 2
1 4
2 4
1 4
2 4
0 4
2 4
0 4
4 4
8 5
19 5
14 3
1 4
1 4
3 4
4 4
1 4
1 4
0 4
0 3
6 4
2 4
0 4
3 4
14 5
4 4
0 4
0 4
2 4
11 5
3 4
0 4
5 4
3 4
1 3
16 4
0 4
1 4
1 4
6 4
4 4
2 4
12 4
2 4
24 5
0 2
0 4
13 4
0 4
21 4
6 4
0 4
5 4
2 4
5 5
0 3
3 4
2 4
1 4
0 4
0 4
20 4
11 4
5 5
22 4
14 4
5 4
20 4
2 5
1 4
1 4
6 4
2 4
4 4
0 4
1 4
9 5
0 5
3 4
1 4
0 4
1 4
1 4
5 5
11 4
10 5
0 5
2 4
3 4
7 4
10 4
2 4
2 4
15 4
2 4
0 4
5 4
0 4
1 4
1 4
0 4
0 4
4 3
1 4
31 4
6 4
14 1
1 4
3 4
1 4
1 5
0 4
2 4
7 5
31 4
1 2
3 4
9 4
2 2
21 4
3 4
0 3
5 4
6 4
9 4
4 4
10 4
3 2
0 4
5 4
3 4
0 4
2 4
0 4
4 4
0 4
11 4
3 4
8 4
4 4
0 4
1 4
4 4
2 5
0 4
1 4
5 4
4 5
3 4
1 4
11 5
12 4
5 4
3 4
5 5
3 4
4 4
2 4
0 4
1 4
2 4
56 5
7 4
16 5
44 5
4 4
3 4
21 4
1 4
8 5
9 4
15 4
18 5
5 4
2 4
0 4
0 3
0 4
1 4
2 4
33 5
12 5
1 4
1 4
4 4
13 5
6 4
2 3
8 4
1 4
4 4
11 4
7 4
20 4
1 4
2 4
4 4
3 4
1 4
1 3
5 4
0 4
4 5
2 4
30 5
4 4
0 4
6 4
5 4
5 4
3 4
1 4
3 5
9 4
6 4
8 4
1 4
1 4
1 4
13 4
2 4
8 4
10 3
5 4
2 4
3 4
1 4
3 4
6 4
10 4
11 4
2 4
2 4
3 4
10 4
3 5
4 4
1 4
5 5
12 4
11 4
26 4
3 4
23 4
6 5
3 4
3 5
11 4
6 4
68 4
22 4
3 4
2 4
12 5
2 4
7 4
1 4
1 5
39 4
3 4
2 4
1 4
1 4
6 4
5 4
1 4
3 4
10 4
2 4
2 4
0 4
12 4
17 4
0 4
4 4
4 3
2 4
9 4
0 4
0 4
1 4
0 3
3 5
4 4
1 4
2 4
21 4
12 4
20 4
4 4
7 4
13 4
4 4
7 4
9 5
2 4
8 4
6 4
0 4
7 5
7 4
4 5
14 4
4 4
4 4
2 4
3 4
30 4
7 4
0 4
7 4
9 4
6 3
2 4
3 4
7 4
1 3
1 4
2 4
11 4
11 4
7 4
7 4
0 4
4 4
6 4
2 4
9 4
0 3
5 4
7 4
0 4
12 5
4 4
2 4
5 4
7 4
5 4
9 3
4 4
7 4
3 4
3 4
7 4
14 4
3 4
9 4
1 4
2 4
5 4
2 3
4 4
5 4
7 4
7 4
14 5
8 4
1 5
17 4
60 4
6 4
4 4
22 4
3 4
11 4
7 4
12 5
1 4
3 4
3 4
11 4
6 4
5 4
3 4
8 4
8 4
5 4
0 3
16 4
2 4
5 4
3 4
7 4
15 4
1 4
6 4
6 4
0 4
18 4
1 4
5 4
2 4
9 4
4 4
3 4
1 2
20 4
0 4
1 4
1 4
1 4
17 4
13 4
2 5
10 4
18 4
2 4
0 3
9 4
12 4
4 4
2 4
2 4
5 4
6 4
3 4
4 5
9 4
2 4
0 4
14 4
2 4
5 4
6 4
1 4
4 4
0 4
2 4
9 4
3 4
0 4
2 4
9 4
5 4
1 4
5 4
11 5
36 4
1 2
6 4
9 4
3 4
7 4
5 5
4 4
23 4
23 4
0 3
4 4
2 4
2 4
1 4
53 4
2 4
9 4
0 4
4 5
2 4
13 4
1 4
7 4
11 4
1 4
0 4
18 4
2 4
8 4
17 4
5 4
4 4
4 4
0 4
0 4
2 3
4 4
11 4
2 3
6 4
7 4
1 4
4 4
79 4
2 4
9 4
0 3
3 4
3 4
9 4
0 4
2 4
1 4
0 4
4 4
8 4
0 4
6 4
3 3
10 4
2 4
2 4
10 4
15 4
5 4
7 4
2 4
16 4
95 4
7 4
3 5
2 4
17 4
4 5
6 4
13 4
30 4
17 4
0 4
5 4
0 4
8 4
8 5
4 4
5 4
0 4
5 4
9 4
14 3
0 4
0 4
0 4
1 4
12 4
6 4
6 4
1 4
8 4
16 4
14 4
7 5
4 4
4 4
0 4
4 4
0 4
9 4
3 4
5 4
0 4
11 4
0 4
9 4
0 4
6 4
1 2
0 4
28 4
0 4
0 4
10 4
11 4
2 5
2 4
0 4
4 4
9 4
1 4
10 4
5 4
5 4
11 4
4 5
0 4
8 4
2 4
1 4
14 4
0 4
10 4
10 5
7 3
28 5
16 3
0 4
7 4
7 4
12 4
8 4
78 5
13 4
4 4
6 4
8 5
7 4
3 5
3 4
3 4
1 4
3 4
8 3
5 4
7 4
5 4
11 5
8 4
22 4
8 5
6 4
7 4
106 4
3 4
5 4
10 4
14 4
3 4
5 4
77 4
4 4
6 4
31 4
9 4
10 4
15 5
7 4
4 4
2 5
8 1
8 4
7 4
0 4
8 4
8 4
13 4
2 4
6 4
6 4
5 4
5 4
1 4
9 4
1 4
17 4
1 4
2 4
0 4
13 4
0 4
8 4
6 4
0 3
0 4
27 4
30 5
6 5
5 4
7 4
2 4
5 4
9 4
0 4
0 4
10 3
3 4
2 4
12 4
8 4
9 4
5 4
0 4
4 4
8 4
1 4
0 4
5 4
0 4
9 4
0 1
4 4
6 4
7 4
0 4
1 4
0 4
6 4
10 4
0 3
19 4
13 4
11 4
12 4
5 1
11 4
9 4
5 4
4 4
16 5
7 4
1 4
10 4
0 4
0 4
1 4
2 4
1 4
0 4
6 4
6 4
9 4
4 4
45 4
10 3
2 4
0 3
0 4
5 4
0 4
12 5
7 4
9 4
0 4
15 4
0 4
32 4
9 4
0 4
15 5
10 4
12 4
11 4
1 4
4 4
4 4
2 3
1 4
13 5
0 4
2 4
3 4
7 4
2 4
0 4
1 3
0 4
0 4
0 3
2 4
0 4
3 4
5 4
1 4
5 4
0 4
12 4
3 4
31 4
4 4
2 4
6 4
30 4
5 4
0 4
0 4
2 4
0 4
0 4
0 4
0 4
0 4
0 3
0 4
1 4
4 4
0 4
3 4
0 4
8 4
2 4
1 4
22 5
8 4
2 4
1 4
5 4
2 4
9 4
1 4
3 4
0 4
1 4
11 4
30 4
6 4
9 4
0 4
26 4
0 4
0 4
1 4
0 4
16 4
23 4
1 4
12 4
0 4
1 4
1 4
8 4
20 4
0 4
12 4
11 4
1 4
6 4
14 4
0 4
3 4
1 4
0 4
6 4
2 4
23 4
0 4
6 4
15 5
10 4
6 4
10 4
0 4
0 4
3 4
15 4
14 4
0 4
1 4
2 4
0 4
6 4
2 4
3 4
0 4
4 4
31 4
0 4
1 4
0 4
0 4
0 4
2 4
2 4
3 4
4 4
1 4
8 4
0 4
1 4
4 4
0 4
4 4
1 4
0 4
8 4
0 4
6 5
2 4
0 4
1 3
0 4
3 4
0 4
2 4
1 4
1 4
0 4
1 4
0 4
9 5
4 4
29 4
1 4
8 4
2 4
1 4
2 4
0 4
6 4
0 4
4 4
6 4
3 4
5 4
25 4
4 4
3 4
6 4
1 4
1 4
4 4
8 4
3 4
0 4
5 4
1 3
1 4
2 4
6 4
0 4
3 4
3 4
4 4
4 4
7 4
3 4
10 4
1 4
3 4
1 4
0 4
3 4
8 4
3 5
6 4
0 4
13 4
0 4
0 4
1 4
6 5
5 4
0 4
0 4
4 4
14 4
1 4
1 4
3 4
3 4
0 4
26 4
0 4
1 4
9 4
4 4
1 5
3 4
18 5
7 4
2 4
15 4
3 4
3 4
1 4
10 4
1 4
3 4
0 4
2 4
3 4
3 4
2 4
0 4
0 3
2 4
0 4
8 4
12 4
1 4
1 4
11 4
8 4
0 4
1 3
2 4
0 3
6 4
4 4
1 4
34 4
10 4
17 4
0 3
10 4
0 4
0 4
0 4
3 4
4 4
0 4
53 4
8 4
4 4
7 4
10 5
8 4
0 4
19 4
5 4
3 4
5 4
7 4
6 3
10 5
2 4
0 3
14 4
6 4
2 4
14 4
4 4
3 4
1 4
2 3
1 4
4 4
9 4
9 2
6 4
0 4
7 4
0 4
2 2
1 4
5 4
5 4
0 4
0 4
5 4
6 4
24 4
11 4
5 4
5 4
3 4
6 4
17 4
0 4
8 4
6 4
4 4
9 5
16 5
10 4
14 4
1 4
122 4
8 4
23 4
4 4
6 4
11 4
17 4
6 4
18 4
3 4
0 4
7 4
0 5
15 4
3 4
7 4
7 4
9 4
3 4
0 4
1 4
0 4
6 4
9 5
11 4
3 4
3 4
13 4
14 4
33 4
12 4
12 4
0 3
12 4
5 4
5 4
4 4
5 4
5 5
7 3
6 4
2 4
6 4
5 4
0 4
3 4
8 4
3 4
8 4
5 4
5 4
5 5
5 4
30 5
6 4
12 5
10 2
6 4
4 4
7 4
3 4
5 4
4 4
10 5
18 5
4 4
4 4
4 4
5 4
3 3
4 3
0 3
5 4
19 4
22 5
1 5
5 4
36 5
1 4
9 4
2 4
5 4
3 4
1 4
17 5
0 4
0 4
15 5
1 4
3 4
3 4
11 5
9 4
9 4
5 4
8 4
2 4
15 4
0 4
2 4
10 4
7 4
5 4
2 4
13 5
2 4
12 4
4 3
16 4
3 4
10 5
3 4
2 4
5 5
2 4
8 5
1 3
8 4
14 5
17 5
30 4
2 4
8 4
8 4
0 4
1 5
6 4
2 4
15 5
6 4
2 3
2 4
7 4
30 5
16 4
9 4
4 4
6 4
7 5
6 4
1 4
7 4
5 4
7 4
6 4
4 4
110 4
2 4
1 4
3 4
12 4
20 5
29 5
12 5
1 4
3 4
0 4
22 5
6 5
4 4
17 5
2 4
2 4
9 4
5 4
26 4
5 5
2 4
0 4
4 5
3 5
0 4
11 4
1 4
24 5
0 4
3 4
3 4
12 5
8 4
4 4
11 4
6 3
3 4
10 4
3 4
6 5
7 4
7 4
27 5
5 5
5 4
0 4
7 5
7 4
8 5
0 4
8 4
49 5
13 5
7 5
9 5
15 4
3 4
0 4
0 2
3 5
4 4
32 5
14 5
12 5
6 3
17 5
18 4
17 5
17 5
18 5
18 4
6 5
8 5
14 5
7 5
8 5
0 3
71 4
34 4
9 5
9 1
7 2
34 5
9 4
6 4
14 5
12 5
