1 4
2 4
0 4
2 4
0 4
0 4
6 4
15 5
7 4
0 3
3 4
0 3
41 4
0 4
7 4
4 4
4 4
0 3
11 1
14 4
4 4
1 4
1 4
21 4
3 4
6 4
5 4
3 3
5 4
5 4
7 2
6 4
2 4
4 5
1 5
2 4
3 4
3 2
8 5
4 4
3 4
2 2
4 2
7 3
4 4
0 4
25 3
0 4
9 2
1 2
2 1
23 4
16 4
6 4
4 4
9 4
1 5
10 5
0 3
4 4
4 4
68 4
7 5
6 4
9 4
6 3
2 1
8 1
7 4
2 4
0 4
0 5
1 5
25 4
3 4
2 4
12 2
2 3
1 4
0 4
3 3
45 5
8 4
10 5
1 4
3 4
9 2
0 4
9 4
3 4
1 4
45 3
40 4
23 3
0 5
4 4
0 4
0 4
3 4
1 4
4 2
12 4
4 4
2 4
16 4
2 4
2 4
4 4
5 4
0 3
42 2
2 3
1 2
1 3
9 4
0 1
3 5
3 3
1 4
5 5
17 5
3 3
9 4
3 3
1 3
3 3
13 4
6 3
0 4
8 4
0 4
0 2
2 3
5 4
7 4
6 4
4 3
8 3
9 2
3 1
5 4
12 4
7 4
10 4
5 2
4 3
12 3
25 4
3 3
1 4
2 1
10 4
2 1
1 4
13 4
5 1
4 4
1 4
37 5
3 5
7 5
20 5
4 3
0 4
3 4
1 4
2 4
3 4
1 2
7 4
3 3
0 4
3 4
0 3
0 2
0 3
2 4
0 5
1 4
1 4
11 4
5 5
5 4
0 4
5 4
0 4
8 4
0 4
4 4
1 4
4 4
2 4
24 4
4 4
29 4
6 3
5 5
1 4
0 5
4 4
0 4
1 4
0 4
0 5
5 4
5 4
1 4
2 3
4 4
9 5
24 5
1 4
10 4
7 2
1 4
1 4
2 4
3 4
1 4
4 4
2 4
2 2
2 4
2 2
2 4
1 3
0 4
1 2
10 4
6 5
15 2
4 4
0 4
6 4
11 4
4 4
1 3
4 4
0 4
2 5
0 2
3 4
1 3
2 3
4 3
7 3
1 4
3 4
1 4
1 3
2 4
2 4
0 5
7 4
1 4
8 5
1 4
0 3
6 5
1 4
2 4
1 3
1 4
14 4
1 4
4 4
2 4
7 4
3 4
1 5
0 2
13 5
1 4
2 4
0 4
0 4
0 3
5 4
4 3
1 2
2 4
1 4
4 4
10 5
5 4
1 4
8 5
0 4
10 4
0 4
4 4
0 2
0 4
4 4
6 4
5 4
26 4
1 3
1 4
7 2
2 4
3 4
1 4
1 4
3 4
0 4
1 4
0 4
4 5
2 4
1 5
0 5
3 3
0 5
0 3
4 5
0 4
14 5
2 3
12 4
0 3
5 4
11 4
9 4
16 5
3 3
5 5
4 4
3 4
4 4
3 4
2 4
2 4
4 4
2 4
0 4
5 4
23 4
3 4
9 4
22 3
1 4
12 4
5 4
9 1
4 4
3 3
6 4
5 3
1 4
0 4
8 3
4 4
0 4
5 4
0 5
0 4
99 4
6 3
2 3
1 3
7 3
1 4
20 5
17 4
2 4
19 5
33 4
4 4
6 5
3 4
3 4
3 2
5 4
5 4
1 5
3 4
2 5
3 4
25 5
1 4
4 4
2 4
0 5
0 4
60 5
6 4
1 4
5 5
3 4
44 5
4 4
7 4
9 4
4 5
14 4
6 4
15 4
34 5
34 5
1 4
8 4
9 4
1 4
1 1
5 4
2 4
11 5
3 4
4 4
5 4
0 4
6 5
56 5
5 3
3 2
15 5
9 3
4 4
16 5
2 4
13 4
3 4
6 5
0 4
9 5
7 5
1 4
3 4
3 4
6 4
6 5
4 5
4 5
3 5
2 5
5 5
13 5
9 4
22 5
12 5
14 1
1 4
3 5
11 5
3 4
12 5
5 5
9 5
5 3
4 5
8 5
4 5
0 4
28 1
2 4
3 5
7 2
1 5
15 4
1 4
1 4
3 3
3 3
2 4
11 4
6 4
8 4
17 4
2 5
4 4
2 5
4 4
0 4
21 5
8 5
106 5
2 2
5 2
1 2
0 4
5 5
1 5
3 4
3 5
1 4
0 5
3 4
0 4
12 5
3 4
3 4
7 5
4 4
1 4
3 5
7 5
12 5
20 5
2 4
3 4
1 4
0 4
2 4
4 5
31 3
1 4
6 3
4 3
1 4
5 4
7 4
1 5
12 5
0 3
5 5
3 4
3 4
2 5
4 4
4 4
5 3
2 4
11 4
2 3
7 4
5 3
0 4
1 4
1 2
0 3
5 3
0 5
0 5
8 3
6 4
11 5
5 4
1 3
4 3
3 3
2 5
4 5
14 4
2 4
7 3
6 2
6 4
20 4
3 4
5 5
25 5
5 2
5 4
0 2
5 4
7 4
4 4
3 5
3 5
5 5
1 3
0 4
0 5
2 5
16 4
5 5
5 5
4 2
10 5
20 4
4 4
2 4
3 4
0 5
13 5
6 4
20 4
4 4
3 4
18 4
1 4
4 3
8 3
0 3
6 5
1 1
15 4
