3 5
10 5
165 4
30 5
29 5
3 4
10 3
7 5
133 5
9 5
5 5
26 5
0 4
29 5
13 4
0 5
49 4
7 4
1 4
6 5
27 4
9 5
0 4
85 5
31 4
30 5
71 5
42 5
24 5
5 5
4 4
5 5
55 5
470 5
35 5
5 4
1 4
0 4
24 5
45 4
27 5
18 3
66 5
0 3
14 3
5 5
42 4
89 4
50 5
5 5
14 5
18 4
40 5
14 5
39 5
53 5
11 5
44 5
9 4
11 4
7 5
8 5
10 5
128 4
7 4
17 4
17 5
15 4
115 5
111 5
23 4
18 5
8 5
58 5
13 5
17 4
13 5
17 5
12 5
69 5
45 4
20 5
0 5
12 5
41 4
35 5
20 5
2 4
7 5
6 5
11 4
22 5
32 4
201 5
17 5
14 5
51 5
23 5
19 5
2 5
28 4
136 5
4 5
73 5
6 4
35 5
48 4
149 5
25 5
14 4
5 5
48 5
7 4
43 5
7 5
55 5
2 5
0 5
21 5
86 5
15 5
1 5
46 5
73 4
8 5
33 5
438 5
150 5
8 5
3 5
31 4
19 5
17 4
132 5
30 4
20 4
426 5
31 4
18 5
6 5
14 5
208 5
3 5
8 5
16 5
29 5
21 5
16 5
114 5
14 5
49 5
8 5
55 4
36 5
2 4
5 5
43 5
79 5
33 5
2 4
23 5
51 5
49 4
10 5
274 5
41 5
7 4
12 4
15 5
9 5
7 5
6 5
440 4
104 5
159 5
57 5
8 5
18 5
7 5
11 4
9 5
41 5
37 4
87 5
14 4
23 4
8 5
46 5
16 5
38 4
13 3
35 5
9 4
10 4
12 5
13 5
32 5
33 5
20 4
211 5
94 4
45 3
45 5
15 5
69 5
20 4
128 5
66 5
84 5
9 3
6 5
8 3
51 5
12 4
110 5
41 5
101 5
16 4
53 4
38 4
6 4
38 5
208 4
25 5
15 5
12 5
13 5
365 4
9 4
20 4
9 5
34 4
10 5
8 5
39 4
21 5
63 5
13 5
24 5
42 5
59 4
50 5
45 5
49 5
52 5
51 4
15 4
20 5
8 4
197 5
50 5
45 5
23 5
41 5
63 4
42 5
24 3
81 5
64 5
3 4
33 4
27 4
55 5
24 5
19 5
33 5
12 3
26 5
93 5
119 5
1084 5
110 5
311 5
6 5
8 5
16 5
5 4
10 4
22 4
12 5
19 4
67 5
84 4
9 4
31 5
57 4
30 4
57 5
41 5
16 5
15 4
16 5
73 5
40 5
13 5
262 5
39 3
388 5
225 5
43 5
7 4
29 4
239 5
50 4
29 4
7 3
264 4
60 5
450 5
60 5
70 5
104 5
26 3
85 4
10 5
29 5
1 5
17 5
269 4
699 5
34 5
26 5
21 5
17 5
32 5
355 5
18 4
79 5
35 5
69 5
82 5
5 4
9 4
69 5
528 5
53 5
22 5
56 5
44 5
6 5
24 5
15 5
12 5
32 5
27 5
148 5
0 4
16 4
86 5
6 4
319 5
31 5
3 3
235 5
27 5
23 5
45 3
39 5
19 4
8 5
33 5
46 5
79 5
25 5
27 5
46 5
34 5
284 5
28 4
35 5
5 5
8 5
25 5
20 5
20 5
260 5
16 4
36 4
190 5
85 5
47 2
37 5
13 3
76 5
11 5
79 5
1 3
29 5
4 3
11 5
41 4
29 5
53 5
220 5
50 5
17 4
11 3
32 5
20 5
41 5
51 5
71 5
125 5
210 5
18 5
22 5
18 4
42 5
41 4
12 5
12 5
54 5
121 4
8 5
13 5
14 2
26 5
67 4
14 5
22 5
246 5
7 4
32 4
97 5
170 5
28 5
359 5
248 5
116 5
216 5
12 5
32 5
19 4
74 1
72 1
175 1
28 4
33 4
145 5
63 5
14 3
105 5
65 5
30 5
21 5
8 4
487 5
603 5
57 5
17 5
154 5
30 4
22 5
16 5
97 5
28 5
21 4
10 5
17 4
6 3
36 5
47 5
7 5
96 5
10 5
6 5
4 5
36 5
99 5
99 5
16 5
36 5
47 5
17 4
31 4
38 5
48 5
41 4
12 5
27 5
10 3
18 5
59 4
58 5
1 4
12 3
15 4
107 5
672 5
3 3
69 4
1 5
59 5
51 5
13 5
175 5
13 4
12 5
284 5
7 4
65 5
52 4
61 4
36 5
48 5
32 5
5 4
31 5
8 5
3 5
16 5
32 4
43 4
19 5
8 4
1 4
13 5
42 5
114 5
22 5
12 4
15 5
13 5
16 5
4 4
22 5
110 5
16 5
165 4
24 4
29 5
24 3
31 5
13 2
19 4
11 5
57 5
35 4
9 5
19 4
83 5
61 4
13 5
82 5
66 4
39 4
16 5
40 5
37 5
43 3
23 5
100 5
28 5
30 5
4 5
117 5
26 4
4 4
30 5
24 5
10 4
144 5
29 5
22 4
2 4
10 4
96 5
125 4
42 5
9 5
24 5
34 5
28 5
20 5
42 3
77 5
17 5
19 5
37 5
53 5
67 5
199 5
124 5
12 4
15 5
51 5
50 5
43 5
284 5
7 5
26 5
37 5
23 5
54 5
209 5
21 5
24 5
16 5
137 4
5 4
6 4
119 5
17 4
117 5
77 5
28 5
5 5
4 3
17 5
17 5
38 5
11 5
92 5
47 5
6 4
16 5
5 2
45 4
9 3
36 4
42 5
128 4
145 2
287 1
495 5
