1 5
18 5
11 5
2 5
28 5
3 4
17 5
2 5
17 5
7 5
5 5
0 4
0 5
13 5
12 5
11 5
3 5
0 5
1 5
8 5
6 5
11 5
15 5
5 5
15 5
21 5
10 5
5 5
12 5
0 5
10 5
3 5
5 5
5 5
2 5
0 5
2 5
0 5
10 5
2 5
3 5
2 5
43 5
17 5
58 5
3 5
3 5
7 5
7 5
39 5
9 5
10 5
54 5
20 5
3 5
5 5
5 5
11 3
0 5
5 5
12 5
4 5
10 5
8 5
9 5
4 5
15 5
3 5
14 5
9 5
1 5
9 5
22 5
1 5
5 5
11 4
5 5
10 4
10 5
27 5
124 5
75 4
12 5
6 4
1 5
3 5
3 5
11 5
27 5
5 5
11 5
14 5
4 5
15 5
4 5
2 5
3 5
20 5
7 5
13 5
15 5
28 5
42 5
46 5
17 5
2 5
4 5
14 5
2 5
8 5
5 5
3 5
5 5
1 5
10 5
18 5
11 5
62 5
13 5
2 5
1 5
6 5
13 5
7 4
10 5
4 4
12 5
23 5
5 5
12 5
5 4
6 4
0 5
5 4
40 5
1 5
3 4
5 5
0 4
3 5
53 5
5 5
38 5
51 5
2 5
41 5
5 5
65 5
10 4
3 5
5 5
3 5
4 5
19 4
4 5
17 5
0 5
23 5
3 4
6 5
2 5
60 5
2 5
28 5
3 5
8 5
13 5
27 5
19 5
2 5
2 5
36 5
6 5
2 5
5 5
11 5
3 5
10 5
0 5
1 5
4 5
20 5
7 5
5 5
7 5
4 4
5 5
0 5
3 5
7 5
5 5
42 5
6 5
4 5
44 5
1 5
7 4
35 4
32 5
12 5
8 5
9 4
11 4
11 5
14 5
47 5
3 5
7 5
42 5
30 5
6 5
12 5
3 5
12 5
8 5
44 5
5 5
7 5
8 5
7 5
6 5
10 5
21 5
3 5
7 5
87 5
44 5
4 5
2 5
7 5
12 5
29 5
5 5
20 5
17 5
6 5
40 5
3 5
3 4
12 4
1 5
1 5
2 5
0 5
4 5
24 5
0 5
4 5
6 5
7 4
18 5
73 5
25 4
4 5
65 4
3 5
1 5
1 5
4 5
43 4
49 5
10 5
23 5
47 5
15 5
30 5
252 5
4 5
12 5
25 5
8 5
33 5
20 5
17 5
15 5
1 5
20 5
1 5
2 5
42 5
6 5
5 5
2 5
13 5
0 4
45 5
43 5
18 5
4 5
4 5
59 5
11 5
8 5
8 5
13 5
1 5
0 5
2 5
0 5
5 5
6 5
6 5
9 5
17 5
15 5
5 5
12 5
78 5
22 5
14 5
32 5
16 5
6 5
2 5
4 5
2 4
6 5
49 5
10 5
22 5
24 5
17 5
6 5
0 5
39 5
31 5
11 5
21 5
1 5
0 5
7 5
11 5
29 5
15 4
13 5
8 5
10 5
7 5
1 5
21 5
49 5
35 5
92 5
88 5
60 5
75 5
70 5
4 5
10 5
20 5
37 5
5 5
3 5
6 5
13 5
1 5
59 5
13 5
23 5
66 5
32 5
38 5
27 5
3 5
1 5
57 5
52 5
28 5
18 5
61 5
2 5
30 5
17 5
3 5
16 5
8 5
133 5
12 5
20 5
11 5
12 5
14 5
26 5
2 4
4 4
3 5
11 5
9 5
308 4
21 5
46 5
4 5
13 5
28 5
90 5
9 5
2 5
14 5
29 5
13 5
8 5
11 5
28 5
14 2
41 5
3 5
49 5
10 5
14 5
18 5
7 4
1 5
4 5
21 5
67 5
8 5
4 5
36 5
6 5
20 5
15 4
6 5
1 5
4 5
34 5
1 4
4 4
0 5
3 5
39 5
14 5
20 5
7 5
22 4
3 5
29 5
6 5
46 5
13 5
19 5
4 5
3 5
0 5
11 5
4 5
12 5
2 5
4 5
71 5
3 5
72 4
3 5
4 5
13 5
4 5
45 5
0 5
4 5
39 5
39 5
74 5
17 5
1 4
5 5
5 4
13 4
0 5
2 4
30 5
2 5
3 5
7 5
101 5
5 4
4 5
6 5
20 5
21 4
28 4
4 5
1 5
160 5
14 4
16 5
22 5
4 5
10 5
20 5
23 5
15 5
3 5
6 5
13 5
16 5
11 5
27 5
11 5
27 4
2 4
64 5
13 5
43 5
57 5
31 5
24 5
3 5
4 5
35 5
1 5
17 5
78 5
95 5
52 5
7 5
2 5
6 5
5 5
13 5
1 5
4 5
13 5
4 5
1 4
32 5
14 5
45 5
9 5
13 5
16 5
7 4
18 4
10 5
39 5
5 5
8 4
9 5
13 5
2 5
7 5
12 5
2 5
8 4
9 3
1 4
10 4
6 4
9 5
7 5
8 5
8 4
7 5
17 5
31 5
10 5
0 4
10 4
6 5
16 5
36 5
2 5
20 4
36 4
11 5
103 5
5 5
154 4
48 5
19 5
24 4
4 5
12 5
5 4
5 5
29 5
17 4
79 5
69 5
11 4
19 5
3 4
14 5
4 4
13 5
1 4
37 5
8 5
7 5
59 5
2 5
44 5
14 5
87 5
90 5
6 5
8 4
0 5
5 5
1 4
46 5
21 5
13 5
6 5
19 5
3 4
0 5
21 4
0 4
3 4
15 5
13 5
1 4
3 4
12 5
7 4
14 5
21 5
19 4
42 5
6 4
11 5
3 4
6 5
12 5
7 5
20 5
72 5
31 5
13 4
19 5
12 5
6 5
9 5
6 4
15 5
22 5
4 5
1 5
21 4
15 5
16 4
15 4
25 5
1 5
27 4
3 5
9 5
44 5
8 5
8 4
50 5
1 4
17 5
66 4
151 5
58 5
104 5
10 5
5 5
35 5
22 5
31 5
7 4
10 3
6 5
25 4
19 5
38 5
13 5
9 4
1 4
12 4
26 5
10 4
39 5
11 4
12 5
74 4
8 5
27 5
501 4
15 5
8 4
0 5
0 5
5 5
8 5
10 5
10 5
18 5
18 5
21 5
13 5
34 5
25 5
24 5
7 5
4 4
12 5
6 5
12 5
20 5
23 5
0 5
19 5
4 5
24 5
3 5
27 5
18 4
13 4
16 5
5 5
4 5
8 5
42 5
10 5
8 5
21 5
45 5
4 5
25 5
23 4
9 5
19 5
37 5
73 5
9 5
18 4
15 5
6 4
7 5
50 5
46 5
6 5
44 5
12 5
7 5
4 5
6 5
0 5
23 5
36 5
12 5
9 4
27 5
26 5
90 5
8 4
20 5
6 4
7 4
7 4
57 5
4 5
0 4
8 5
79 5
3 5
53 5
15 5
2 4
18 5
1 4
38 5
32 5
7 5
10 5
21 5
13 5
11 5
8 5
1 5
36 5
12 5
29 5
7 5
5 5
4 5
6 5
50 5
27 5
2 4
21 5
9 5
7 5
36 5
35 5
37 5
32 5
2 5
2 5
5 5
13 5
18 5
47 4
11 5
48 4
0 4
1 5
29 5
1 5
11 5
4 4
10 4
86 5
15 5
6 5
15 5
12 5
20 5
3 4
4 5
36 4
26 5
3 5
20 5
6 5
25 5
22 5
6 5
25 5
50 5
4 4
4 4
20 5
193 5
7 5
83 4
7 5
36 4
23 5
23 5
22 5
43 5
13 5
4 5
34 5
14 4
4 5
0 4
3 5
13 5
16 5
22 5
8 4
10 5
1 5
26 5
0 5
5 5
6 5
8 4
60 5
8 5
6 5
5 5
16 4
7 5
24 5
33 5
14 4
14 5
13 5
26 5
44 3
8 4
26 4
14 5
9 5
15 4
11 5
1 5
10 5
10 4
104 5
5 4
13 5
2 5
19 5
18 5
12 5
5 4
33 5
9 5
14 5
12 5
7 4
13 5
7 5
26 5
4 4
35 5
30 5
8 5
10 5
8 5
64 5
4 5
12 5
4 5
69 5
44 5
42 5
27 5
13 5
3 4
43 5
91 5
9 5
1 5
10 4
13 5
72 5
1 5
3 4
4 5
21 5
224 5
5 5
35 4
21 5
18 5
74 5
13 5
14 5
48 5
108 5
10 5
9 5
3 5
8 5
24 5
10 5
4 4
24 5
0 5
83 5
19 5
11 5
7 5
23 5
6 5
7 5
3 5
0 5
3 5
2 5
2 5
5 5
140 5
2 5
0 5
34 5
25 5
26 5
20 5
3 5
7 5
6 4
4 5
26 5
8 5
8 5
12 5
15 5
12 5
84 5
21 5
10 5
15 5
80 5
4 5
8 5
7 5
17 5
45 5
29 5
11 5
9 5
47 5
20 5
55 5
31 5
25 5
6 5
26 5
14 4
28 5
8 5
6 5
32 5
1 5
31 5
8 4
12 5
4 5
6 5
12 4
83 5
11 4
3 4
5 5
6 4
7 5
4 5
13 5
17 4
17 4
19 4
2 5
11 5
6 5
3 5
2 5
7 5
8 5
4 5
16 5
13 5
36 5
8 5
12 5
36 5
175 5
2 4
3 5
6 5
9 5
57 5
1 5
26 5
0 5
23 5
3 5
9 5
8 5
45 5
1 4
51 5
7 5
9 5
3 4
3 5
13 5
4 5
5 5
1 4
26 5
10 5
75 5
8 5
74 5
3 5
38 5
3 4
19 5
2 5
2 5
11 5
5 5
16 5
13 5
16 5
11 5
1 5
2 5
4 5
28 4
17 5
18 5
7 5
52 5
1 5
25 4
24 5
13 4
29 5
7 5
41 5
3 5
97 5
0 5
2 5
0 5
20 5
4 5
5 5
11 5
22 5
12 4
4 4
82 5
52 5
105 5
6 5
4 4
10 5
12 5
34 5
10 5
4 2
17 5
305 5
6 5
23 5
28 5
0 5
28 5
13 5
1 5
70 4
23 5
11 4
28 5
7 5
20 5
53 5
3 5
12 5
13 5
49 5
127 5
16 5
98 5
128 5
2 5
58 5
111 5
6 5
2 5
27 5
47 5
13 5
20 5
27 5
54 4
24 5
76 5
34 5
50 5
5 5
18 4
5 5
171 5
21 5
5 5
38 5
13 5
11 5
2 5
11 5
16 5
29 5
250 5
33 5
2 5
7 5
7 4
3 5
8 5
11 5
15 5
8 5
17 5
82 5
18 5
36 5
17 5
15 5
1 5
8 5
2 5
14 5
12 4
44 4
4 5
11 5
25 5
12 5
4 4
60 5
7 4
18 5
13 5
81 5
4 5
12 5
39 5
10 5
9 5
27 5
40 5
5 5
33 5
16 5
60 4
13 5
8 5
18 5
71 5
14 5
79 5
3 5
39 5
1 5
39 5
4 4
19 5
9 5
2 5
206 5
36 5
18 4
7 4
12 5
25 5
0 5
93 5
3 5
19 5
6 5
2 5
24 5
1 5
35 5
45 5
73 5
50 5
5 5
166 4
25 5
1 4
24 4
23 5
21 5
22 5
10 3
4 5
4 3
40 5
42 5
37 5
50 5
23 5
11 5
6 5
9 4
20 4
37 5
22 5
10 5
1 5
23 5
37 5
36 5
45 5
14 5
2 4
17 5
5 5
27 5
286 5
2 5
3 5
21 5
63 4
30 5
25 5
7 5
7 5
1 5
8 5
145 5
10 5
101 4
22 5
29 5
9 4
4 5
12 5
13 5
29 5
56 5
5 3
33 5
7 5
102 5
30 5
11 4
3 5
18 4
2 5
8 5
166 5
0 5
34 5
17 4
6 5
9 5
10 5
13 5
17 5
14 5
160 5
9 5
12 5
26 5
16 5
16 5
134 5
23 5
174 5
9 5
5 5
8 5
9 5
15 5
89 5
14 4
5 5
3 4
4 5
14 5
9 5
2 5
19 5
7 5
13 5
21 5
3 5
7 5
5 5
38 5
48 5
18 5
31 5
9 5
2 5
15 5
0 5
7 5
2 5
9 4
52 5
13 5
10 5
53 5
11 5
24 5
18 5
56 5
2 5
39 5
0 5
20 5
59 5
9 5
21 5
16 5
27 5
403 5
18 5
6 4
14 5
15 5
7 5
3 5
22 3
6 5
3 5
1 4
28 5
10 5
7 5
4 4
19 5
112 5
5 4
3 4
12 4
14 4
1 5
6 5
13 5
10 4
12 5
3 4
25 5
18 5
23 5
27 5
26 5
37 4
14 5
8 5
4 5
6 5
14 5
7 5
7 5
1 5
4 5
2 5
7 5
9 5
6 5
25 5
3 5
4 5
19 5
15 5
16 5
4 5
28 5
9 5
16 5
