13 5
11 5
20 5
8 5
5 4
57 5
1 5
11 5
17 5
6 4
5 4
12 5
51 5
36 5
3 5
6 4
4 5
99 5
11 5
2 5
128 5
3 5
6 4
16 2
65 5
2 3
49 5
13 5
7 5
8 5
11 5
4 4
55 5
8 5
50 5
4 5
7 4
74 5
3 4
27 5
1 5
1 4
66 5
6 4
28 5
2 5
1 4
47 5
28 5
30 5
4 5
46 5
3 5
65 5
54 5
13 5
8 3
6 3
1 4
1 4
9 4
7 5
4 5
0 3
6 5
5 3
2 4
4 4
4 2
8 5
6 5
5 5
2 4
2 5
7 4
0 4
7 5
16 5
12 5
0 5
18 5
34 5
19 3
1 2
21 5
13 2
4 4
0 4
3 5
9 3
3 4
9 5
15 5
18 3
5 4
6 4
21 5
28 3
11 4
3 4
18 5
8 5
6 2
10 4
27 3
2 5
3 3
16 4
17 4
12 5
1 5
6 4
7 4
3 4
3 5
7 3
0 4
7 5
11 4
1 3
1 4
41 5
2 5
6 3
19 4
15 4
22 1
10 3
6 4
7 4
5 5
5 5
29 4
6 4
9 3
5 4
4 3
1 4
36 4
11 5
2 4
51 3
65 4
12 5
15 3
45 3
3 5
71 2
11 5
19 4
7 4
36 4
4 4
3 4
2 2
21 5
6 4
15 4
12 3
164 4
6 3
13 4
4 4
4 4
5 3
76 4
20 3
9 4
16 5
2 3
6 5
6 4
22 3
7 5
9 4
12 2
8 4
6 4
1 1
18 5
9 4
8 4
14 5
11 5
2 4
8 4
18 3
4 3
6 5
3 4
22 4
2 3
8 4
6 2
11 2
5 4
5 3
12 4
1 4
11 5
9 3
5 2
7 4
7 3
12 4
6 4
9 4
3 1
0 3
2 2
15 4
5 3
7 4
1 4
3 3
4 5
7 3
1 3
13 4
19 4
10 3
5 3
0 3
7 3
3 2
11 5
2 3
10 4
2 5
1 4
2 2
3 4
8 2
2 5
7 4
48 5
11 4
6 3
7 4
1 4
11 4
9 5
11 5
5 4
4 5
24 4
3 4
5 3
1 4
3 2
2 3
15 5
15 4
6 4
1 4
37 2
9 4
6 3
46 1
3 4
14 5
29 3
8 4
6 4
4 3
8 4
14 4
10 3
2 5
2 4
33 4
6 4
7 3
12 2
4 5
11 5
2 4
5 2
14 5
18 4
0 1
7 4
2 4
3 4
0 3
7 4
2 5
5 4
5 4
8 3
32 5
10 3
11 2
3 3
30 5
14 5
4 4
5 4
2 2
20 3
6 5
13 5
3 3
7 4
11 4
2 3
6 3
21 5
10 4
6 4
20 3
3 3
19 4
0 2
4 3
10 5
9 5
9 4
9 4
23 4
5 3
8 3
16 5
7 4
6 3
8 4
21 5
81 3
7 3
0 3
8 4
6 3
9 3
28 3
6 4
12 5
117 2
18 4
5 4
4 4
1 3
7 4
10 2
19 4
7 3
3 4
6 3
50 2
7 4
0 4
11 4
12 5
8 4
9 3
17 2
20 5
12 3
16 4
3 4
1 3
1 3
4 3
17 4
6 4
15 3
7 3
1 3
11 4
7 4
2 4
22 4
7 4
3 5
6 4
4 5
11 5
5 4
3 5
18 4
2 4
7 4
31 3
15 3
6 5
18 5
5 3
1 5
1 3
4 5
12 3
9 5
13 3
4 4
10 5
6 3
5 4
5 2
13 2
13 4
3 5
2 2
4 4
11 3
3 3
7 4
12 4
4 5
25 4
3 3
22 5
18 5
7 4
12 4
21 4
19 4
3 4
21 3
9 5
0 5
0 3
13 4
6 3
3 4
14 4
0 5
8 4
13 4
6 4
4 5
5 2
12 5
6 4
9 3
11 4
7 4
3 3
1 5
7 3
1 1
4 4
4 4
10 4
7 5
74 2
6 4
12 4
30 5
0 4
4 2
15 1
1 4
4 4
18 5
12 4
2 5
28 4
0 4
3 5
19 4
16 4
8 3
1 4
8 4
2 5
18 5
6 5
1 5
27 5
7 3
9 4
6 4
2 2
7 4
3 1
7 4
4 2
28 1
3 4
4 3
3 2
29 4
6 3
3 3
36 4
10 3
5 4
38 4
6 3
3 5
0 4
2 4
6 4
0 2
6 3
10 4
106 5
5 3
12 3
5 4
24 5
1 2
1 2
10 2
1 2
1 3
2 5
6 5
7 4
11 4
9 5
3 1
7 4
0 5
20 5
2 1
11 4
6 2
10 4
4 3
22 5
50 5
7 2
10 5
11 4
2 4
42 4
38 5
3 2
0 2
2 3
5 2
17 5
2 5
6 2
3 1
5 3
13 3
174 5
3 3
17 4
5 2
13 4
3 2
0 3
12 4
5 3
6 2
6 5
5 3
14 4
8 4
14 1
4 4
0 3
5 2
8 3
9 1
9 5
7 3
2 2
30 4
4 3
6 4
2 5
9 2
8 1
2 1
3 1
3 4
2 3
0 5
1 5
10 3
6 2
5 3
4 3
2 1
3 5
4 5
0 4
8 4
3 4
10 1
19 4
4 3
3 4
5 4
0 1
5 5
0 1
5 3
3 2
2 3
0 2
4 2
3 3
3 2
4 3
3 5
7 4
0 3
0 3
10 4
14 5
2 3
4 5
12 1
7 4
0 1
2 2
0 3
2 5
0 2
1 3
2 5
2 1
3 5
2 1
12 3
0 3
4 5
1 4
0 1
17 3
0 4
0 4
1 3
0 3
0 4
0 2
3 2
3 2
1 3
2 4
0 3
2 3
0 4
4 1
4 3
4 4
1 4
0 2
1 3
0 5
0 3
7 4
0 1
2 1
2 3
2 2
0 3
0 3
3 1
7 4
2 5
1 4
3 1
9 4
0 3
4 5
2 4
8 2
0 5
0 2
5 4
2 2
1 4
3 2
1 4
4 4
0 2
0 1
1 5
1 2
28 2
1 1
1 4
0 5
3 5
2 3
0 5
1 3
2 1
0 4
2 3
4 3
1 4
2 2
1 3
4 4
1 2
1 3
1 1
2 3
1 4
5 2
4 2
1 2
1 4
1 5
1 4
1 4
3 1
0 2
0 4
0 4
0 5
3 1
1 1
1 4
2 5
1 5
0 4
2 5
0 4
1 2
1 3
1 1
2 3
2 3
5 4
12 5
16 3
0 1
2 4
4 3
5 4
1 5
1 3
15 5
4 5
5 4
0 1
0 4
0 1
3 2
6 5
8 2
0 5
1 4
7 3
3 4
1 4
0 4
7 5
0 4
2 2
5 4
3 3
0 1
10 3
6 4
1 4
1 4
3 1
13 5
4 3
8 2
5 3
33 4
7 5
8 5
4 2
2 5
4 3
5 4
0 2
1 1
1 2
1 5
2 2
1 4
9 5
5 2
2 1
0 4
9 4
1 3
5 5
8 4
5 2
2 4
0 5
8 3
10 4
2 4
2 2
6 5
3 3
4 4
9 3
0 5
2 4
1 2
3 1
10 5
6 4
5 4
15 4
5 4
10 4
0 5
1 5
2 2
6 4
6 2
32 5
113 5
2 4
3 4
5 5
1 3
2 4
8 4
1 1
3 3
10 4
14 5
2 4
8 5
14 5
1 1
0 4
0 1
0 2
4 3
4 4
5 5
7 5
6 3
9 3
7 4
35 5
13 4
0 1
14 3
14 5
0 3
7 5
12 4
3 3
3 4
9 5
7 4
6 5
13 5
6 4
3 4
2 4
0 4
1 4
8 5
9 5
14 4
6 5
6 4
9 4
0 4
16 4
5 5
25 5
2 3
9 4
8 5
6 3
4 5
1 4
10 4
8 5
17 5
4 3
4 4
8 5
12 4
2 5
5 2
4 4
6 3
12 4
6 4
10 4
5 4
11 5
6 3
