0 5
0 4
0 5
1 4
1 5
1 5
0 5
4 5
0 4
7 5
0 5
2 5
0 5
4 5
1 4
0 5
3 5
1 5
0 5
7 5
0 5
3 4
2 5
1 4
4 5
2 5
0 5
0 5
1 4
1 5
0 5
0 5
2 5
3 5
0 4
9 5
9 5
2 5
3 4
3 5
4 4
1 5
3 5
0 5
9 5
6 5
1 4
0 5
1 5
3 5
48 5
4 5
10 5
6 5
1 5
1 5
1 4
1 5
2 5
1 4
3 4
1 5
2 5
5 5
3 5
1 5
5 5
4 5
1 5
2 5
0 5
0 5
1 5
12 5
0 5
7 5
0 5
2 5
9 5
2 4
4 5
1 5
0 5
6 5
3 5
0 5
2 5
4 5
3 5
0 5
2 5
0 5
5 5
2 5
2 5
3 5
0 5
0 5
1 5
1 5
1 5
0 5
8 5
0 5
0 5
0 5
0 5
0 5
0 5
7 5
2 5
2 5
0 5
0 5
2 5
3 5
0 5
0 5
0 5
0 4
3 5
0 5
0 5
0 5
0 5
5 5
1 4
3 4
5 5
2 5
2 5
1 5
6 5
2 5
2 5
3 3
3 4
1 5
1 5
2 5
0 5
5 5
7 5
7 5
1 5
1 5
3 5
4 5
4 5
1 5
0 5
3 5
0 5
1 5
4 5
0 5
4 5
2 5
0 3
0 4
6 5
4 5
1 5
0 5
8 5
6 5
0 5
2 5
3 4
15 5
7 5
5 5
1 5
2 5
2 5
2 5
5 5
1 5
3 5
1 5
0 5
5 5
2 5
0 5
3 5
1 5
0 5
5 5
34 5
6 5
1 5
2 5
3 5
6 5
15 5
5 4
6 5
3 5
0 5
1 5
14 5
0 5
1 5
0 5
1 5
0 5
2 5
0 5
1 4
1 5
0 4
0 3
0 5
1 5
2 5
0 5
2 5
4 5
3 5
1 5
4 5
1 5
2 5
1 5
3 5
4 5
0 5
1 5
1 5
0 5
1 5
0 5
0 5
0 5
1 5
0 5
1 5
0 5
1 5
1 5
2 5
0 5
2 5
3 5
2 5
2 5
2 5
1 5
0 5
0 5
2 5
0 5
0 5
0 5
1 5
2 5
1 4
2 5
2 5
0 5
0 5
0 5
0 5
0 5
1 5
0 5
0 5
1 5
0 5
0 5
0 5
0 5
2 5
2 4
0 5
0 5
2 5
1 5
0 5
0 5
1 5
3 5
15 5
2 5
0 5
1 4
2 3
1 4
0 4
2 4
2 5
11 4
3 5
1 5
4 4
5 4
0 5
1 5
0 5
3 5
4 5
7 5
7 5
8 5
0 5
0 5
2 5
0 5
0 5
2 5
1 5
3 5
0 5
0 5
0 5
0 5
0 5
4 5
1 5
3 5
6 5
3 5
0 4
1 5
0 4
0 4
0 4
1 4
0 4
0 4
0 4
13 5
0 4
8 5
0 5
5 4
4 5
0 5
2 5
3 5
0 5
8 5
4 5
3 5
0 5
1 5
12 5
8 5
5 5
7 5
2 5
0 5
0 5
1 5
1 5
0 5
0 5
3 5
0 5
0 5
3 5
1 5
1 5
4 5
1 5
0 5
0 5
2 5
2 5
10 5
20 5
0 5
3 5
3 5
2 5
1 5
0 5
6 5
17 5
1 5
1 5
30 5
2 1
2 5
1 5
2 5
5 5
0 5
4 5
6 5
5 5
5 5
7 5
1 5
1 5
2 5
5 5
5 5
39 5
17 5
2 5
3 4
39 5
7 5
1 3
7 5
2 5
10 5
3 4
4 5
7 5
1 3
0 4
2 5
1 5
12 5
6 4
1 5
1 4
10 5
1 5
6 4
3 5
2 4
1 5
1 5
0 3
1 5
1 4
0 4
2 3
2 5
8 5
5 5
1 5
2 5
0 5
3 5
3 5
17 5
14 5
19 5
5 5
0 3
0 5
1 3
6 5
4 5
28 5
0 5
0 5
0 5
1 5
0 5
0 5
10 4
1 3
1 5
1 5
2 5
0 5
1 5
12 5
6 5
4 5
0 5
2 4
0 5
2 5
0 5
3 5
