2 5
1 4
12 5
20 5
2 5
2 5
6 5
14 5
7 5
3 5
4 4
0 4
6 5
2 4
2 5
5 5
13 5
2 5
11 5
23 5
4 5
1 5
14 5
4 5
3 5
52 5
15 4
0 4
5 4
17 5
7 5
53 5
0 4
7 5
8 5
3 5
10 5
5 5
1 4
3 5
7 5
1 5
3 5
6 4
1 5
5 5
22 5
9 5
1 5
7 5
3 5
22 5
5 4
15 4
5 5
0 5
161 5
3 5
4 5
21 5
1 5
1 5
19 5
50 5
4 5
2 5
4 4
13 5
1 4
11 5
7 5
3 5
3 4
14 5
6 5
77 4
4 5
11 5
2 5
2 5
1 4
1 4
13 5
6 5
4 5
1 5
7 5
4 5
7 5
9 5
1 5
10 5
21 5
2 5
72 5
1 5
5 5
0 4
193 5
12 5
31 5
1 5
1 5
22 5
8 4
62 5
2 4
2 5
2 5
174 5
8 5
1 4
5 5
4 5
0 5
1 4
0 4
12 5
22 5
18 4
4 4
9 5
0 5
5 5
0 4
4 5
0 4
2 5
25 5
19 4
2 4
17 5
10 5
2 5
2 5
19 4
5 5
4 5
7 5
11 4
2 5
4 5
0 4
13 5
5 4
14 4
18 5
2 4
2 4
2 5
5 5
24 5
14 5
7 5
4 5
2 5
2 5
60 5
1 5
55 5
8 5
12 5
6 5
16 5
17 4
5 4
0 4
13 5
3 5
4 5
1 5
5 5
3 5
12 4
1 5
6 5
0 4
10 4
2 5
1 4
2 4
4 5
1 5
1 5
22 5
1 4
5 4
19 5
0 4
1 5
2 4
4 5
7 5
5 5
6 5
16 5
3 4
13 5
6 4
4 4
10 4
2 4
0 5
28 5
50 5
9 4
11 5
4 5
4 4
0 5
14 5
30 5
5 4
0 5
19 5
3 4
14 5
1 4
17 5
3 5
8 5
59 5
6 5
3 4
13 4
25 5
6 5
1 5
42 5
55 5
11 5
6 4
19 5
13 5
17 5
25 5
4 4
1 4
4 5
35 5
8 5
49 5
62 5
2 4
4 5
2 5
7 5
0 5
27 5
13 5
21 5
7 5
12 5
12 5
10 4
0 5
23 5
2 5
4 5
3 4
16 5
11 4
1 5
9 5
4 4
12 4
18 5
15 4
59 5
12 5
7 5
7 4
8 5
1 5
2 5
5 5
1 4
1 4
1 4
3 5
28 5
7 5
4 5
3 5
0 4
5 5
26 5
11 5
6 5
4 5
2 5
13 5
9 4
4 5
2 5
19 5
2 5
1 5
10 5
28 5
10 5
56 5
28 5
5 5
14 5
10 4
5 5
10 5
22 5
3 5
85 5
0 4
0 4
4 4
26 5
7 5
11 5
149 5
20 5
20 5
5 5
12 5
42 5
5 5
16 5
11 5
13 4
17 5
9 5
11 5
3 4
3 5
10 5
3 4
19 5
6 4
4 4
6 4
5 5
32 5
13 5
19 5
13 5
9 5
14 4
98 4
43 5
9 5
18 5
27 4
12 5
81 5
22 4
10 4
19 5
6 5
11 4
19 4
99 5
17 5
5 4
5 4
5 4
5 4
17 5
11 4
22 5
7 5
25 5
43 5
46 4
18 5
12 5
60 4
98 5
13 4
26 5
15 5
31 5
11 4
24 5
51 5
39 5
17 5
6 5
5 4
81 5
88 5
9 5
28 5
16 5
19 5
6 5
27 5
11 4
37 5
7 4
19 4
17 5
18 5
45 5
28 5
8 5
7 4
15 5
3 4
55 5
4 5
7 5
9 5
3 5
2 5
6 5
10 5
3 5
12 5
2 5
17 5
40 5
6 5
47 4
10 5
6 5
5 4
3 4
15 5
5 4
21 5
23 5
4 5
3 4
9 5
6 4
16 5
6 5
105 4
9 5
38 5
5 5
11 5
8 4
5 5
9 5
17 5
13 4
6 4
4 4
11 5
1 4
78 5
79 4
16 5
105 5
4 4
3 4
65 4
33 5
38 5
13 5
33 5
8 5
9 5
6 5
12 5
7 4
8 5
4 5
6 5
17 5
6 4
9 5
52 4
2 4
3 4
13 5
19 5
5 3
7 4
16 5
26 4
37 5
38 5
10 5
1 5
2 4
1 5
2 5
11 4
8 5
1 4
4 5
5 5
3 4
4 5
19 5
40 5
30 5
30 5
0 4
23 5
5 5
0 5
0 4
4 5
14 5
16 5
95 5
5 5
5 4
9 4
5 4
24 5
3 5
13 5
5 5
1 5
10 5
6 4
4 5
77 5
7 5
0 4
0 4
1 4
5 4
30 5
14 5
5 5
35 5
6 5
29 5
1 5
2 5
16 5
7 5
22 5
13 5
28 4
2 4
19 5
1 4
23 4
2 5
3 4
62 5
5 4
26 5
17 5
9 5
11 5
1 4
47 5
4 4
2 5
6 4
4 4
2 4
4 4
2 5
10 5
3 5
1 4
46 5
57 5
0 5
0 4
10 5
22 5
9 5
2 4
115 5
21 5
9 5
5 5
20 5
9 5
12 5
3 5
1 5
36 5
94 5
5 5
4 5
2 5
161 5
13 5
11 4
1 4
78 5
3 5
1 4
12 4
15 5
2 5
5 5
2 4
7 5
1 5
4 5
6 5
0 5
20 5
13 5
6 5
3 5
2 5
2 5
87 4
17 4
9 5
11 5
15 5
4 4
2 5
12 4
39 5
45 5
49 5
183 5
37 5
7 4
6 4
2 4
38 5
19 5
64 4
35 5
13 4
14 5
0 5
539 5
40 5
0 5
19 5
8 4
10 4
2 5
14 4
3 5
38 5
797 5
7 5
56 5
9 4
10 5
37 5
0 4
4 4
0 4
1 4
25 5
6 5
1 4
45 5
67 5
23 4
3 5
7 4
5 5
2 5
0 5
8 5
0 4
10 5
21 5
9 5
9 4
3 4
26 4
0 3
0 5
21 5
16 5
4 5
11 5
2 5
11 4
0 5
6 4
2 5
3 5
3 5
1 4
21 5
12 4
5 5
16 5
11 5
4 4
0 5
6 5
18 5
9 5
2 4
151 5
6 4
7 5
0 5
16 5
3 5
3 4
2 5
13 4
18 4
2 5
12 5
6 4
1 5
23 5
20 5
4 4
1 4
22 5
2 5
4 5
1 3
32 5
6 5
6 4
17 5
3 5
34 4
5 4
27 5
32 5
3 5
20 5
3 5
0 5
9 4
9 5
19 5
67 4
1 4
4 5
21 5
3 4
10 5
46 5
2 4
8 5
2 5
22 5
2 4
2 4
10 4
16 4
24 5
3 5
48 5
16 4
56 5
25 5
8 5
2 4
7 4
4 4
6 5
7 4
4 5
3 4
5 5
9 5
14 5
6 5
9 5
186 5
3 5
3 4
2 4
5 4
5 4
0 5
35 5
7 5
1 5
10 5
39 5
1 4
12 3
44 5
79 5
6 5
9 5
5 5
4 5
49 5
3 4
27 4
9 5
4 4
5 5
16 5
54 5
1 5
6 5
3 4
18 5
19 5
3 5
11 4
4 5
1 5
2 5
10 4
9 5
2 5
25 4
2 5
4 4
50 5
41 5
27 5
3 5
1 4
3 4
4 5
9 4
4 5
10 5
2 5
36 5
4 5
8 5
1 5
10 4
1 5
60 4
3 5
78 5
12 5
17 4
2 5
11 5
53 5
81 5
0 4
0 4
6 4
9 4
4 5
3 5
41 5
6 5
45 4
13 5
51 5
21 5
43 4
60 5
178 5
70 4
29 4
22 5
26 5
37 4
32 5
60 4
29 5
96 5
224 5
4 5
21 5
100 5
16 4
14 5
38 4
31 5
54 5
3 5
52 5
13 4
34 5
22 5
14 4
7 5
3 5
74 5
2 5
17 4
32 4
112 4
22 5
5 5
12 5
32 4
20 5
7 5
85 5
73 4
18 5
11 5
46 5
8 4
22 5
37 5
15 5
44 5
207 4
101 5
27 5
3 5
7 5
32 5
12 4
16 4
22 5
3 5
4 4
15 5
3 5
22 4
6 5
2 4
39 5
5 5
65 5
34 5
8 5
6 5
156 5
11 5
1 5
11 5
3 4
18 5
9 4
6 5
6 4
13 5
10 4
44 4
42 4
23 5
57 5
8 5
1 5
10 4
12 5
28 5
10 3
12 5
10 4
27 5
27 4
20 4
15 4
75 5
61 4
20 4
4 5
6 4
26 4
15 4
9 5
182 5
67 5
61 5
70 5
44 4
11 5
8 4
16 5
8 4
9 3
16 2
5 4
6 5
17 4
3 5
20 5
23 3
5 5
28 3
30 5
29 5
6 5
37 4
27 3
29 5
49 5
0 3
4 5
5 5
16 4
4 5
19 5
5 4
19 5
14 4
25 4
8 5
22 5
20 5
215 5
