0 5
0 5
6 5
6 4
4 4
8 5
2 4
4 5
0 3
9 5
18 5
3 5
1 4
0 3
1 4
0 2
28 5
4 3
1 4
1 4
30 4
7 3
5 4
2 4
0 4
1 5
2 4
2 4
3 4
0 3
0 5
1 5
5 4
1 3
0 3
3 3
1 3
0 4
23 5
2 4
4 5
1 3
1 5
8 4
4 4
2 4
2 4
2 4
0 4
0 4
7 4
0 5
0 4
0 3
2 3
9 5
2 4
1 4
1 4
4 4
0 4
1 4
7 4
0 4
22 5
1 4
0 5
1 4
3 3
14 4
6 5
13 4
2 4
7 5
1 5
3 4
2 4
0 4
7 4
4 4
4 3
1 3
5 3
0 5
0 3
0 3
1 4
2 4
12 5
7 4
2 4
3 4
28 4
1 5
0 3
0 4
0 4
2 4
22 4
2 5
2 4
0 4
0 5
1 4
4 5
0 4
4 4
2 4
6 4
1 4
57 5
1 3
0 3
1 4
0 3
0 3
0 4
2 4
17 5
1 4
18 5
6 4
3 3
0 4
1 5
0 4
3 5
2 4
1 4
1 4
2 4
2 4
1 3
0 3
0 4
0 3
0 2
9 5
2 4
1 3
2 3
0 3
0 4
0 4
3 5
2 5
0 4
2 5
1 3
4 5
6 4
2 4
9 5
0 5
0 5
7 4
3 4
8 5
12 5
5 4
0 3
15 4
2 4
6 5
2 4
0 4
1 3
23 3
10 5
0 4
0 4
18 5
0 5
10 4
6 4
40 4
1 4
0 4
21 5
1 4
1 4
0 4
0 4
1 4
0 4
2 4
1 4
0 3
1 4
13 5
7 4
1 4
0 3
4 4
0 3
1 3
2 4
8 4
7 5
2 4
0 4
6 3
8 5
0 4
30 5
2 5
10 5
13 4
7 4
1 5
2 5
13 5
0 4
10 5
1 4
1 4
2 5
1 3
12 5
7 4
1 4
3 5
12 5
4 3
5 4
6 4
1 3
2 4
13 4
7 4
2 3
3 4
3 4
2 3
1 5
13 4
1 3
1 4
3 5
6 4
0 4
5 4
3 4
13 5
2 3
8 3
0 3
0 4
0 4
0 5
5 4
3 4
10 4
1 5
5 4
5 4
3 3
3 5
1 4
1 4
6 3
15 5
6 4
1 4
2 4
0 5
0 4
1 4
2 5
0 5
0 4
2 3
1 4
1 4
6 5
13 5
19 4
7 4
7 4
22 4
6 5
17 5
2 4
15 5
11 4
2 4
2 3
4 5
4 4
2 4
12 3
0 5
1 5
0 4
0 5
13 3
0 3
1 3
12 4
0 3
0 4
0 4
1 4
0 4
2 4
0 4
9 5
4 5
0 4
2 3
2 4
4 4
0 4
12 5
0 4
1 4
2 4
0 4
22 4
2 4
2 3
8 4
4 4
13 4
6 4
17 5
2 4
0 5
21 5
1 5
0 3
8 4
1 4
2 4
1 4
0 3
3 3
0 4
0 3
6 4
0 3
1 4
0 2
7 4
6 5
3 4
0 3
2 4
45 5
8 4
1 4
2 3
73 4
2 5
1 4
0 4
0 3
7 3
1 4
1 3
0 4
7 4
3 4
0 4
2 5
0 4
2 4
0 4
3 3
4 4
2 5
9 4
6 4
0 3
29 5
2 3
0 3
3 3
4 4
0 3
1 5
6 4
0 4
49 5
1 3
6 3
32 5
3 5
3 3
1 4
2 4
1 3
0 5
5 4
1 4
0 5
2 4
2 4
0 4
3 5
2 5
4 5
2 5
1 4
8 4
30 5
5 4
0 3
15 4
7 4
2 5
1 3
0 3
17 4
10 4
1 3
15 4
1 5
0 4
0 4
0 5
2 5
35 4
9 3
7 4
1 5
3 4
4 4
2 3
3 5
0 5
4 4
5 3
0 4
9 5
1 5
1 3
1 5
1 4
0 3
0 3
1 4
0 3
1 5
0 4
10 5
2 4
0 2
0 3
5 4
4 3
0 4
0 4
0 3
1 3
0 4
6 4
1 4
20 5
2 5
8 4
7 4
1 5
5 4
1 2
2 5
1 4
22 4
0 4
10 3
2 3
0 4
1 5
0 3
3 4
0 4
0 3
0 5
2 5
4 4
0 5
1 4
10 3
6 5
20 5
6 4
8 4
4 3
0 4
0 4
2 5
0 4
3 5
0 4
4 5
0 4
2 4
15 4
3 5
0 3
0 3
36 5
4 4
7 4
5 4
3 4
1 4
1 3
6 4
1 3
0 5
0 4
6 4
32 5
0 4
0 5
6 4
9 5
2 4
2 5
0 4
1 4
0 5
1 3
1 4
0 3
1 4
1 5
26 4
1 4
0 4
21 4
7 4
8 4
2 4
15 4
7 4
2 4
13 4
10 4
27 4
1 3
0 4
0 4
3 5
2 3
1 4
1 4
0 4
5 4
2 4
3 4
6 3
1 4
31 5
3 5
0 3
2 4
8 4
10 5
1 4
5 5
2 4
6 4
9 4
1 3
1 3
4 3
1 4
4 4
0 4
2 3
6 4
0 4
0 4
2 3
3 5
1 4
8 5
4 5
0 5
3 3
29 5
0 4
1 5
0 5
1 4
2 5
0 5
3 5
2 3
0 4
9 4
3 5
2 4
1 3
2 4
0 4
5 4
0 4
3 3
25 5
0 5
5 5
1 5
8 4
1 4
6 5
21 3
0 4
1 4
3 5
0 4
0 3
2 5
2 4
0 3
0 4
2 4
2 5
2 4
4 5
3 3
6 4
0 5
8 4
13 5
1 5
0 4
3 3
0 4
18 5
1 3
20 5
0 3
0 3
0 2
1 5
1 3
0 4
5 3
1 3
2 4
0 4
13 4
0 4
8 4
16 5
3 4
4 3
6 4
10 4
3 3
0 4
8 5
0 4
2 5
0 4
0 4
11 4
0 2
1 3
1 4
0 4
4 5
1 5
3 3
2 4
2 4
2 4
16 5
0 5
0 2
1 3
2 3
15 4
0 3
2 5
1 4
3 5
4 5
22 5
4 5
5 4
0 5
0 3
1 3
0 5
4 5
0 3
1 4
10 5
24 5
1 3
2 5
2 3
1 4
2 4
5 4
7 4
0 4
3 4
2 4
1 4
7 3
0 3
7 5
21 5
0 4
1 3
0 5
0 2
2 5
0 2
8 5
3 3
5 5
2 2
7 4
3 4
3 5
6 4
1 3
10 5
26 4
4 5
1 3
3 4
2 4
31 4
4 3
0 5
2 5
14 4
1 5
0 3
1 5
0 4
0 4
2 4
1 3
1 4
4 4
9 4
3 4
5 4
4 4
4 4
42 5
0 3
0 4
0 4
0 4
1 3
1 3
1 3
4 3
4 4
2 4
0 5
2 3
7 5
1 4
10 4
8 4
1 3
1 4
0 4
1 3
3 4
0 4
0 4
0 3
0 4
0 4
2 4
1 3
0 4
0 3
2 4
0 4
1 5
1 4
0 3
3 4
1 3
1 5
1 4
17 4
3 5
2 4
28 4
2 4
2 4
7 4
1 4
11 5
3 5
0 5
1 5
2 4
2 4
1 4
5 4
3 4
2 4
1 5
0 4
2 4
0 3
2 5
6 5
1 5
0 4
1 5
0 4
0 3
0 3
1 4
4 3
4 3
0 3
7 4
6 4
0 5
3 4
1 4
5 5
1 4
1 4
5 4
0 5
1 4
0 4
1 5
1 5
0 4
4 4
0 3
4 5
1 4
1 4
0 3
0 4
4 4
4 4
7 4
11 5
0 4
0 3
2 4
29 4
0 3
14 4
0 4
6 4
2 5
1 4
8 5
0 3
0 5
2 3
1 3
5 4
6 5
2 3
4 4
1 4
0 4
1 4
1 5
0 5
1 3
2 4
7 3
2 4
3 4
9 4
3 5
6 3
1 4
0 5
4 5
9 4
0 4
8 5
0 4
0 4
0 5
1 4
1 5
0 4
5 5
1 5
0 4
1 5
2 4
6 2
0 5
18 4
15 5
1 2
9 5
1 5
0 4
1 3
2 3
13 5
2 4
0 4
2 5
0 3
0 4
38 4
0 5
13 5
18 4
1 3
12 4
4 4
44 3
10 3
6 4
0 4
0 2
1 2
5 5
6 5
8 4
7 4
0 3
0 5
0 3
14 5
2 4
0 4
2 4
0 4
0 3
4 4
1 4
1 4
6 3
5 5
2 5
3 5
0 5
1 4
12 5
0 3
0 3
2 5
0 3
1 4
12 5
10 5
1 3
1 4
0 4
0 4
0 4
3 5
3 5
0 4
1 4
49 5
1 3
6 3
1 5
1 5
11 5
10 3
0 3
1 4
3 4
23 4
1 4
4 4
3 4
2 5
0 4
2 5
31 5
10 5
5 4
0 5
2 4
15 4
3 4
0 3
19 4
13 3
13 5
2 5
1 5
44 5
0 5
13 4
1 4
21 4
2 4
0 4
0 3
5 3
1 2
2 5
1 4
6 3
10 5
4 4
0 3
5 4
10 4
4 4
1 5
1 4
0 5
5 5
11 5
2 5
1 4
0 5
11 5
4 5
0 4
6 4
1 5
14 4
1 5
5 3
3 5
3 3
0 4
1 3
0 5
0 4
0 5
0 5
1 5
14 5
3 5
0 5
3 5
23 5
0 3
1 4
0 5
9 3
0 2
2 4
0 5
18 4
1 3
0 3
0 3
3 4
13 5
0 3
26 5
3 4
4 4
0 3
2 5
0 3
1 4
5 5
1 3
1 2
3 4
1 5
0 3
0 5
10 4
19 5
0 3
8 4
9 4
1 4
4 3
6 4
5 3
0 4
18 5
3 5
1 3
4 4
0 4
2 3
4 5
18 3
13 5
2 4
3 4
0 3
5 4
0 4
4 4
2 4
1 3
2 5
5 4
3 4
16 4
0 3
2 4
0 5
2 5
0 3
3 5
2 4
0 4
1 4
0 5
3 4
1 5
3 5
3 5
0 5
1 4
0 3
4 4
2 5
0 4
0 3
7 5
1 4
4 4
89 5
0 5
1 4
3 5
2 5
25 4
0 4
5 5
1 4
0 4
0 3
3 3
3 4
2 4
0 4
10 4
0 3
0 4
23 4
0 3
1 3
0 5
3 4
0 5
7 3
3 4
0 4
2 3
0 3
1 4
0 4
75 5
0 4
8 5
14 3
0 4
2 4
1 4
0 3
12 5
0 4
10 5
1 5
0 1
1 4
1 4
10 4
1 4
2 4
3 5
3 4
0 3
0 3
3 4
2 5
0 3
15 4
2 4
4 4
11 5
0 3
26 4
8 4
5 5
1 3
2 5
3 4
0 3
1 4
0 4
32 5
19 4
2 4
1 3
0 3
1 4
3 5
0 4
2 5
5 5
4 3
3 3
4 4
0 4
2 4
1 4
2 4
0 3
1 5
1 3
0 4
2 4
0 3
1 4
7 5
0 4
1 5
2 4
2 5
3 5
0 5
1 4
1 3
4 5
1 3
0 4
1 5
0 4
5 2
1 5
1 4
0 3
2 4
0 4
0 4
0 4
4 4
1 5
0 4
0 3
5 4
0 5
1 4
2 3
9 5
0 4
1 4
5 4
1 4
4 5
1 4
1 5
0 4
1 4
4 5
6 5
1 3
2 4
0 4
0 3
0 3
0 5
1 5
2 5
27 5
6 5
0 5
1 4
0 5
1 4
1 4
0 4
2 4
29 4
0 5
1 5
0 4
2 4
0 4
9 5
1 3
1 2
0 3
1 4
2 4
0 4
5 4
6 4
0 3
0 4
0 4
7 4
3 4
2 5
0 4
5 5
1 4
14 5
0 5
0 4
1 3
1 4
1 4
3 5
0 4
3 5
2 5
0 4
0 5
4 4
1 3
3 5
2 4
0 3
21 5
0 4
1 3
0 4
0 5
4 5
1 5
1 4
3 4
0 3
0 4
0 3
0 4
6 5
0 3
6 4
4 4
0 4
2 4
1 4
5 4
0 4
0 4
0 4
3 5
1 4
5 5
2 3
2 4
26 4
1 3
4 4
5 4
0 3
21 4
0 5
2 5
1 5
5 2
0 3
6 3
0 3
3 5
0 4
1 4
2 4
1 5
2 4
4 4
5 4
10 5
1 5
3 5
0 5
3 4
0 4
1 5
0 5
2 5
1 5
18 4
0 3
0 3
1 5
7 5
2 3
5 5
7 4
0 5
19 4
0 4
1 3
0 4
0 4
3 4
1 5
3 5
0 5
1 4
0 4
0 5
8 5
1 4
7 5
1 4
4 5
0 4
3 4
0 4
2 4
16 5
0 4
0 4
3 4
1 3
3 4
0 4
2 5
0 5
1 4
0 4
0 5
0 5
1 5
0 4
1 5
3 5
1 5
13 4
7 4
0 4
6 4
0 4
1 4
2 4
0 4
0 3
0 5
2 5
15 4
2 4
7 5
2 4
7 5
12 5
16 5
4 5
3 4
0 4
2 4
2 4
0 5
15 5
17 5
0 4
1 4
0 3
0 5
1 5
1 5
3 5
1 4
0 4
19 5
3 5
2 4
4 4
0 3
1 3
0 5
0 5
2 3
23 5
8 5
7 5
1 5
41 4
1 4
16 5
2 4
2 5
16 5
5 5
6 4
2 5
5 5
0 5
1 4
7 5
1 4
2 5
1 4
0 5
4 4
0 4
1 5
0 4
7 5
1 3
0 3
1 5
6 5
1 4
0 5
14 4
0 4
6 5
0 5
0 3
1 5
3 4
0 5
0 4
2 4
1 4
0 5
3 4
1 4
1 5
0 4
0 5
6 5
1 4
8 5
0 5
0 5
20 5
28 5
8 4
16 5
1 4
0 4
0 4
2 5
3 5
8 5
10 5
6 5
0 4
5 4
0 4
1 4
17 4
2 4
1 4
2 3
0 4
1 4
13 5
5 4
23 5
3 4
2 5
6 5
5 4
8 5
4 5
5 5
3 5
3 5
3 5
0 5
1 4
11 5
1 4
3 5
2 4
3 3
0 5
1 5
3 5
4 5
9 4
0 3
4 5
4 5
3 5
14 5
1 4
7 5
0 3
6 4
1 5
0 5
0 2
20 5
3 5
8 5
1 5
0 5
1 5
0 3
10 5
1 5
4 4
2 5
0 4
0 5
1 5
5 5
4 4
1 3
16 5
2 5
3 3
1 5
1 3
4 4
2 5
4 4
0 3
0 4
1 4
2 4
3 4
4 5
0 3
3 5
2 4
1 5
23 4
0 3
6 4
1 3
1 4
3 4
0 5
0 5
1 5
8 4
2 4
15 5
3 3
1 3
4 5
0 5
2 5
0 4
28 4
9 5
2 4
2 4
0 5
2 3
4 2
7 5
0 3
1 5
0 5
1 4
1 4
0 4
0 3
0 4
4 5
7 5
3 5
2 4
1 4
32 4
1 5
2 5
29 5
3 4
1 5
1 4
7 5
1 5
1 5
0 4
3 3
0 5
1 4
8 5
8 5
1 4
0 3
0 5
1 4
8 4
0 4
2 4
4 5
1 4
2 5
5 5
8 3
1 4
1 5
12 5
9 5
0 5
0 5
12 4
1 4
0 5
0 3
5 3
6 4
0 4
3 5
0 4
3 5
0 5
1 5
12 3
2 4
0 3
0 4
3 5
0 5
24 5
2 3
1 3
0 4
0 4
2 4
3 5
0 4
3 5
1 3
1 4
4 4
1 3
1 5
19 4
3 4
4 4
1 5
3 4
0 5
1 4
18 5
3 4
2 4
1 5
5 5
23 5
1 3
2 4
1 5
1 4
6 4
0 5
0 4
1 5
7 4
3 4
1 5
9 4
2 4
0 4
2 5
17 4
1 3
4 4
1 4
1 3
6 5
7 5
2 5
2 5
4 3
3 5
5 2
1 5
6 5
0 5
0 5
5 4
0 4
0 3
0 3
1 4
1 5
1 4
2 4
1 4
1 4
4 3
1 4
1 4
10 4
9 4
1 5
2 4
0 3
0 4
1 5
5 3
0 4
0 4
2 5
3 4
1 5
5 3
1 5
2 5
1 5
0 3
0 4
11 5
2 5
32 5
8 4
1 5
0 4
9 4
0 4
1 5
4 5
2 3
6 5
2 4
3 4
3 5
1 4
1 4
0 3
4 4
24 4
0 4
2 5
1 4
30 5
10 5
1 4
2 5
2 5
3 4
4 4
1 4
1 5
5 4
5 4
5 4
6 5
0 4
8 5
5 4
19 4
1 5
1 4
5 5
10 4
1 4
14 4
1 4
4 4
2 5
3 3
3 4
20 5
0 4
1 5
0 3
3 4
1 3
0 3
1 4
7 4
1 5
5 5
2 5
2 5
1 4
0 4
0 4
11 5
5 4
0 4
1 5
9 4
2 5
2 5
1 4
5 4
2 5
7 5
18 5
0 4
1 4
1 4
0 3
1 3
1 5
4 3
10 5
4 5
2 5
1 4
7 5
1 5
1 4
13 4
1 4
3 5
1 5
9 4
1 5
2 5
1 5
3 3
1 4
1 4
3 3
1 5
0 3
5 4
10 4
0 3
24 5
10 5
0 4
0 4
4 5
2 5
1 3
1 5
0 3
0 5
1 2
1 3
2 4
4 4
1 5
28 5
0 4
0 4
1 4
2 4
0 4
16 4
2 4
18 5
3 5
0 3
1 4
5 3
0 4
1 4
3 3
6 5
1 3
2 3
4 5
1 4
1 2
3 5
6 5
0 2
0 5
3 5
0 4
5 4
3 5
17 5
1 4
3 4
6 5
0 3
2 5
2 5
1 4
4 4
3 4
3 4
0 4
3 5
0 3
1 5
6 4
1 5
0 3
11 5
0 4
0 4
3 5
0 4
0 5
0 4
14 5
0 4
0 4
1 3
4 4
0 2
3 2
0 4
12 4
0 5
0 5
1 3
9 3
4 4
1 4
3 4
30 5
4 5
2 5
3 5
1 3
0 4
1 5
8 5
1 4
2 4
0 3
0 4
1 4
1 5
1 5
3 5
0 4
1 4
0 5
0 4
0 4
1 4
4 5
4 5
0 4
1 5
2 4
6 3
0 5
5 5
2 5
38 5
0 4
6 2
1 5
0 5
0 4
4 5
0 4
10 5
0 2
1 3
0 4
0 5
0 5
2 4
0 4
13 4
2 5
3 4
2 5
9 5
0 5
1 5
1 5
6 4
0 3
1 5
1 5
0 3
0 4
3 5
5 5
0 5
1 5
2 4
0 3
2 4
2 4
2 4
2 5
1 5
6 5
3 3
2 4
2 5
4 4
0 5
0 3
0 4
1 4
0 5
0 4
20 5
1 4
1 4
1 4
1 5
3 5
2 4
3 5
12 5
3 3
0 5
0 5
0 3
1 5
2 4
2 4
0 5
2 4
1 4
2 4
1 4
1 3
3 4
3 3
3 4
2 5
1 5
3 4
1 3
1 5
0 4
5 5
0 5
5 5
0 5
2 5
0 3
1 3
2 5
4 4
2 5
4 5
0 4
7 3
31 3
0 4
18 5
3 5
5 4
0 5
24 5
1 4
3 4
1 3
3 5
2 4
7 3
2 4
1 3
4 5
1 4
0 3
3 5
1 4
15 5
0 4
1 3
2 5
0 3
10 5
2 5
4 5
2 4
2 5
0 3
1 4
0 3
0 3
0 4
0 4
2 4
4 4
0 3
13 5
17 5
3 5
6 4
0 5
7 4
2 5
4 4
2 5
5 5
8 5
71 4
0 4
0 5
8 5
1 5
2 5
2 5
4 5
0 4
1 5
1 4
3 4
2 5
3 5
0 4
3 3
1 3
2 4
2 5
1 5
1 5
0 4
2 4
1 4
5 5
7 5
19 5
23 3
1 5
1 3
2 4
1 4
2 4
1 5
0 3
3 5
0 4
0 4
9 5
2 5
