8 5
4 5
16 4
4 5
30 5
13 5
8 5
12 5
4 5
7 5
37 5
3 4
8 4
29 5
25 5
2 5
39 3
4 4
11 3
16 3
3 4
4 3
3 5
18 5
2 5
17 5
10 5
16 5
7 5
13 5
37 4
60 5
10 5
11 5
8 5
11 5
12 5
0 5
8 4
6 5
3 4
15 3
11 5
2 4
4 4
8 2
7 5
12 5
9 4
9 4
11 5
3 5
7 5
4 5
23 4
55 5
4 5
2 4
23 5
61 5
13 5
6 5
6 5
3 5
11 4
5 5
7 5
5 3
10 5
1 4
20 3
2 5
1 3
5 5
8 3
5 5
7 5
4 5
5 5
5 5
10 5
16 5
8 5
17 5
15 5
18 3
7 5
6 5
7 5
7 5
26 3
14 5
58 5
3 5
48 5
7 5
28 5
11 5
35 5
31 5
6 5
62 5
12 5
18 5
12 4
7 5
7 5
15 5
10 5
22 5
7 5
17 5
23 3
21 5
10 5
16 2
20 4
7 4
30 4
104 5
13 5
3 5
37 5
3 5
6 5
8 5
16 5
12 5
5 5
14 5
65 5
3 4
0 5
0 5
0 4
10 5
6 5
3 5
6 5
63 5
29 5
3 4
26 5
4 5
28 3
1 5
11 5
13 5
28 5
8 5
8 5
6 5
29 4
4 5
1 5
13 5
19 5
14 5
1 4
36 5
21 5
52 5
2 5
7 4
12 5
14 5
24 5
19 5
7 5
10 5
41 5
21 5
16 4
48 5
4 4
18 4
15 5
5 5
11 5
3 5
13 5
12 4
5 5
3 5
9 4
5 5
6 5
13 5
33 5
2 4
4 4
5 4
12 5
32 3
12 4
46 5
68 3
9 5
29 5
101 5
1 4
1 4
12 5
4 4
7 2
18 5
25 5
18 5
1 3
24 5
23 5
4 4
12 3
26 5
9 5
37 4
74 5
2 3
76 5
5 5
15 5
23 5
35 5
6 5
26 4
6 5
13 5
47 5
22 5
24 5
22 5
9 4
4 5
17 5
71 5
66 5
75 4
11 4
10 5
5 5
66 5
52 5
40 5
106 5
0 5
10 5
6 5
0 4
4 4
30 5
4 5
11 5
5 5
27 5
28 5
14 5
9 5
4 5
12 5
2 4
7 5
37 4
7 4
46 5
12 5
0 5
34 5
11 5
37 5
3 4
48 3
4 5
12 5
27 5
7 5
16 2
7 5
169 5
3 4
90 5
8 5
21 5
18 5
29 5
7 5
4 5
56 5
36 5
3 4
50 5
15 5
5 5
1 4
3 5
119 4
11 5
9 5
1 5
8 5
6 5
5 5
3 4
21 5
4 5
7 5
1 4
1 5
48 2
36 2
41 5
28 5
11 5
22 5
16 2
9 5
250 5
3 4
4 4
7 5
65 5
1 5
1 4
8 4
31 5
20 5
21 4
2 5
0 4
18 4
4 5
71 3
14 3
12 4
32 4
13 5
13 5
9 5
5 5
16 5
5 5
10 4
38 5
13 5
4 4
6 4
5 5
1 5
20 5
3 5
17 5
5 5
7 5
6 5
7 5
11 5
14 5
7 5
9 5
22 5
2 5
31 5
41 5
5 5
74 5
3 5
4 4
20 5
2 4
5 5
6 4
4 5
1 5
3 5
70 5
4 5
4 5
3 5
1 5
7 4
116 5
4 5
13 4
11 5
21 5
3 5
3 4
13 5
13 5
0 4
28 5
2 3
16 5
8 5
2 5
53 4
47 5
2 5
8 5
2 4
12 5
1 5
8 5
3 5
2 5
1 5
9 5
12 5
1 5
13 5
3 5
1 5
1 5
3 4
1 5
7 5
2 4
9 5
0 4
11 5
8 5
10 5
1 5
6 2
23 4
11 4
5 3
15 4
41 5
2 5
2 4
28 4
17 4
5 5
17 5
7 5
15 4
19 5
22 5
3 5
3 4
23 5
117 5
117 4
5 5
7 5
7 5
42 5
13 4
22 5
214 5
13 5
29 5
200 4
5 5
150 5
163 3
28 5
9 4
34 5
54 5
26 4
36 4
30 5
32 5
0 5
36 4
3 4
6 4
5 5
11 3
3 5
4 5
75 5
42 4
9 4
6 5
38 5
3 5
8 5
1 3
0 5
6 4
23 5
12 4
2 4
33 4
9 5
3 5
2 5
11 4
16 5
11 4
10 5
0 5
1 5
2 5
4 5
51 4
23 5
128 5
18 3
8 4
27 3
34 3
16 5
2 5
4 5
16 3
36 5
0 5
4 5
7 4
9 5
24 5
0 4
10 5
5 5
4 5
1 5
175 5
18 5
6 4
24 4
12 4
8 5
6 5
171 5
10 5
10 4
8 5
0 4
3 5
2 4
1 5
14 5
6 4
0 4
3 4
6 4
4 5
3 5
14 5
1 4
23 4
3 5
14 4
21 5
3 4
2 4
4 5
3 5
5 4
5 5
2 5
18 5
0 5
7 5
21 5
16 4
8 5
3 5
10 5
7 5
6 4
6 4
5 4
16 3
1 4
17 4
2 4
1 5
10 4
7 4
2 4
4 4
5 4
20 5
4 1
2 4
74 4
6 3
23 4
4 3
9 5
13 5
1 5
5 5
5 5
6 4
1 5
1 4
1 5
2 5
22 5
14 3
12 4
4 5
13 5
2 3
8 4
7 5
0 4
8 4
18 4
33 5
24 5
5 5
5 4
6 2
4 5
2 5
7 4
1 5
2 5
6 5
50 5
14 5
12 5
4 5
2 5
12 5
1 5
60 4
5 5
10 5
6 4
11 4
5 5
2 5
3 4
21 4
4 5
16 5
0 5
1 4
12 3
1 4
8 5
42 5
47 5
4 5
17 5
3 5
6 4
13 4
12 4
8 5
7 5
5 5
4 5
3 5
18 5
7 5
4 5
9 4
2 5
3 4
1 5
20 1
2 5
9 5
5 5
88 4
10 5
4 4
2 4
16 4
4 5
0 3
4 4
12 5
