43 5
11 5
39 5
2 4
3 4
13 5
6 5
2 5
16 5
2 5
7 5
5 5
2 5
0 5
14 5
24 4
10 5
14 5
10 5
4 5
2 4
1 5
0 4
3 4
6 4
14 4
5 5
8 4
1 5
0 5
0 4
5 4
22 4
1 4
8 4
3 5
1 4
8 5
2 4
4 5
5 4
20 5
1 4
3 5
6 4
5 4
4 5
11 4
5 4
2 4
4 5
10 5
0 5
2 4
23 4
7 4
43 5
1 5
27 5
2 5
3 4
3 5
3 4
4 4
22 4
6 4
8 4
1 4
46 5
4 4
0 5
5 4
0 5
4 5
1 5
15 5
7 5
11 5
39 5
14 5
40 5
11 4
7 5
24 4
21 5
1 5
4 5
1 5
7 4
4 5
6 4
6 5
9 4
4 4
1 5
2 5
2 5
3 4
5 5
8 4
1 4
7 5
1 5
3 4
4 5
12 5
3 5
2 5
6 5
9 5
2 5
2 5
0 5
3 4
2 3
5 4
4 5
1 4
0 4
5 5
1 5
3 5
2 5
0 5
57 4
1 5
7 4
7 4
3 4
6 4
12 5
13 4
0 5
11 5
3 4
2 5
0 4
21 5
46 4
3 5
3 4
19 5
0 4
11 5
7 4
4 5
0 5
0 4
1 5
5 4
6 5
2 5
5 4
9 4
10 5
41 5
0 4
4 5
1 4
8 5
13 5
3 3
23 4
5 4
4 5
3 5
6 5
10 5
2 4
6 5
22 5
24 5
1 4
13 4
13 4
7 4
17 5
23 5
4 5
10 5
0 5
5 5
3 5
6 5
8 5
3 4
1 5
2 4
0 5
8 5
10 5
23 5
10 5
11 4
3 4
6 5
8 4
1 4
4 5
15 5
4 4
7 4
3 5
22 5
3 5
12 5
2 4
9 5
7 5
4 5
28 5
4 4
2 4
0 5
2 5
11 5
20 4
11 4
7 5
5 5
20 5
5 3
1 5
0 4
9 4
4 5
14 5
31 4
7 5
2 5
7 4
4 5
6 4
8 5
1 4
11 4
1 4
2 4
3 5
4 5
5 5
2 4
9 5
11 5
15 5
6 5
2 5
6 4
3 5
8 5
1 5
3 4
19 5
0 3
4 4
3 5
6 4
23 5
44 4
7 5
6 4
12 4
0 4
34 4
29 5
11 5
7 4
35 4
1 4
2 3
5 5
13 4
3 5
2 5
6 4
3 5
3 5
4 5
17 4
27 5
10 5
2 5
8 4
3 4
10 5
0 5
2 4
5 4
7 5
5 5
7 5
4 5
0 5
17 5
2 5
6 5
9 5
9 5
4 5
4 5
14 5
2 4
7 4
2 4
4 4
9 5
3 4
2 4
0 4
4 5
5 4
2 5
0 4
16 4
7 4
9 5
12 5
8 5
2 4
2 5
45 5
1 4
8 5
7 5
3 4
52 4
3 3
14 5
11 5
11 5
27 5
29 4
3 4
3 5
1 4
5 5
27 5
2 4
0 5
4 4
4 5
19 4
8 4
3 5
12 4
21 4
0 5
5 5
0 5
1 5
5 5
6 4
0 5
1 5
1 5
3 5
1 5
1 5
3 5
10 5
7 5
5 4
9 5
1 5
1 5
7 5
1 5
1 4
15 5
7 4
4 4
1 5
10 5
2 4
10 5
4 4
0 4
2 4
6 4
2 5
7 5
2 4
3 4
3 5
115 5
4 4
2 5
16 5
1 3
2 5
1 4
3 5
4 5
6 5
2 5
2 4
6 4
1 5
1 5
3 4
2 4
8 5
6 5
3 4
4 4
0 4
1 4
3 4
6 4
1 4
1 4
5 5
3 5
10 4
8 4
2 4
9 5
4 5
0 4
0 5
7 4
4 4
0 4
11 5
6 5
0 5
7 5
1 5
0 4
8 3
4 5
8 5
1 5
2 5
10 4
10 4
2 4
1 4
1 4
1 5
8 5
4 5
3 4
11 5
2 5
10 5
4 5
6 5
16 5
1 5
6 5
10 4
16 5
56 4
12 4
15 4
4 5
8 4
0 5
0 4
5 5
2 5
5 4
1 4
18 5
49 5
27 5
1 4
3 4
12 4
10 5
0 4
2 4
4 4
2 4
2 4
4 4
0 4
5 4
4 4
4 5
0 4
1 4
5 5
1 5
6 4
5 4
5 4
13 5
13 5
7 5
2 4
4 5
7 5
8 5
4 5
0 5
0 4
3 5
1 5
4 4
10 5
4 4
3 5
0 5
4 5
7 5
2 3
1 5
4 5
1 5
18 5
2 3
0 5
2 5
3 4
3 4
13 5
1 4
4 4
2 5
2 3
0 5
2 5
0 5
2 5
3 5
0 4
6 5
3 5
5 5
8 5
9 4
4 4
7 4
0 4
2 5
3 5
2 5
2 5
3 4
0 3
2 5
4 4
11 4
0 3
7 5
8 4
1 4
10 4
1 5
6 4
2 5
7 5
6 4
5 5
2 4
1 4
2 4
0 4
2 4
26 4
4 4
6 5
3 5
4 4
9 4
4 5
6 4
2 5
12 5
5 5
5 4
16 5
2 4
3 4
12 4
4 4
6 5
3 4
6 3
23 4
15 5
7 5
2 4
12 4
2 4
9 5
2 5
7 4
7 5
0 4
1 4
4 4
1 4
0 4
1 4
3 4
1 4
2 4
3 5
0 4
6 5
7 4
61 5
10 5
39 5
1 4
8 5
6 5
3 5
10 4
8 4
12 5
1 5
2 4
12 4
1 4
7 5
13 4
5 5
26 5
7 5
1 5
11 5
2 3
3 3
2 4
3 5
14 4
10 5
2 3
3 5
7 4
2 5
1 3
3 4
0 4
2 5
0 5
16 5
0 4
1 5
11 5
12 4
8 5
2 5
6 4
1 4
2 4
12 4
5 4
3 4
1 5
3 4
7 4
6 5
15 3
3 5
2 5
1 4
5 5
0 4
3 4
3 5
7 5
6 5
3 5
2 4
1 4
5 4
3 4
4 5
4 5
8 4
0 5
3 4
3 4
5 5
2 5
4 4
2 5
3 5
2 4
3 4
16 4
11 4
7 4
2 4
8 5
0 4
1 5
1 5
17 5
1 4
2 5
0 4
14 5
0 4
1 5
1 5
19 4
2 4
12 5
4 3
3 4
9 5
1 5
0 5
11 5
2 4
4 4
5 5
3 5
2 5
2 4
1 5
9 4
1 5
2 4
7 5
3 4
3 4
4 4
2 5
4 4
8 5
7 5
2 4
13 5
36 5
7 3
1 4
6 5
6 4
7 5
5 3
8 5
8 4
6 5
8 4
3 4
1 3
22 5
0 5
3 4
2 4
8 5
11 4
3 5
2 5
4 5
2 3
2 5
2 4
0 4
7 4
2 4
2 4
2 5
4 5
12 4
4 5
8 5
5 5
2 5
11 5
2 4
2 5
14 5
3 5
1 5
4 4
9 5
6 5
10 4
51 5
2 4
2 5
14 5
3 5
13 5
2 3
0 5
1 3
2 4
6 5
11 5
3 5
11 5
3 5
9 4
3 4
8 5
10 5
19 4
14 5
7 4
7 5
2 5
3 4
2 5
5 4
14 5
6 5
3 5
5 4
2 5
6 5
7 5
2 4
18 5
6 5
10 4
1 5
3 5
1 4
4 5
2 5
1 5
3 4
2 5
3 5
0 5
1 4
6 5
5 4
9 5
7 5
4 5
0 4
4 5
10 5
9 4
14 5
1 4
12 4
3 5
3 4
9 5
0 4
3 5
3 5
13 4
4 5
0 4
0 5
1 5
1 4
15 5
2 5
4 5
13 4
2 5
5 4
14 5
4 4
1 5
7 5
18 5
1 4
7 5
12 4
1 5
1 5
6 5
4 4
3 5
3 4
2 5
5 4
4 4
0 4
0 4
1 5
1 4
18 5
2 5
3 5
29 5
0 4
3 4
5 4
0 5
1 5
1 5
5 5
7 5
0 4
0 4
8 4
3 4
3 5
1 4
5 5
10 5
0 4
15 5
2 4
1 5
0 4
1 5
6 4
0 5
0 4
0 5
7 5
2 4
9 4
7 4
1 3
15 4
6 5
0 5
1 5
13 5
4 5
2 5
14 5
0 5
1 5
0 5
3 5
7 4
7 5
5 4
0 4
2 4
4 5
1 4
2 5
3 4
3 5
0 5
0 5
2 5
7 5
2 5
1 5
3 5
2 4
1 4
4 5
3 4
4 5
9 4
4 4
2 5
1 4
13 5
5 5
2 5
1 5
1 5
1 4
36 3
0 4
12 5
9 5
6 5
18 5
6 5
3 5
6 5
1 5
0 5
3 5
4 5
7 5
3 5
18 4
5 4
1 4
1 5
3 4
1 3
4 4
8 5
1 4
0 4
1 4
5 5
4 3
26 4
4 5
1 5
6 5
8 5
13 5
30 5
51 4
32 5
5 5
2 4
4 4
7 5
6 5
9 4
7 5
4 5
4 4
3 4
1 4
6 4
78 4
1 4
1 5
3 4
10 4
5 5
3 5
6 4
26 4
7 5
1 5
64 5
0 5
16 5
3 5
3 3
5 4
4 5
34 4
16 5
2 4
1 3
1 5
14 3
2 3
2 3
1 3
8 5
15 3
0 5
9 5
1 5
19 5
6 5
6 5
0 5
7 3
2 3
12 5
2 3
5 3
9 5
31 5
1 5
3 5
18 3
22 5
2 4
5 3
30 5
1 5
5 5
12 4
1 5
0 4
16 5
1 4
1 5
32 4
10 5
6 5
0 5
7 5
5 5
6 4
5 4
6 4
1 4
3 4
14 5
12 5
9 4
5 4
2 5
4 4
1 5
8 5
6 5
2 5
3 5
10 5
6 5
1 5
2 5
10 5
1 5
4 4
0 5
0 4
1 5
1 5
6 4
2 5
0 5
2 5
1 4
14 5
4 5
4 4
7 5
14 5
6 5
2 4
8 4
6 4
1 5
5 5
8 5
2 5
6 5
20 5
7 5
8 5
10 5
15 5
13 4
3 5
3 5
0 5
11 5
2 3
16 5
6 5
6 5
2 5
19 5
7 5
22 4
1 3
2 5
3 3
4 5
1 4
2 5
12 4
5 4
31 5
3 4
1 4
12 5
18 5
2 4
3 3
5 4
8 5
2 4
3 5
4 5
5 5
8 5
0 5
1 5
7 4
5 4
3 3
0 4
0 4
9 5
1 5
18 5
5 5
16 5
9 4
5 5
11 5
3 5
3 5
3 4
51 5
9 3
4 5
3 3
1 4
3 4
8 3
0 5
1 4
4 4
0 5
11 4
7 4
2 4
5 4
7 3
0 4
2 4
9 4
12 4
6 3
8 3
10 4
4 5
2 4
6 5
11 4
3 4
3 3
0 3
6 4
9 4
1 5
21 4
16 3
5 3
2 4
4 3
7 3
7 4
1 5
11 4
2 4
9 4
0 4
6 4
12 3
4 4
6 4
3 4
0 3
8 5
24 3
5 4
8 3
1 4
21 4
8 5
7 5
18 3
4 4
2 3
2 3
3 4
2 5
0 4
2 3
1 4
0 4
19 5
6 4
4 5
1 4
2 3
8 5
3 4
2 4
2 4
7 5
9 5
9 5
0 5
1 4
18 4
5 5
0 4
5 4
5 4
3 4
5 5
1 4
13 5
4 4
4 5
3 5
9 5
7 4
4 4
1 4
11 3
4 4
2 4
3 5
15 3
1 3
3 4
1 4
2 4
7 4
4 4
8 4
11 4
14 5
48 4
13 4
1 5
11 4
2 3
7 3
6 3
6 4
3 4
4 5
0 5
0 3
1 4
7 5
8 4
4 3
4 4
3 3
1 3
2 5
7 5
1 3
18 4
8 5
6 4
7 3
3 3
2 5
2 4
2 5
1 4
1 4
15 3
5 5
12 3
11 4
0 4
0 3
0 3
4 3
8 3
9 4
3 4
15 4
10 4
28 4
11 3
11 3
0 4
23 4
10 4
0 4
0 5
0 3
15 3
0 4
1 5
7 4
2 4
5 5
5 4
4 3
10 3
5 4
1 4
4 4
4 4
0 4
1 3
0 5
5 3
0 4
18 4
6 3
6 5
10 4
0 3
6 5
0 4
6 4
2 5
4 4
10 4
4 5
0 4
16 5
0 5
1 4
18 4
3 4
0 4
4 4
4 3
0 4
4 4
2 4
2 4
1 4
29 4
6 4
1 4
4 5
4 4
7 4
7 5
8 5
16 4
3 4
1 3
1 4
4 4
0 5
3 4
4 5
0 5
13 5
6 4
6 5
2 5
0 4
6 4
0 4
2 4
3 4
0 4
9 4
6 4
1 4
2 4
2 4
1 4
1 4
2 4
17 5
2 4
7 5
4 4
1 4
6 3
0 3
3 5
3 4
12 4
0 4
3 4
4 5
18 5
0 4
4 5
1 5
0 4
2 4
4 3
5 4
3 5
5 4
13 3
1 4
0 3
8 4
2 4
1 3
1 3
3 4
1 5
18 5
19 5
1 5
2 4
2 4
5 5
1 4
22 4
2 3
2 5
6 5
2 5
2 5
1 4
4 5
14 5
0 5
3 4
2 4
0 5
2 4
4 4
12 5
14 5
1 4
2 4
6 4
18 4
14 5
3 3
1 5
11 4
9 3
6 4
2 4
3 5
5 4
7 4
2 4
2 4
0 4
8 4
5 4
10 4
2 4
1 3
1 4
1 3
0 5
7 3
2 4
10 4
5 4
2 4
5 4
0 5
1 4
0 4
3 4
1 4
1 4
4 5
1 4
3 5
1 5
4 5
6 3
0 3
4 3
3 5
0 4
2 4
3 5
44 4
3 3
10 3
1 3
1 3
1 4
22 5
20 5
1 5
1 4
3 4
0 4
5 4
7 4
1 5
3 5
2 4
22 5
3 5
2 5
23 5
4 4
1 4
0 4
79 5
2 5
55 5
5 3
2 5
1 5
3 4
6 4
11 5
5 3
4 5
4 4
2 4
1 4
17 4
1 5
1 4
2 5
5 5
0 4
0 5
1 4
4 4
8 4
2 5
3 4
11 4
2 4
2 4
0 4
2 4
6 4
9 5
4 4
10 3
9 3
5 4
1 5
1 3
11 4
12 5
1 3
21 4
9 4
0 5
2 4
7 5
10 4
6 5
10 4
1 3
3 4
8 4
5 3
0 5
6 4
2 5
0 4
3 4
6 5
1 4
7 4
0 3
6 3
5 4
9 3
3 5
21 4
6 4
6 4
32 4
2 3
15 5
2 3
17 5
