45 5
6 5
22 5
3 5
5 5
48 5
29 5
9 5
8 4
104 4
17 5
3 5
7 5
5 5
20 5
18 4
17 5
17 4
9 4
18 4
8 5
9 4
14 5
3 4
12 5
7 5
33 5
2 4
40 5
16 5
2 4
7 5
4 4
13 5
4 5
3 5
8 4
32 5
4 5
3 5
5 5
3 4
9 4
23 4
30 5
127 5
12 5
4 5
6 5
10 5
2 4
5 5
19 5
1 3
1 4
0 5
1 5
7 5
77 5
2 3
8 5
8 4
11 5
2 4
19 5
7 5
13 4
3 4
21 5
1 5
43 5
8 5
4 4
11 5
25 4
9 5
4 4
1 4
6 4
5 5
11 5
8 4
0 5
3 4
19 5
6 5
2 4
5 5
4 5
6 3
6 5
26 5
2 4
26 5
35 5
2 5
3 3
9 5
2 5
5 4
4 4
14 3
12 5
9 5
10 5
7 4
7 5
1 5
6 4
7 4
3 4
17 4
29 5
12 5
34 5
13 4
12 5
3 5
2 4
1 5
14 5
27 5
4 4
35 4
18 5
7 4
5 5
60 4
26 4
26 4
4 3
20 5
5 4
14 5
10 5
4 4
6 5
1 4
3 4
13 4
30 5
12 5
5 5
5 5
2 4
13 4
7 3
7 5
5 5
8 5
7 5
4 5
10 4
16 5
9 5
2 4
12 5
10 3
84 5
0 4
10 4
7 4
14 4
18 4
8 5
7 5
6 5
8 5
6 4
1 5
15 4
3 4
8 5
6 4
5 4
1 4
13 5
16 5
4 5
2 5
10 5
2 5
10 4
14 5
17 5
3 5
1 4
3 5
14 5
5 3
6 5
3 4
1 5
6 4
3 4
8 5
2 4
49 5
2 4
17 5
18 4
14 5
0 4
19 4
0 5
24 4
2 4
15 4
23 5
5 5
5 4
24 4
3 4
4 5
2 5
11 5
1 4
9 5
5 5
34 5
10 4
0 5
8 5
20 5
6 4
1 5
8 5
21 5
6 5
6 4
1 4
1 5
194 5
17 5
1 5
14 4
6 4
12 4
9 5
20 5
13 4
9 5
0 5
3 5
108 5
6 4
5 4
7 4
2 5
5 5
5 5
3 5
7 4
1 5
12 5
18 5
2 5
8 5
3 5
2 5
3 5
9 4
1 4
0 5
24 5
2 4
4 5
7 5
1 5
9 5
27 5
3 3
6 5
6 5
18 5
0 4
0 4
3 5
5 4
2 4
4 5
0 4
8 5
8 5
14 5
21 5
1 5
3 4
17 4
0 5
11 5
0 5
4 4
7 4
7 5
5 4
15 5
20 4
7 4
4 5
13 4
9 3
2 4
5 5
8 4
0 5
9 5
2 4
17 5
7 4
7 4
4 4
3 5
1 5
7 4
59 5
2 5
21 4
1 4
4 5
8 3
4 5
17 5
11 5
10 5
7 4
8 3
5 4
3 4
15 5
3 4
6 5
5 4
8 4
3 4
5 4
7 4
1 5
40 4
13 4
11 5
17 4
2 5
6 5
3 5
10 4
4 4
2 4
2 4
6 5
2 3
38 5
7 5
3 4
6 5
5 4
7 5
3 4
4 5
5 5
9 5
5 4
3 5
6 5
9 5
1 5
1 4
5 4
10 4
25 5
1 5
2 5
0 4
5 5
11 4
4 3
2 4
27 5
19 5
12 4
7 5
13 5
5 5
10 3
1 5
16 5
3 4
10 4
1 4
2 3
1 5
11 3
6 5
4 4
15 5
25 5
3 4
4 4
2 4
7 5
15 4
3 3
1 5
3 5
21 5
15 5
4 5
2 5
27 4
0 5
22 4
5 5
38 5
1 4
4 5
5 5
25 4
1 4
5 5
2 5
2 5
31 5
17 5
6 5
5 4
9 4
3 5
13 5
14 4
3 5
14 5
23 5
13 5
9 4
9 5
23 5
8 4
14 5
26 4
29 4
4 5
10 4
8 5
8 4
21 4
4 3
6 5
19 5
15 5
12 4
1 5
7 5
9 5
0 4
1 4
21 5
1 5
12 5
26 5
14 5
14 4
2 5
20 5
20 4
8 5
9 5
31 5
6 5
37 5
2 5
7 4
12 5
9 4
3 3
6 4
2 5
1 4
2 5
3 5
33 5
1 4
29 5
4 5
41 5
14 5
9 3
20 4
4 4
10 4
1 4
13 5
13 5
27 5
5 5
14 5
5 4
4 5
2 5
31 5
9 5
9 5
0 3
1 5
0 5
1 5
1 4
0 4
18 5
4 4
16 5
18 5
0 4
4 4
4 5
8 5
6 5
4 4
9 4
4 5
6 4
4 5
5 4
7 5
3 5
13 5
5 5
8 5
13 5
19 5
37 5
7 4
6 5
4 5
2 4
5 5
0 5
0 3
5 4
3 5
1 5
0 5
6 5
2 5
7 5
2 5
3 5
5 5
3 5
2 4
1 4
48 5
10 5
7 5
13 5
1 4
2 4
13 5
6 5
1 4
12 5
1 5
25 5
0 4
6 3
1 4
8 5
0 4
4 4
1 5
8 5
1 5
31 5
11 5
3 5
27 5
3 5
4 5
6 5
27 5
4 5
2 5
5 5
31 5
3 4
1 5
10 5
2 5
5 5
4 4
4 5
11 5
3 5
1 5
5 5
0 5
1 5
1 4
24 5
1 5
3 5
1 5
13 5
6 5
5 5
3 5
38 5
11 5
