3 5
2 3
2 5
1 5
3 5
1 5
5 4
2 4
2 3
14 4
4 4
10 5
5 5
1 3
7 5
2 4
4 4
3 4
10 5
10 3
3 4
2 4
7 5
2 4
37 4
3 4
9 4
1 3
4 4
8 5
6 5
12 5
14 4
7 4
15 4
10 4
9 5
12 4
3 4
4 5
15 5
12 5
7 4
1 5
3 5
18 5
5 5
16 5
32 5
4 5
4 5
14 5
3 5
3 5
11 4
5 5
14 5
2 4
8 5
7 5
9 4
5 5
0 4
3 5
7 4
5 3
1 3
2 5
8 3
3 5
14 2
19 5
11 3
9 5
16 4
12 4
12 5
3 5
18 5
12 4
4 4
1 4
17 4
21 5
114 5
44 5
4 5
26 5
4 4
25 5
9 3
1 5
2 5
11 4
1 4
4 3
4 5
1 4
0 5
3 5
3 4
2 4
15 5
2 4
0 4
6 4
7 5
8 4
5 5
2 5
31 5
6 4
9 5
13 4
0 4
2 4
2 4
2 5
3 2
1 4
3 4
5 5
3 5
3 3
4 5
1 4
5 4
0 5
1 5
2 5
5 5
212 5
25 4
3 4
0 4
13 5
18 2
62 5
15 5
11 5
2 5
43 5
2 4
0 3
45 4
2 4
8 4
15 4
18 4
21 5
8 5
2 5
0 5
23 4
7 5
2 4
0 4
4 5
68 4
3 5
3 4
18 4
27 5
2 5
6 4
8 5
25 5
18 5
9 5
8 4
1 4
11 4
15 5
1 5
0 4
26 5
7 4
0 5
2 4
0 4
3 4
25 4
2 4
10 5
3 5
43 4
62 4
14 4
2 4
6 4
14 5
11 5
5 4
12 4
9 5
2 5
11 5
17 5
4 4
23 4
9 4
44 5
4 5
2 5
1 4
3 5
25 5
0 5
1 5
17 4
0 5
0 4
21 4
18 5
0 5
5 4
10 5
4 3
2 5
6 4
2 4
12 4
9 4
10 3
8 4
3 5
6 4
2 5
0 4
8 4
13 5
0 5
4 4
4 5
19 5
22 4
3 4
15 4
25 4
12 2
3 3
5 2
6 4
14 4
3 4
9 5
2 4
5 3
0 4
14 4
7 5
4 5
0 4
4 4
0 5
7 5
4 3
0 4
52 5
10 4
1 4
5 4
1 4
1 5
4 4
9 5
0 5
9 4
0 4
32 4
10 5
74 5
5 3
19 5
18 4
5 5
30 5
7 4
6 4
11 5
9 4
6 4
3 4
8 4
1 5
12 4
1 3
4 4
11 4
6 3
7 4
2 2
3 4
3 5
48 4
1 4
7 5
10 5
3 4
6 4
0 5
6 5
2 5
2 4
0 3
6 3
13 4
5 5
1 4
5 4
10 4
4 5
33 4
3 5
4 5
4 5
0 3
20 5
7 5
11 5
6 5
3 3
5 4
6 4
6 3
1 3
9 3
16 5
0 4
2 4
10 5
3 4
5 5
6 3
2 3
5 4
22 4
9 4
12 4
10 5
2 4
1 4
18 4
9 4
1 4
4 3
5 5
2 3
2 4
0 5
3 3
7 4
9 4
12 4
2 4
13 5
3 4
6 4
7 4
2 3
23 5
3 4
25 3
11 5
4 4
11 5
21 5
10 4
11 4
3 3
30 4
2 3
3 3
2 2
15 5
6 4
7 3
0 4
81 5
9 4
9 4
52 4
16 4
10 5
18 3
51 5
5 5
13 5
35 5
7 5
2 5
12 5
7 5
36 5
4 4
22 2
9 5
3 4
6 5
6 5
6 2
4 3
5 5
3 5
0 5
2 4
6 5
3 5
4 5
4 3
4 3
11 5
1 4
6 4
0 5
0 3
6 2
45 5
2 5
1 3
1 5
6 5
2 3
18 3
5 5
4 5
5 5
4 3
11 5
8 5
5 4
1 3
10 3
10 5
2 3
2 5
4 4
8 5
2 3
14 5
8 4
2 5
4 5
2 5
26 5
30 4
7 3
6 5
0 4
0 5
0 5
0 5
5 3
2 5
2 5
6 5
6 5
5 4
18 5
5 5
18 4
1 4
2 3
4 5
2 3
4 5
3 4
0 3
6 5
0 4
54 5
4 3
4 5
5 3
18 5
18 5
26 5
5 5
8 5
8 4
1 3
7 4
8 5
3 3
6 4
3 4
8 5
1 5
0 5
2 4
2 5
20 5
12 5
11 5
3 5
23 5
2 4
9 5
18 3
18 3
7 5
4 5
8 3
0 3
2 4
3 5
3 3
5 5
17 5
2 4
2 5
0 3
0 5
1 4
8 5
2 5
8 5
3 4
1 5
2 3
3 4
15 4
1 5
1 5
4 5
4 3
16 4
3 3
3 3
1 5
10 5
1 4
3 5
1 3
4 4
8 5
5 5
4 4
0 4
0 4
7 4
4 4
2 3
13 4
1 4
7 2
5 5
17 4
2 4
8 4
1 4
4 4
7 4
18 5
12 5
6 5
14 5
4 3
11 5
8 4
6 4
2 5
2 3
9 5
8 3
3 4
0 4
1 4
0 4
1 4
3 2
16 5
8 2
1 3
1 2
1 5
1 2
2 2
8 3
4 4
8 5
7 4
2 4
3 4
8 2
4 5
1 4
7 5
4 5
4 3
17 5
8 5
1 5
3 4
1 5
3 1
4 2
7 5
7 5
10 4
0 4
8 2
3 4
12 3
20 5
3 4
4 3
0 3
2 4
3 4
6 4
15 5
0 5
3 5
3 3
5 4
16 3
5 5
16 5
