20 5
1 5
19 5
20 5
9 5
15 5
2 5
7 5
11 5
42 5
0 5
1 5
3 5
89 5
84 5
3 5
21 5
1 5
24 1
29 5
18 5
3 5
2 5
1 5
3 5
24 5
2 5
23 5
13 5
6 5
19 4
40 5
3 5
3 5
3 4
1 4
2 5
37 5
6 5
1 5
1 4
6 5
4 5
0 5
27 5
97 5
21 5
6 4
1 5
151 5
3 5
3 5
0 5
36 5
13 5
10 4
18 5
9 5
19 5
2 5
65 5
7 5
1 5
4 5
23 4
32 5
19 5
15 5
16 5
1 5
5 5
70 5
3 5
2 5
2 5
0 5
20 5
19 4
15 5
0 5
9 5
23 5
7 5
2 5
1 5
55 5
3 5
6 5
15 5
17 5
13 5
10 4
17 5
7 5
19 5
2 5
34 5
3 5
9 5
17 5
0 5
155 5
7 4
9 5
10 5
11 5
3 5
0 3
2 2
16 3
0 3
2 4
7 2
10 3
1 5
12 5
9 5
15 5
44 3
8 5
11 5
1 4
14 5
4 5
115 3
3 5
1 5
1 5
183 5
12 5
23 3
7 4
3 5
3 5
3 5
6 5
12 5
1 5
1 5
6 3
2 4
5 5
2 5
9 5
28 5
11 5
12 5
5 4
44 5
7 5
6 5
2 4
2 5
2 4
66 5
8 5
3 5
6 5
26 5
10 5
4 5
9 5
3 5
4 5
8 5
5 5
146 5
2 5
8 5
1 5
15 5
7 5
10 3
18 5
3 5
1 5
33 5
4 5
6 5
25 5
25 5
27 5
1 5
17 5
0 5
1 5
6 5
1 5
2 5
4 4
1 5
8 5
83 5
3 5
6 5
1 5
13 4
8 5
4 5
38 5
4 5
4 5
8 5
39 5
4 5
4 5
38 5
5 5
19 5
2 4
1 5
4 5
2 5
47 5
14 5
12 5
2 5
6 5
5 5
2 5
7 5
8 5
17 5
5 5
30 4
3 5
3 5
13 5
12 5
5 5
1 4
6 5
6 5
15 5
22 5
1 4
5 3
0 5
4 3
3 5
2 5
11 5
5 3
11 5
0 5
2 5
4 4
3 3
31 5
9 5
1 5
3 4
2 5
2 5
1 5
2 5
4 5
2 5
1 5
0 5
5 5
0 2
0 4
47 5
9 4
0 5
4 4
0 5
2 5
1 5
1 5
3 5
3 5
0 5
2 5
6 4
8 3
2 5
3 5
4 5
0 5
4 5
17 5
12 4
9 5
24 4
25 5
7 4
2 5
5 5
12 5
3 5
23 3
2 5
6 5
4 5
10 4
21 5
43 3
7 5
8 4
3 5
2 5
3 5
4 5
62 5
2 5
1 5
1 5
3 4
6 5
26 5
27 5
7 5
2 5
11 5
2 4
1 3
2 4
7 5
3 5
5 5
9 5
23 5
15 5
7 5
16 5
3 5
7 5
7 4
9 4
0 5
7 5
26 5
24 5
2 5
14 5
5 5
3 5
2 5
2 5
49 5
10 5
21 5
4 5
6 5
58 5
28 5
9 5
7 5
3 5
5 5
10 5
13 5
0 4
1 5
2 5
6 5
9 5
12 5
8 5
2 5
6 5
7 5
34 5
12 4
17 4
6 5
12 5
39 5
3 5
36 5
5 4
21 5
7 4
3 4
12 5
5 5
67 5
4 5
7 5
5 5
0 5
34 5
6 5
8 5
0 5
7 5
7 5
8 5
2 5
1 5
20 5
2 5
6 5
9 5
25 5
30 5
3 5
2 5
4 5
25 5
0 5
13 5
9 4
8 5
13 5
2 5
30 5
28 5
3 5
42 5
17 5
6 5
4 5
24 5
10 5
30 5
13 5
16 5
2 5
1 5
0 5
22 5
15 5
2 4
32 5
1 5
5 5
2 5
4 5
0 5
6 5
12 5
0 5
5 5
4 5
0 5
1 5
9 5
1 5
9 5
1 5
0 5
3 5
35 5
2 5
3 4
2 5
10 5
33 5
8 5
0 5
13 5
8 5
1 5
3 2
18 5
19 5
0 5
4 5
0 5
1 5
18 5
0 5
0 5
2 4
3 5
0 5
18 5
23 5
3 5
14 5
15 5
0 4
0 5
25 5
4 4
11 5
10 5
5 3
6 5
18 5
3 5
2 5
5 5
7 5
86 5
2 5
12 5
28 4
14 5
0 4
0 5
0 5
0 5
23 5
4 5
6 5
14 5
0 5
33 5
3 5
5 5
7 5
4 5
37 3
2 5
5 5
1 4
40 5
3 5
4 5
6 5
5 5
3 5
3 5
2 4
3 5
2 5
3 5
12 5
2 5
11 5
9 5
22 5
4 5
29 5
6 5
21 5
2 5
1 4
2 4
5 4
3 5
16 5
4 3
0 3
23 5
4 5
7 4
9 4
1 5
9 3
24 5
11 5
4 5
9 5
10 4
5 5
9 5
18 3
6 4
5 5
8 5
0 3
1 4
14 5
4 5
7 5
3 4
9 5
3 5
6 5
4 5
12 5
4 5
4 5
6 5
4 5
8 5
7 5
4 4
3 5
44 5
46 5
56 4
8 4
7 5
8 5
11 5
4 5
12 4
65 3
2 4
3 5
2 4
11 5
4 5
6 5
3 5
8 5
17 5
2 5
6 3
0 5
7 5
17 5
12 3
22 5
12 2
3 5
3 4
14 5
1 5
5 4
6 5
3 5
15 5
5 5
8 5
2 5
5 5
5 5
1 4
9 5
0 5
18 5
13 5
4 5
0 5
13 5
22 5
23 5
2 5
12 5
3 5
7 5
6 5
5 5
2 5
14 5
4 5
2 5
11 5
4 5
4 5
12 5
7 5
3 5
3 5
1 5
3 5
9 5
60 5
14 5
1 5
3 5
0 5
11 5
24 5
2 5
1 5
3 5
4 5
8 5
18 5
1 5
4 5
14 5
1 5
11 5
