14 5
1 4
15 4
26 4
4 5
1 4
3 5
37 5
17 4
8 5
12 3
0 4
15 4
2 4
8 4
3 4
0 4
0 3
3 4
1 4
3 5
3 5
4 5
1 4
0 5
27 5
6 4
7 4
0 3
8 5
14 5
11 4
9 5
7 4
24 4
35 4
2 4
3 4
11 4
3 4
4 4
8 5
6 4
6 4
4 5
5 4
20 4
2 5
12 4
0 4
5 3
3 4
3 4
12 3
8 3
5 4
2 4
3 4
16 4
77 4
3 4
2 4
1 4
2 4
119 5
16 4
5 5
64 3
5 4
2 4
1 4
4 5
6 4
6 5
9 3
3 5
1 5
18 5
3 5
22 2
4 4
30 4
0 4
5 4
6 4
2 5
12 5
1 3
32 5
12 5
13 4
1 5
12 4
14 4
13 4
7 3
63 4
0 5
30 5
1 5
2 4
1 4
2 4
0 4
2 5
2 4
10 5
18 3
19 5
6 4
4 5
3 5
2 5
2 4
8 4
0 4
4 3
1 4
15 5
22 4
33 4
20 4
1 4
21 4
0 5
5 5
13 4
20 4
83 5
6 4
9 3
3 4
6 5
2 4
5 4
0 4
35 4
8 2
5 4
2 5
7 4
21 3
14 5
9 4
11 4
27 4
13 4
0 5
2 4
14 4
6 4
1 4
1 4
14 4
25 3
2 5
19 5
14 4
26 4
6 4
15 5
95 5
10 4
1 4
3 4
9 4
24 4
8 5
40 4
2 4
22 4
5 5
11 4
3 4
4 4
2 4
13 5
3 5
11 2
3 4
7 3
10 4
4 4
18 5
59 4
8 5
9 4
1 4
23 4
1 4
0 5
6 4
2 5
113 5
3 4
1 4
4 5
6 4
13 4
11 4
11 4
4 4
14 4
2 4
8 5
28 4
0 5
17 4
0 4
7 4
14 4
4 4
6 4
15 4
10 4
14 4
22 4
2 4
13 4
7 4
45 5
3 4
6 4
2 4
4 4
11 4
1 5
9 4
11 3
0 4
17 4
6 5
11 4
2 4
11 5
12 4
5 4
12 5
2 4
5 4
5 4
12 3
29 4
5 5
6 4
5 4
16 4
9 4
33 5
2 5
6 4
13 4
116 4
13 4
8 4
8 4
11 4
8 3
5 4
9 4
8 4
11 4
4 4
8 4
6 4
8 4
7 4
3 4
17 5
12 4
11 4
8 4
10 4
3 4
13 2
16 4
15 4
5 4
24 5
14 4
4 4
8 4
7 5
23 4
10 5
7 4
10 2
3 5
9 5
2 4
3 5
6 4
2 3
22 4
14 3
10 4
1 4
2 4
22 5
3 4
0 5
15 4
0 3
13 4
3 4
25 4
0 3
4 4
12 5
12 5
2 3
23 4
10 5
15 4
5 4
5 5
5 5
0 5
4 4
0 5
0 4
0 4
26 5
2 5
6 4
5 5
10 4
2 4
2 5
4 5
39 5
12 5
0 5
1 5
0 5
9 3
3 4
2 4
1 4
5 4
0 5
12 4
3 4
5 5
9 4
1 3
1 5
3 4
4 5
10 3
6 4
13 4
4 5
11 5
2 5
14 4
25 5
7 4
2 4
10 5
1 4
4 5
0 5
2 4
4 4
4 5
2 4
5 4
6 5
7 2
7 4
0 4
7 5
6 5
8 4
3 5
0 4
2 4
0 5
6 4
3 4
4 4
29 4
3 5
9 5
6 4
1 5
1 4
0 4
7 4
21 4
5 5
2 4
3 4
3 4
5 4
8 4
9 4
15 4
5 5
35 5
8 5
10 4
6 5
17 4
4 4
9 4
13 4
8 4
4 4
1 4
7 4
17 5
9 4
8 5
5 4
1 4
29 4
2 4
13 4
7 5
6 5
2 4
4 4
4 4
2 4
4 5
14 5
8 4
57 5
14 4
2 4
6 4
7 5
0 4
10 4
6 4
4 4
3 5
3 5
5 4
2 4
20 5
7 4
8 4
4 4
4 4
7 5
5 3
13 4
9 4
1 5
10 4
1 4
12 4
6 5
7 4
3 4
3 5
4 4
8 5
8 4
5 4
6 4
10 4
8 4
4 4
6 5
24 4
13 4
6 4
42 4
3 4
12 4
16 4
120 5
6 5
16 5
3 5
11 4
0 5
12 3
9 3
9 5
8 4
1 4
11 2
5 3
29 4
39 3
5 4
7 4
25 3
19 4
10 4
12 4
5 4
3 4
12 4
18 3
18 5
3 5
1 5
16 4
6 4
24 5
4 5
13 4
22 4
9 3
3 4
12 4
2 4
1 5
5 4
5 5
5 4
5 5
5 4
0 4
6 5
21 4
8 4
9 4
8 2
23 5
2 5
6 5
4 3
14 3
8 4
2 5
34 4
4 4
5 4
11 4
9 5
9 4
10 5
8 3
31 5
9 5
