2 4
2 5
17 4
6 5
3 3
5 3
0 4
3 5
4 4
7 5
0 5
0 4
6 5
3 3
11 3
1 4
2 4
5 5
4 5
0 3
0 4
2 4
3 4
2 3
8 4
2 5
0 4
8 4
0 5
6 4
6 4
2 4
0 3
9 5
2 4
2 4
2 5
4 4
2 5
7 5
5 5
3 5
2 5
2 5
3 5
6 4
1 4
1 4
5 4
2 4
11 4
6 4
4 4
6 3
6 4
2 5
0 4
0 5
8 4
9 5
1 3
9 5
7 5
2 5
4 4
8 5
7 4
1 5
9 4
2 4
12 4
9 3
1 4
8 5
4 4
4 5
1 3
6 2
12 5
7 5
4 5
2 5
3 4
3 5
1 5
6 3
0 2
2 5
4 3
4 3
3 4
24 5
6 4
10 5
11 4
1 4
1 5
5 5
4 3
7 5
7 5
4 5
1 3
1 5
1 5
3 5
7 4
6 5
4 5
3 4
3 4
59 5
2 2
6 5
5 5
3 4
2 4
9 5
1 4
1 4
4 5
12 3
5 5
5 5
3 4
16 5
2 4
4 5
4 5
9 5
1 3
4 2
2 2
7 3
3 5
4 2
16 3
3 5
1 4
2 3
13 5
1 4
3 2
1 5
3 3
2 5
6 5
6 4
6 4
14 1
6 4
26 5
4 5
1 3
6 4
1 5
2 5
5 5
3 5
14 4
0 4
1 5
5 4
1 4
6 4
6 3
1 5
4 5
7 3
4 3
8 4
10 4
2 4
5 5
2 5
20 4
3 4
6 4
2 5
1 5
4 5
6 5
20 5
1 5
3 5
0 5
3 5
3 4
5 5
2 5
6 1
11 3
3 4
3 4
4 4
2 5
1 5
4 3
1 3
3 4
0 5
3 5
2 4
4 5
4 4
12 5
7 4
0 4
1 5
2 5
3 5
2 5
18 5
3 5
1 5
1 4
1 5
7 3
3 4
9 3
2 5
5 5
2 5
2 5
4 4
22 5
41 3
0 3
6 5
6 5
2 5
2 3
1 5
5 3
1 5
7 5
1 4
13 4
6 4
2 5
4 3
10 4
10 5
2 3
4 5
6 3
9 5
2 5
2 4
2 5
3 2
5 4
8 2
1 4
2 4
3 5
16 4
2 5
7 2
8 5
1 3
2 5
14 4
2 3
1 3
3 5
16 5
3 3
1 5
2 5
6 3
14 4
3 4
15 5
4 4
0 5
5 4
2 5
3 3
1 4
10 4
2 5
1 4
4 5
2 4
1 5
1 5
6 4
4 5
8 5
2 4
4 3
2 4
1 5
2 3
3 5
5 4
2 3
1 3
3 5
3 4
3 4
13 2
10 3
4 5
2 3
6 5
1 5
4 4
7 5
2 5
2 5
6 4
2 3
7 5
1 4
4 3
16 5
0 3
3 4
10 2
1 2
0 5
8 3
8 5
14 5
6 5
2 4
2 5
2 5
4 4
8 4
4 3
6 5
2 5
14 5
0 3
3 3
6 5
4 4
2 5
6 4
1 5
3 4
0 5
0 5
6 3
1 5
0 5
10 4
8 4
3 4
4 4
0 4
3 4
10 3
5 2
4 3
12 5
8 5
2 4
2 4
6 4
1 5
6 4
3 5
0 3
3 5
3 5
16 4
1 3
5 3
5 4
3 4
3 4
3 4
4 3
8 5
11 5
10 5
4 5
13 3
5 5
9 5
6 4
8 4
5 3
4 4
8 5
2 5
4 4
11 5
5 5
4 5
8 3
4 3
9 5
69 5
3 3
4 5
0 3
4 5
5 5
2 5
2 5
8 4
4 5
2 5
1 2
2 5
5 4
2 5
4 5
2 4
4 5
0 3
14 5
1 5
2 3
7 4
1 3
11 4
2 5
1 4
0 5
1 4
1 3
0 5
3 3
0 5
17 5
3 4
4 3
5 3
85 5
4 4
8 5
2 4
3 5
0 4
1 5
4 5
1 5
7 5
6 5
1 4
1 5
3 4
5 5
2 3
3 3
4 3
5 3
1 3
4 5
2 5
2 5
0 4
5 4
2 5
1 4
9 5
2 5
3 3
3 5
9 3
5 4
5 3
3 4
4 5
3 5
2 4
6 4
1 5
9 5
9 5
5 5
4 5
5 4
8 3
3 4
5 3
1 5
1 4
4 4
10 5
4 3
5 4
5 5
3 5
2 3
1 5
1 4
4 5
1 3
11 5
1 3
7 5
1 4
17 5
11 5
13 5
2 2
1 5
6 5
3 4
7 5
1 5
2 4
1 4
10 5
1 4
4 5
0 4
1 5
8 4
0 3
4 3
2 2
2 5
3 5
28 2
2 5
3 3
1 3
2 3
17 3
3 5
4 2
5 5
4 5
0 5
1 4
0 4
1 4
4 4
12 5
5 3
6 5
3 4
1 5
1 5
0 5
0 5
4 5
2 5
0 3
0 3
5 5
3 5
7 5
2 5
4 4
2 4
4 3
2 5
6 5
1 4
3 3
0 5
3 5
0 5
7 3
1 1
2 5
1 5
3 5
2 4
1 4
8 3
0 3
1 5
3 5
0 4
4 5
1 3
1 4
5 5
1 3
5 4
8 5
23 5
15 4
7 4
5 4
9 5
5 1
6 5
5 4
0 4
4 5
1 5
6 3
2 3
0 4
0 5
1 4
21 5
11 5
1 5
5 5
7 4
1 4
3 5
3 5
1 4
0 5
4 5
4 4
5 3
4 3
4 3
3 5
7 5
1 4
1 5
0 4
2 4
3 5
2 4
1 5
4 3
2 5
1 3
9 4
15 4
2 3
5 2
3 4
4 3
7 3
0 3
4 5
1 5
5 5
2 5
4 5
6 4
8 5
0 4
10 5
3 3
1 3
5 4
1 3
2 5
5 4
14 4
3 4
2 3
4 4
0 5
6 3
3 5
6 5
2 4
0 5
3 4
11 5
7 2
8 5
4 5
15 4
4 4
1 4
6 3
3 4
13 5
4 4
2 3
5 3
2 4
4 5
1 5
9 5
2 5
3 4
3 3
0 4
2 4
5 3
2 5
2 3
3 5
1 4
3 3
4 5
7 4
3 5
2 4
5 3
0 5
3 4
3 5
0 5
5 5
12 5
6 4
8 3
2 4
14 4
7 2
9 5
11 5
4 3
2 4
4 5
3 5
0 5
5 5
1 4
3 5
17 5
2 4
0 5
7 5
1 3
3 3
5 3
1 5
4 5
2 5
0 2
3 5
2 4
1 4
3 4
2 2
1 5
1 4
3 3
4 4
5 4
5 5
0 5
5 5
4 2
11 5
9 5
3 5
1 4
7 4
10 5
2 3
2 3
4 2
2 4
0 2
1 5
1 5
18 5
2 2
2 4
0 2
11 4
2 3
2 5
8 5
5 5
5 4
2 5
3 5
11 5
2 4
1 4
4 4
8 5
2 5
0 5
3 5
2 5
1 4
8 3
11 5
18 5
1 4
6 4
5 4
2 3
2 3
3 3
3 5
3 5
3 5
0 5
6 5
11 5
1 4
13 3
1 3
2 5
3 5
2 5
3 3
0 3
5 4
3 5
1 4
4 4
12 5
3 3
5 4
4 3
8 5
1 3
14 3
1 5
2 5
2 5
3 4
25 5
3 5
0 4
0 4
7 3
2 5
2 4
5 1
6 5
1 3
8 3
5 4
3 4
8 3
1 5
0 5
1 4
3 5
1 4
2 5
9 2
24 5
3 5
3 3
6 4
9 5
6 3
7 5
14 3
4 3
2 5
3 3
6 5
2 5
3 2
5 4
10 4
0 5
3 4
1 3
1 2
7 4
2 5
3 4
2 5
2 5
1 1
6 5
10 4
0 5
4 5
4 4
32 5
10 5
2 4
2 5
5 5
2 5
4 5
5 5
26 5
4 5
2 4
3 3
3 4
1 5
5 5
2 4
2 3
2 3
1 3
1 5
2 5
0 3
3 3
1 5
6 5
1 4
11 3
8 5
4 5
4 5
23 5
5 5
9 5
7 5
6 5
1 3
13 5
2 5
4 4
2 4
6 5
1 4
3 4
4 4
1 5
1 3
2 4
10 3
4 5
7 4
1 4
3 4
2 3
10 5
7 5
3 5
8 5
28 5
9 2
7 5
1 5
17 5
1 5
8 5
2 4
0 5
4 4
1 5
3 5
10 5
3 5
8 4
20 3
1 5
8 1
5 3
14 2
7 3
7 5
6 5
5 5
5 5
12 5
6 3
7 4
15 5
6 5
7 5
4 3
9 3
7 5
7 5
19 3
9 3
8 5
2 4
25 4
4 2
0 5
7 4
1 5
1 5
20 5
7 4
5 2
31 5
27 4
7 5
10 4
3 5
24 5
3 5
5 3
11 5
1 5
8 3
7 4
2 5
10 5
1 5
2 4
4 5
0 5
0 4
8 4
2 4
5 5
1 4
0 3
2 3
2 5
20 5
1 5
2 5
6 4
2 2
0 5
5 5
8 4
0 4
5 5
0 4
1 4
4 4
31 4
9 5
0 4
0 4
2 3
5 5
2 4
4 4
0 3
0 4
1 5
2 4
0 3
6 3
6 4
3 5
5 5
