16 4
28 5
2 4
12 4
0 4
5 3
23 5
38 5
14 5
1 4
33 5
55 5
6 3
25 5
51 4
6 5
10 4
4 5
0 4
0 4
24 5
1 3
2 5
19 4
23 4
3 4
4 5
50 5
0 4
3 4
5 4
5 5
14 3
5 5
3 5
3 4
2 4
240 4
11 5
6 5
18 5
30 4
3 4
5 5
7 4
80 4
6 4
5 4
9 4
0 4
41 4
35 5
5 5
83 5
3 5
2 3
25 5
102 5
4 4
2 3
0 4
16 5
1 4
8 3
24 4
3 5
1 4
37 5
64 5
16 5
28 3
44 5
3 4
5 4
0 4
18 3
7 5
1 4
10 4
30 5
3 5
3 3
15 4
2 3
8 5
2 4
1 5
4 5
7 5
6 5
4 4
1 3
8 5
12 5
9 4
16 4
0 4
79 3
20 4
32 2
3 5
6 4
25 5
3 4
4 3
5 5
2 4
16 5
6 5
9 4
4 3
17 4
5 4
7 5
59 4
16 4
42 4
5 4
4 4
17 4
6 5
11 5
1 3
3 4
7 4
6 4
14 4
92 5
13 3
3 5
1 4
3 5
20 4
8 4
3 4
7 5
6 3
85 5
12 3
37 5
6 4
7 4
6 4
3 4
25 5
2 4
6 5
22 5
5 4
8 4
8 4
28 3
2 4
14 5
45 5
4 5
4 3
21 4
17 5
4 5
2 4
2 4
12 5
1 5
1 4
2 4
2 5
67 4
16 2
4 4
0 4
1 4
1 5
15 5
19 4
13 5
5 3
9 4
84 5
3 4
46 4
24 5
39 5
30 3
7 4
4 3
2 4
4 5
4 4
14 5
11 5
58 3
33 5
1 4
2 4
1 4
12 5
15 4
109 4
30 5
1 4
1 4
57 4
12 5
4 5
6 5
27 5
36 5
2 5
24 5
10 5
8 3
4 4
38 5
35 5
2 3
8 5
10 5
241 3
2 4
29 5
59 5
14 5
4 4
5 4
16 5
25 3
4 5
20 5
2 5
9 4
47 4
26 5
8 5
1 3
3 5
12 4
10 5
4 4
34 5
2 4
8 4
16 4
17 4
34 5
11 4
5 4
4 5
28 4
2 4
10 4
1 2
2 3
129 5
1 5
3 4
16 4
6 4
10 4
8 5
16 5
2 4
44 5
10 4
2 5
9 5
5 5
59 2
0 4
5 3
42 5
11 4
10 4
13 5
25 5
8 4
93 5
2 4
11 5
8 5
157 5
23 5
2 4
6 3
63 5
2 4
18 2
6 4
137 5
3 3
6 3
18 5
4 3
144 4
1 4
3 5
3 4
9 4
3 3
15 4
19 4
37 4
95 4
30 4
6 4
6 5
27 4
31 4
114 5
28 4
13 3
19 3
4 4
3 4
18 4
6 4
39 4
4 4
12 5
14 4
75 4
60 4
213 5
22 5
9 4
1 5
3 4
10 5
6 4
1 3
2 5
30 5
15 2
19 4
4 4
43 5
92 4
13 4
2 4
4 4
23 5
2 4
45 5
17 4
36 4
30 4
43 4
12 4
5 4
26 5
3 5
1 4
0 4
4 5
39 5
26 4
5 4
26 5
4 5
68 3
9 4
1 4
22 2
14 5
26 4
22 4
12 3
10 5
6 5
20 2
0 4
10 5
6 5
32 5
1 5
1 4
11 5
78 3
4 4
2 4
5 5
2 4
49 4
113 4
50 5
9 5
22 5
2 4
14 3
3 5
1 5
11 4
8 3
56 2
10 5
1 4
21 4
162 5
1 4
11 5
5 4
8 5
53 5
1 5
10 4
56 4
3 3
66 5
40 5
5 5
8 4
7 5
5 4
4 5
3 4
8 3
16 4
5 2
461 5
7 4
5 4
2 5
13 4
35 4
8 3
7 5
16 4
101 5
78 5
9 4
6 4
3 4
39 2
30 5
4 4
5 5
4 4
5 5
0 5
7 5
3 4
4 4
7 4
128 4
2 4
1 5
3 4
68 5
11 4
6 5
16 5
15 5
14 5
67 5
10 5
3 3
3 5
10 5
0 4
27 3
25 4
40 5
4 5
1 4
20 3
5 4
3 3
30 5
8 3
10 4
0 2
5 5
0 4
20 5
4 5
21 5
45 4
63 4
56 4
31 5
51 4
1 3
2 2
69 5
26 4
39 5
11 4
3 4
10 5
22 5
4 4
8 4
16 5
168 4
6 4
6 5
2 5
2 4
32 4
14 4
156 5
53 5
8 4
5 5
151 2
56 4
12 5
110 5
20 5
43 5
140 5
1 4
13 4
2 4
22 5
5 3
13 2
23 5
7 2
49 4
3 5
14 5
4 5
73 5
8 4
4 4
18 4
19 5
11 5
65 3
23 4
19 5
36 5
1 5
101 4
27 5
36 5
5 4
5 4
60 5
6 4
3 4
12 2
9 5
4 5
18 5
6 4
51 5
2 4
3 4
14 4
30 5
2 4
253 3
5 4
3 4
27 5
5 5
14 5
35 4
3 4
2 4
11 4
162 5
1 3
14 4
12 5
14 5
38 4
6 5
35 5
5 4
159 5
4 3
3 4
4 5
7 4
17 5
28 5
9 4
2 5
49 5
67 5
6 5
61 5
4 4
39 4
3 4
9 4
18 5
3 4
48 5
2 5
5 5
0 3
3 5
42 5
9 4
2 5
4 2
127 5
11 4
38 4
4 5
52 4
1 5
18 5
1 5
19 4
63 4
45 5
10 4
47 5
18 5
33 5
6 5
0 5
18 5
20 4
3 5
12 4
6 4
79 5
21 4
61 5
62 4
0 5
2 5
29 3
1 5
37 5
3 5
20 5
40 4
3 4
24 4
5 5
9 5
31 1
10 5
2 4
4 4
4 4
10 5
3 5
14 3
11 5
12 3
15 5
6 3
7 4
15 4
5 4
1 5
1 5
3 4
9 4
4 5
9 5
10 4
48 5
7 4
1 5
14 4
21 5
10 5
1 3
3 5
3 5
41 5
70 4
2 5
5 3
146 5
5 4
11 5
19 5
5 3
2 5
6 4
0 5
7 5
4 5
4 5
24 5
12 5
142 5
2 5
21 5
5 4
57 5
24 4
3 4
2 4
85 5
12 4
0 4
15 5
3 4
11 2
10 4
7 5
6 4
34 5
1 4
7 5
11 5
0 5
6 4
8 4
173 4
3 4
175 5
75 5
22 4
9 4
8 4
1 2
19 3
3 4
3 5
26 5
1 4
29 5
10 3
41 5
2 5
6 4
61 5
8 4
37 4
206 4
17 3
4 5
30 5
5 4
2 4
40 5
27 5
15 5
23 5
42 5
52 3
10 4
49 4
13 5
4 5
19 5
3 4
44 2
65 5
4 4
4 5
4 5
1 5
33 5
11 5
7 5
8 4
2 5
14 5
50 4
37 5
8 4
5 4
2 4
20 5
12 5
1 5
20 5
6 4
18 5
23 3
0 5
32 5
18 4
59 2
7 4
3 5
10 4
1 5
20 5
88 2
11 4
4 4
9 5
420 5
4 5
5 5
4 4
8 5
6 3
9 4
2 4
5 4
5 5
1 4
24 2
4 4
4 4
0 5
6 5
5 4
16 4
3 5
10 4
27 4
5 5
5 5
23 5
12 5
3 4
1 5
18 4
1 4
7 5
2 5
27 4
4 5
8 5
4 4
133 5
28 4
15 4
13 3
9 4
5 3
78 5
1 5
2 4
6 5
19 5
7 5
10 4
51 5
2 4
3 5
13 5
1 4
9 5
1 4
1 4
9 4
19 4
1 3
18 4
4 3
24 5
26 2
51 5
3 5
9 5
14 5
4 4
103 5
0 4
0 5
2 5
2 5
0 5
4 4
13 4
4 5
4 3
11 4
6 4
3 5
24 5
12 5
12 5
10 5
54 5
5 5
2 4
13 4
1 5
28 5
0 4
5 4
8 5
7 5
0 3
2 5
20 5
3 5
205 3
10 5
9 5
24 4
32 5
4 4
2 3
1 5
2 5
5 3
35 5
