1 5
0 5
7 5
6 5
2 4
3 5
25 5
0 4
2 5
4 5
3 5
0 4
2 5
0 5
1 5
3 5
0 4
2 5
2 4
2 4
1 5
9 5
1 5
0 4
4 5
2 5
2 5
0 5
1 5
0 5
3 5
25 5
5 4
1 5
9 5
11 5
4 3
5 5
1 5
2 4
3 4
6 1
17 5
16 5
1 5
0 5
4 4
5 5
0 4
0 4
1 5
1 5
1 5
1 5
0 5
2 5
0 5
1 5
0 3
26 5
4 5
1 5
1 5
4 5
0 5
3 5
5 5
1 5
0 5
0 5
5 5
1 4
0 5
0 5
3 5
1 5
0 4
1 5
3 4
3 4
5 4
9 5
5 5
1 5
0 4
0 5
0 4
4 5
1 4
0 4
1 4
0 4
4 5
0 5
2 5
1 4
0 5
0 4
0 5
6 5
1 5
1 5
49 5
3 5
1 4
1 4
1 5
3 5
2 4
0 5
1 4
3 5
1 5
1 3
5 5
2 5
4 5
3 5
2 5
0 5
3 4
3 5
1 5
2 5
1 5
0 5
0 4
1 4
0 5
0 5
9 5
1 4
1 5
2 5
2 4
2 5
2 5
2 5
1 5
1 5
2 5
2 5
2 5
0 4
1 5
3 5
1 4
0 4
9 5
3 5
1 5
3 4
6 4
1 4
3 5
0 4
0 4
5 5
1 5
2 4
6 5
0 4
1 4
2 4
3 4
0 4
14 5
1 5
4 4
2 4
0 4
2 4
1 5
11 5
7 4
9 5
1 5
0 5
2 4
0 4
1 5
1 4
0 4
5 5
4 4
3 5
2 5
2 5
0 5
0 5
1 5
13 5
4 5
2 4
10 5
5 5
0 5
1 4
6 5
5 4
3 5
1 5
0 5
8 5
6 5
1 3
0 4
0 4
1 5
1 5
1 5
0 5
0 5
3 5
0 4
3 5
4 5
7 5
0 5
3 5
0 5
4 4
0 5
1 5
2 5
5 5
5 5
1 4
3 5
0 5
1 5
2 5
2 5
2 5
0 5
1 5
1 5
3 5
3 5
1 5
2 5
3 5
3 5
15 5
0 5
0 5
0 5
2 5
3 5
3 5
2 5
0 5
3 5
31 5
16 5
1 5
0 5
4 5
1 5
1 5
1 5
3 5
4 4
4 5
3 5
1 5
1 5
3 5
3 5
5 5
0 5
0 4
0 5
0 5
1 5
2 5
30 5
35 5
1 5
1 4
7 5
1 4
1 4
0 4
0 4
0 4
0 5
2 5
0 4
0 4
4 5
0 5
0 5
0 5
2 5
0 4
2 5
0 5
1 5
3 5
1 5
2 4
0 5
0 5
1 4
0 5
2 4
0 5
2 5
0 5
0 5
3 5
0 4
0 4
1 4
0 4
1 5
1 4
1 5
5 5
10 5
1 5
2 5
3 5
0 4
1 5
1 4
2 5
3 5
3 5
1 4
2 5
0 5
0 5
0 5
0 4
2 5
4 5
4 5
11 5
0 5
3 5
0 5
0 5
1 5
0 5
0 5
8 5
5 5
5 5
4 5
26 5
12 5
5 5
8 4
0 5
12 5
9 5
0 5
4 4
1 4
1 4
1 4
0 5
1 5
1 5
0 5
5 5
0 5
3 5
3 5
1 4
3 5
3 4
6 5
8 5
0 5
5 5
0 5
1 4
0 5
6 5
9 5
8 5
0 4
4 5
0 4
0 5
2 5
3 5
3 5
3 5
3 5
1 5
0 5
1 4
1 4
1 4
2 5
0 5
0 4
2 4
1 5
0 5
5 5
2 4
4 5
6 5
6 5
4 5
2 5
2 5
1 5
6 5
5 5
3 5
2 3
0 3
0 3
0 3
0 3
2 3
11 5
1 5
1 5
3 4
7 5
0 4
0 4
0 4
1 4
1 5
0 4
2 5
0 4
0 4
1 4
1 4
6 5
4 5
0 5
1 4
0 4
0 4
1 5
1 5
1 5
8 5
4 5
5 5
0 1
1 5
1 5
1 5
2 5
0 5
1 5
1 5
0 5
7 5
3 5
28 5
1 5
0 5
0 5
2 5
1 5
2 5
4 5
1 4
3 5
3 5
1 5
7 5
1 5
2 5
0 4
0 5
0 4
1 5
1 4
0 5
0 4
0 4
4 5
1 5
4 5
0 3
0 5
2 5
3 5
2 4
1 5
1 5
1 5
1 4
2 4
3 4
5 5
5 5
3 5
4 5
3 4
3 4
2 4
2 4
0 4
2 4
3 4
3 5
13 5
5 5
1 4
2 4
5 5
3 5
2 5
3 4
0 4
1 5
1 4
5 5
7 5
0 5
0 3
0 3
1 4
1 5
2 5
20 5
1 4
2 5
2 5
0 5
2 5
0 5
0 5
1 4
7 5
2 4
0 4
0 4
1 5
3 5
1 5
1 4
1 4
0 4
13 5
0 5
2 5
1 5
1 4
0 5
0 5
0 5
1 4
1 5
0 5
1 4
1 5
2 4
2 4
3 4
1 5
4 5
2 5
2 5
1 5
2 4
5 4
1 3
8 5
2 4
2 4
6 5
6 5
1 5
1 5
4 5
1 5
1 5
1 4
1 4
1 4
4 5
2 5
2 5
0 5
1 5
7 5
2 5
1 5
2 5
5 4
2 4
2 5
1 5
5 2
5 4
3 5
3 5
1 5
8 5
5 5
17 5
7 5
1 4
4 5
1 4
3 4
1 4
4 4
2 4
1 4
0 4
1 5
0 5
2 5
2 5
12 5
1 4
14 5
1 5
5 5
1 5
1 4
1 4
4 5
5 5
6 5
1 5
3 4
3 4
1 5
2 5
0 5
1 5
0 5
2 4
3 5
1 5
1 5
0 4
3 5
0 5
2 5
1 5
6 5
7 5
1 5
0 5
1 5
0 5
0 5
7 5
0 4
2 4
0 4
0 4
2 5
1 5
13 4
5 5
0 5
0 5
1 5
3 5
0 4
0 5
1 5
3 5
31 5
3 5
25 5
3 5
5 5
0 3
0 4
2 4
0 5
0 4
0 4
0 5
0 4
0 5
1 4
2 5
0 4
1 4
1 5
1 5
0 3
1 4
0 4
3 4
1 4
5 4
0 5
0 4
1 4
0 4
1 4
1 4
4 5
1 5
1 5
0 5
1 5
2 5
3 4
1 5
2 4
0 5
5 5
4 4
0 4
0 5
4 5
0 4
0 5
6 5
3 5
0 4
3 5
0 5
1 5
4 5
0 3
4 5
0 3
