5 4
1 4
58 5
0 4
5 4
0 4
12 5
11 4
0 4
0 5
0 4
0 3
0 5
2 4
3 5
0 4
6 4
0 4
0 4
9 4
4 4
71 4
6 5
22 5
3 4
5 4
6 5
0 5
0 4
9 4
2 5
0 5
4 4
1 4
1 4
0 5
1 4
1 5
5 5
1 5
4 4
0 4
1 4
1 4
0 3
0 5
1 5
0 4
1 5
1 4
0 5
1 5
3 4
1 5
1 5
1 5
4 5
0 4
2 5
2 4
1 5
1 3
0 4
2 5
3 5
1 5
4 4
0 5
1 4
1 5
3 4
1 5
1 4
4 4
1 4
0 4
8 5
1 3
23 5
11 4
2 4
2 5
2 4
2 5
0 5
2 5
0 5
5 4
0 5
0 5
0 4
0 5
0 5
1 5
1 4
4 5
0 4
1 4
9 5
0 5
0 3
5 4
1 4
2 5
6 4
3 5
0 4
58 5
2 4
1 4
8 4
1 4
1 4
4 5
5 4
14 4
12 4
2 4
3 5
1 5
5 5
7 5
1 5
2 3
1 5
18 5
3 5
2 5
2 4
44 4
0 4
8 3
13 4
14 5
4 3
37 5
0 4
1 4
1 4
3 5
5 4
0 5
7 5
3 4
1 5
4 4
5 4
1 4
2 5
10 4
1 4
5 4
6 4
3 5
0 4
9 5
5 5
2 4
5 5
5 4
17 5
2 4
3 4
3 5
5 4
6 5
6 4
9 4
3 5
4 5
5 4
5 5
7 4
7 5
8 5
9 5
62 4
34 5
19 4
17 5
3 4
13 4
1 4
76 5
4 5
28 4
1 5
6 5
12 4
10 4
8 4
210 5
18 4
33 4
15 5
16 4
1 4
41 4
7 4
6 5
1 5
0 5
5 4
0 4
2 5
16 4
1 5
13 4
52 4
1 5
42 4
5 5
8 4
19 5
3 5
129 5
5 5
13 5
11 5
5 4
2 5
28 5
10 4
9 5
22 5
56 4
47 5
3 4
34 4
6 5
56 5
16 5
60 4
24 4
55 4
47 4
90 5
2 4
34 5
45 4
7 4
2 5
4 5
18 4
92 5
1 5
96 4
5 2
8 4
10 5
2 5
3 5
260 5
2 4
1 5
16 5
0 4
1 4
11 4
11 4
30 5
3 4
35 5
1 3
3 5
2 3
82 5
1 5
45 5
4 5
11 5
49 4
16 5
6 4
11 4
8 4
7 5
2 5
14 5
7 4
5 4
34 5
10 4
0 5
20 5
5 4
83 4
1 4
15 5
12 4
2 4
8 4
3 5
26 4
2 4
1 5
2 5
3 4
1 5
20 5
15 4
3 5
4 5
6 3
2 4
0 5
7 4
7 5
6 4
17 4
0 4
1 5
3 5
4 4
4 5
14 4
11 4
0 5
9 5
2 4
10 5
48 5
21 5
25 5
12 5
127 5
0 5
8 5
14 5
1 5
27 4
18 4
2 5
7 5
2 5
4 4
10 5
1 4
2 4
262 4
193 5
3 5
33 4
0 5
15 5
85 4
14 4
6 5
15 4
8 5
11 5
14 4
15 5
3 4
3 5
0 5
6 5
1 4
26 4
9 4
42 5
3 4
8 5
16 4
15 5
3 4
4 5
6 4
64 4
332 5
36 4
8 4
4 4
4 5
14 4
9 5
2 4
3 4
21 4
5 5
13 4
10 4
3 5
9 5
3 4
3 5
18 5
1 4
123 5
5 4
10 4
98 5
13 4
13 4
7 4
50 5
6 4
10 5
35 4
20 5
42 4
22 4
7 4
11 4
7 4
19 3
15 5
45 4
8 5
6 5
10 4
24 4
10 3
13 5
144 4
3 4
21 5
20 4
55 5
18 4
22 5
8 4
31 4
10 4
27 4
5 4
5 4
14 5
12 4
7 5
5 4
34 4
8 5
11 5
5 4
44 5
12 5
13 4
113 5
24 4
0 4
12 5
15 4
1 4
5 5
0 5
16 5
4 4
8 5
9 5
2 4
13 4
0 5
2 4
2 5
18 4
5 4
3 5
1 5
7 5
21 4
7 4
20 4
15 4
7 5
14 4
2 5
2 4
10 3
2 5
23 5
15 5
71 5
121 4
13 4
6 4
16 4
23 4
4 4
37 4
22 4
3 4
9 4
9 4
7 4
36 4
2 5
20 5
1 4
1 4
13 4
0 4
5 4
45 5
5 5
2 3
6 4
56 5
1 5
17 4
21 5
9 4
19 5
9 4
11 4
7 5
43 4
10 3
19 4
8 5
6 5
9 5
4 4
50 4
7 4
19 4
8 5
3 4
29 5
4 5
13 4
56 4
11 4
6 4
27 4
17 5
12 5
13 4
1 4
8 4
8 4
8 4
10 4
8 4
1 5
35 5
12 4
8 4
9 4
10 5
93 5
39 5
7 4
3 5
24 5
86 4
21 5
120 5
16 4
15 4
6 4
70 5
13 3
48 4
28 4
215 4
7 4
108 5
8 4
1 4
8 4
7 5
6 5
64 4
6 4
11 3
5 4
5 3
17 4
7 5
2 5
7 4
1 5
2 4
9 5
57 4
16 4
14 4
5 5
61 5
11 4
8 5
14 4
2 3
5 3
27 5
23 5
50 3
4 5
2 4
9 4
3 4
58 4
42 4
17 3
11 5
9 3
15 5
5 4
12 5
10 4
13 4
2 3
14 5
11 4
2 4
7 4
10 3
6 4
5 5
6 4
8 3
2 4
1 5
45 5
2 4
13 4
2 2
56 5
6 4
18 3
1 4
9 5
79 5
10 4
19 4
5 4
76 5
18 4
9 4
16 5
6 4
4 3
1 5
124 5
3 4
38 5
9 5
22 3
13 4
3 4
5 3
19 4
11 4
24 5
3 4
3 4
15 5
16 4
137 5
41 4
16 4
7 4
5 4
9 5
8 4
18 5
30 4
35 5
3 3
9 5
7 4
14 4
6 5
10 3
13 4
35 4
4 5
13 5
11 4
20 4
20 4
10 4
3 3
1 4
10 5
9 5
39 5
22 4
22 4
63 5
7 5
25 5
7 5
42 4
4 4
15 5
5 5
3 4
54 5
17 4
9 3
4 4
4 4
6 3
18 5
7 3
16 5
4 4
10 5
25 4
16 5
2 4
3 5
2 3
5 4
45 5
3 4
3 4
9 4
3 5
1 4
1 4
2 4
5 3
4 4
53 5
10 5
4 4
2 5
24 5
4 5
6 4
15 5
11 4
3 4
10 4
9 4
3 5
8 4
4 5
4 4
27 4
6 4
1 4
14 5
21 4
5 5
9 5
4 4
12 3
21 5
1 4
10 4
7 4
5 4
15 4
6 3
17 5
16 4
11 4
6 4
9 4
41 3
32 4
32 5
3 4
5 4
18 4
9 4
12 4
31 4
7 4
19 4
3 4
9 4
3 3
4 4
10 4
1 4
69 4
6 3
9 5
6 5
46 5
13 4
47 4
2 4
5 5
6 4
2 3
11 3
25 4
12 3
9 5
5 5
3 4
17 5
1 4
18 3
11 5
6 5
3 4
4 4
3 4
8 4
23 5
8 4
5 4
8 5
11 4
7 5
22 5
2 4
18 4
9 4
85 5
7 4
11 4
2 5
14 5
25 3
26 5
20 3
19 5
25 4
10 5
6 3
2 4
2 3
30 4
6 5
6 4
19 5
2 4
30 4
3 4
5 4
2 5
6 5
24 4
8 5
7 4
10 4
6 4
3 4
3 5
57 4
11 5
4 3
4 4
7 5
7 5
14 3
2 5
10 5
5 5
2 4
5 4
7 5
27 5
11 5
5 3
16 5
11 4
13 4
5 5
3 5
9 5
4 3
4 5
8 5
4 5
4 4
7 5
0 5
4 3
5 3
9 5
13 5
15 3
3 3
4 4
7 5
2 3
5 5
5 4
1 5
15 3
14 3
14 5
2 3
11 5
6 5
20 5
1 4
7 4
3 5
5 4
58 4
7 5
13 5
11 5
5 5
5 5
22 5
5 5
21 5
2 4
5 4
4 5
