27 5
0 5
0 5
1 5
0 5
4 5
4 4
0 5
5 5
0 3
1 4
0 5
2 5
0 5
1 5
26 1
1 4
1 4
1 5
0 5
2 1
1 3
6 5
2 5
0 5
1 3
0 3
1 1
1 3
3 4
0 4
0 5
1 5
11 5
3 4
4 5
1 5
18 5
0 2
0 5
1 5
0 4
3 1
0 5
1 5
0 4
18 5
2 5
0 4
1 4
1 4
0 5
2 4
0 4
0 4
0 4
1 5
1 5
2 4
1 5
0 4
6 5
1 5
1 4
2 5
0 4
0 5
20 5
0 5
0 5
0 5
2 4
1 4
0 5
1 5
1 4
25 4
3 5
2 5
0 5
0 5
0 5
0 5
5 5
0 5
0 5
4 5
1 3
40 3
0 4
0 3
2 5
0 3
5 5
1 5
0 5
0 5
1 5
0 5
1 4
0 4
1 5
0 5
2 5
1 5
0 3
1 4
1 5
5 4
1 5
3 5
4 5
2 5
2 5
2 5
18 4
13 4
10 5
1 4
6 5
0 4
6 3
2 5
0 5
0 5
5 3
2 5
9 5
23 5
0 4
3 4
0 2
1 5
1 5
24 5
4 5
9 5
1 3
4 4
3 4
8 5
43 5
1 5
3 5
2 5
1 5
5 5
0 4
3 2
21 5
1 5
3 5
0 4
4 5
2 4
3 4
2 5
0 5
5 5
17 4
16 5
1 5
0 5
1 5
0 4
10 5
0 3
1 5
10 4
63 5
6 4
2 5
0 5
21 5
0 5
16 5
73 4
9 5
68 5
4 3
8 3
42 5
5 4
0 5
0 5
0 4
3 5
2 4
0 4
2 4
0 5
89 4
11 2
1 5
37 5
5 3
6 5
22 5
2 3
1 3
20 5
3 5
12 4
18 4
2 5
3 5
18 5
1 4
10 5
2 5
0 4
2 4
31 4
3 5
1 5
2 4
2 4
0 5
297 4
1 4
0 5
0 5
0 4
5 5
0 4
0 5
3 5
0 4
0 4
0 5
0 5
0 5
3 5
14 5
0 5
1 5
0 5
1 4
2 4
0 3
3 5
3 5
23 5
2 5
40 5
110 5
1 5
4 5
33 5
2 5
0 5
5 4
2 5
9 4
0 4
0 5
0 4
0 4
0 3
1 5
2 4
1 4
8 2
0 3
1 5
0 5
0 4
6 5
0 5
4 5
0 5
0 4
0 4
1 5
10 5
0 4
0 4
4 4
1 4
0 5
0 5
0 5
1 3
1 4
4 4
0 4
3 5
0 4
0 1
4 5
2 3
2 4
4 4
12 5
14 5
0 4
32 5
0 4
5 4
0 5
42 4
5 4
13 4
69 5
11 4
19 5
0 5
0 5
0 5
2 4
0 5
0 5
8 5
4 5
3 4
6 3
5 5
10 4
5 4
1 4
4 5
5 5
3 5
0 5
1 4
20 3
40 3
5 4
0 4
3 4
0 3
0 5
16 4
1 4
55 5
11 5
4 5
2 4
6 5
3 4
2 5
2 5
83 4
16 5
0 5
22 5
12 4
1 5
1 5
1 5
1 3
53 5
61 5
46 3
21 4
15 4
9 5
33 4
5 3
14 5
2 3
1 3
350 5
0 5
3 3
0 5
3 4
25 5
2 5
77 5
1 5
0 3
1 4
1 5
12 3
4 5
1 5
34 5
0 5
10 3
3 5
3 2
2 5
0 5
1 3
0 5
5 5
0 3
0 5
1 5
15 5
9 4
38 5
8 5
2 4
3 3
0 4
0 5
0 3
5 4
16 5
11 3
6 5
7 4
179 5
34 5
13 4
31 5
4 5
4 5
1 5
0 5
0 4
337 5
1 5
5 5
2 4
15 5
9 4
0 1
244 4
24 5
15 4
6 2
0 5
4 4
13 4
0 4
19 5
1 5
2 4
0 3
0 4
0 4
1 5
0 4
0 5
537 5
40 5
6 5
4 3
83 5
13 4
5 4
47 5
2 4
69 4
0 5
14 5
64 4
0 4
3 5
3 5
67 5
13 4
4 5
46 5
3 5
0 4
4 4
4 5
11 4
1 1
1 3
2 3
6 5
0 5
30 5
2 3
15 5
19 4
18 5
12 5
19 4
1 5
20 5
0 5
0 3
5 2
12 3
22 4
15 5
4 4
22 4
2 4
13 5
49 5
13 5
5 3
0 4
3 5
1 2
0 2
0 3
0 5
0 3
2 5
0 5
0 5
1 3
2 5
4 4
32 5
12 4
12 4
1 5
3 5
7 5
5 4
4 5
2 4
0 5
0 3
0 3
76 5
0 5
0 5
0 5
0 5
0 4
5 5
1 4
2 5
0 5
1 4
26 5
133 5
6 5
3 3
38 5
119 5
1 4
12 5
1 3
1 4
6 4
1 3
3 5
12 3
2 5
3 4
4 3
1 4
18 4
16 5
13 5
16 4
32 3
13 5
16 5
0 5
9 5
10 3
0 2
0 4
1 5
1 5
2 5
1 5
0 5
1 4
0 5
18 5
4 5
114 5
11 5
23 5
21 5
7 4
182 5
6 5
5 5
25 4
0 4
30 5
18 4
9 4
18 5
0 5
4 5
28 3
5 2
6 4
3 5
10 4
9 5
2 5
33 1
0 5
1 4
2 5
0 5
0 3
2 5
0 5
2 5
21 5
3 5
0 3
0 3
4 5
7 4
11 4
18 4
3 5
5 3
13 5
6 4
345 5
19 2
15 1
9 4
8 3
4 3
0 5
0 3
4 4
14 5
3 4
1 4
4 5
11 4
6 5
36 3
31 5
6 4
9 4
15 4
23 4
29 5
139 5
7 5
3 5
10 3
12 5
18 4
39 5
11 5
38 4
20 5
0 5
7 4
9 4
0 5
8 3
3 3
29 4
0 4
28 5
19 4
17 5
11 3
4 5
17 4
1 4
2 3
5 3
0 5
3 4
1 4
2 5
11 4
4 4
2 4
6 5
22 5
17 3
14 4
22 4
6 2
5 5
26 5
5 5
3 3
6 5
4 5
8 5
8 3
2 5
19 5
4 5
8 4
1 3
10 3
13 5
3 4
47 5
10 5
22 5
63 5
47 4
1 5
18 1
18 5
6 4
3 3
14 5
22 5
18 4
4 5
2 5
1 5
33 2
35 5
7 3
20 5
328 5
2 2
5 2
16 5
3 5
8 4
54 5
1 5
42 5
2 5
5 4
6 2
8 4
28 4
6 4
2 3
11 4
9 5
5 4
49 4
2 4
6 5
36 5
28 5
15 5
11 4
12 4
4 5
12 4
2 5
0 2
2 3
16 4
0 5
47 5
5 5
4 3
35 4
1 4
12 4
6 5
7 4
9 3
294 4
552 5
16 4
225 5
40 5
12 3
9 3
23 5
0 3
16 5
4 5
14 3
11 5
5 5
24 5
12 5
15 5
19 5
38 5
2 3
1 4
4 5
26 4
6 5
8 4
39 5
17 5
10 2
27 3
1 4
10 3
4 3
3 4
6 5
9 5
9 4
31 3
3 4
4 5
14 4
1 4
0 3
12 3
31 5
74 4
1 5
47 3
11 3
9 4
8 4
8 4
37 5
4 3
14 5
9 5
19 4
5 4
19 5
7 4
19 4
37 4
31 2
4 1
10 4
132 3
121 4
211 5
28 5
13 3
11 4
19 5
19 5
16 5
