26 5
13 5
7 5
5 5
94 5
9 1
14 5
17 5
5 5
0 3
2 5
0 1
0 5
1 1
35 1
16 5
3 4
6 5
9 5
2 3
13 5
14 5
3 5
7 5
2 4
0 4
2 1
8 5
9 4
2 5
1 5
6 4
0 5
1 5
2 5
32 5
4 2
3 3
0 2
3 2
0 5
6 2
10 5
12 5
2 5
2 4
8 1
1 1
0 1
17 5
0 5
3 5
11 4
3 5
1 3
10 5
31 4
9 2
24 5
14 4
6 4
6 1
2 5
2 3
6 5
21 5
11 5
4 5
3 5
1 5
1 5
1 5
1 2
8 5
4 5
20 5
4 5
2 5
4 5
2 5
16 5
4 5
11 5
7 2
1 4
15 5
3 5
9 5
2 5
1 4
9 5
0 5
13 5
0 5
0 5
1 3
2 5
42 5
7 4
4 2
27 5
5 5
6 5
4 5
12 5
3 5
15 5
4 5
9 1
2 1
8 1
23 5
0 5
4 5
13 5
1 5
1 5
3 3
9 2
7 3
5 4
1 5
0 5
3 5
6 5
0 5
9 5
4 5
4 4
0 5
16 5
2 5
12 5
2 5
32 5
2 5
16 5
17 5
6 5
8 5
5 2
1 5
4 5
0 4
8 5
0 5
1 5
1 5
0 3
4 4
21 5
0 5
6 5
3 5
45 5
9 5
1 3
0 4
1 1
3 4
1 5
2 5
0 2
1 5
2 5
2 5
2 5
13 3
11 5
3 5
0 1
8 1
1 3
0 1
25 2
9 5
96 5
1 5
0 1
2 5
1 5
5 5
17 5
90 1
26 5
97 4
31 5
2 5
56 5
34 1
113 5
8 5
5 4
1 4
1 5
1 5
46 5
4 5
0 5
1 5
3 1
1 5
9 5
3 1
6 5
0 4
2 5
26 5
4 5
18 5
12 5
2 5
3 5
3 5
22 5
16 4
83 5
0 5
110 5
19 5
33 5
2 5
1 5
26 5
1 5
2 5
6 4
43 5
6 2
56 5
12 3
10 5
15 5
18 5
24 5
0 5
0 3
11 5
36 5
56 5
8 5
11 1
6 5
11 5
12 5
3 4
36 5
2 5
4 5
7 5
1 5
11 5
15 5
12 5
8 5
8 5
17 2
4 2
7 5
3 1
3 4
3 2
4 1
9 5
6 3
5 5
4 5
6 5
5 1
3 1
20 5
10 5
7 1
4 5
4 5
8 5
6 5
4 4
2 5
2 5
2 5
1 5
13 4
5 1
6 5
17 5
6 5
18 5
5 1
6 3
65 5
9 5
15 5
7 5
26 1
5 1
1 5
6 1
16 5
54 4
7 5
8 5
22 5
31 3
21 3
5 5
3 5
4 5
35 5
6 5
3 5
3 5
14 5
7 5
21 5
14 1
0 1
43 5
2 1
6 1
5 4
7 4
40 5
17 5
25 5
9 5
0 5
59 5
3 5
39 5
43 5
1 5
6 5
7 4
10 5
4 5
10 5
0 1
1 1
0 4
19 2
2 5
7 2
0 5
3 5
2 1
3 4
3 5
0 5
1 1
4 5
2 5
0 5
2 5
2 5
73 5
0 4
6 5
47 5
11 5
6 5
17 5
28 5
1 1
4 5
5 5
21 5
13 5
3 5
4 5
8 5
5 5
3 5
4 5
3 1
6 5
39 5
2 4
3 1
13 5
2 1
17 5
3 5
3 1
16 5
2 4
1 1
5 3
15 5
13 5
5 5
92 5
1 5
21 5
6 5
23 5
2 5
14 5
2 5
5 1
2 5
18 4
1 5
1 5
3 5
5 5
6 2
2 5
8 5
14 5
7 3
0 5
0 5
2 5
1 5
58 5
3 5
3 4
1 5
10 5
1 5
8 5
0 5
7 5
9 5
1 2
5 2
2 5
2 5
6 5
3 3
1 4
6 5
1 4
5 5
8 5
8 5
6 4
5 4
6 4
12 4
0 1
3 3
16 1
3 1
2 1
7 1
8 1
1 1
1 1
2 1
28 1
0 1
6 5
5 5
18 2
8 2
0 5
0 1
1 5
14 5
13 4
0 4
1 3
4 3
0 5
3 4
3 4
10 5
2 5
6 5
19 5
7 5
8 4
5 5
1 4
17 4
10 4
7 5
12 5
5 5
7 5
0 5
3 5
0 5
7 5
0 5
0 5
0 5
0 5
0 1
2 5
1 5
0 5
5 5
5 5
0 5
57 5
0 5
5 5
14 5
2 5
36 5
1 5
4 5
2 4
19 5
3 5
11 4
4 1
2 5
37 3
3 2
4 4
13 5
2 5
12 4
8 5
11 5
9 5
17 3
1 4
4 5
9 5
3 5
1 3
21 4
3 5
1 3
3 1
25 5
1 5
12 5
2 5
4 5
29 5
3 1
2 4
3 5
1 5
12 5
4 5
1 5
12 5
4 5
52 5
5 3
0 5
8 5
7 5
11 5
1 5
11 5
14 5
4 5
2 5
7 5
9 5
4 5
2 5
24 5
3 5
0 1
14 5
10 5
16 5
5 5
4 4
27 5
6 5
2 4
11 5
3 5
3 4
3 5
1 5
5 5
10 3
1 1
5 4
9 5
6 4
7 4
14 5
40 4
26 4
34 5
22 5
14 5
31 5
10 5
3 5
5 2
2 1
18 5
38 5
0 5
55 5
10 5
4 1
18 5
14 5
9 5
0 4
2 5
1 5
1 5
7 5
0 4
1 5
4 5
2 4
4 5
10 5
11 4
4 4
4 4
0 4
2 4
2 5
5 5
17 2
14 4
1 1
0 1
15 5
11 2
4 3
8 1
2 1
2 5
2 5
23 5
3 4
1 1
0 5
6 5
3 5
4 5
2 1
0 5
6 5
14 5
10 5
13 5
14 5
21 5
7 4
4 5
5 5
1 5
5 4
13 5
9 5
19 5
8 4
3 5
2 5
1 3
4 4
4 3
45 5
10 4
1 4
41 5
23 5
2 5
20 5
9 5
9 5
8 4
5 5
0 5
9 5
23 5
1 5
21 5
100 5
23 4
30 2
15 5
4 4
1 4
7 4
1 5
4 1
3 5
11 5
12 5
9 4
17 5
2 5
3 5
10 5
2 4
10 4
18 5
14 5
0 5
9 5
12 5
10 5
9 5
1 5
6 5
5 2
2 4
3 4
10 5
5 5
17 5
2 4
8 5
2 2
4 3
6 5
5 5
3 5
0 5
3 5
0 1
5 1
1 1
1 2
2 5
3 5
4 5
0 5
6 5
7 5
3 5
6 5
3 5
4 3
4 5
2 5
3 4
4 5
12 1
2 3
4 5
1 4
3 3
5 5
2 5
4 1
1 5
3 2
2 3
6 5
3 4
6 4
2 5
2 4
2 2
2 1
6 4
0 2
8 2
4 4
8 5
1 4
5 4
3 1
1 5
3 2
0 4
1 5
2 2
1 5
3 2
3 4
23 5
0 4
22 1
1 5
0 1
0 5
4 1
8 5
2 5
11 4
3 1
2 5
22 5
1 1
16 2
1 1
0 1
9 5
1 2
12 5
14 5
7 5
23 5
10 5
34 5
4 1
10 5
18 5
9 5
7 5
10 5
2 5
1 4
45 5
6 5
7 5
7 5
6 5
5 5
5 1
19 4
6 5
3 1
4 1
5 1
6 2
0 1
18 5
0 3
1 1
1 1
1 5
3 1
22 5
2 5
2 1
1 1
5 5
4 5
4 5
1 5
4 5
1 5
0 5
2 5
0 2
6 1
8 1
2 5
5 5
