3 5
16 5
4 5
11 5
5 5
5 5
6 5
5 5
14 5
3 5
9 5
25 5
37 5
2 5
4 5
3 5
2 5
8 5
3 4
2 5
1 5
8 5
2 5
3 3
3 4
2 3
5 5
3 4
4 5
6 5
3 4
1 3
4 4
0 3
2 5
2 3
7 5
1 5
5 5
0 4
5 3
3 5
13 4
7 4
1 4
4 4
2 4
3 5
1 4
6 3
9 5
5 5
1 4
3 5
11 5
5 4
2 5
1 5
1 5
1 4
10 4
3 5
0 4
2 5
2 4
2 5
3 5
5 5
3 5
3 3
1 3
1 5
5 5
4 5
1 5
2 5
7 4
3 5
3 4
6 5
1 5
0 5
2 5
10 5
1 4
6 5
0 5
6 5
3 5
3 5
5 5
5 5
1 5
5 5
10 5
9 5
0 3
1 5
3 5
3 5
1 5
2 5
0 5
0 5
1 5
2 4
16 5
3 4
5 5
1 5
1 3
7 5
2 5
2 4
5 5
0 5
8 4
3 4
3 4
1 3
2 5
9 4
9 4
2 5
4 4
3 4
13 5
8 5
5 5
25 5
14 5
10 4
4 4
4 4
4 5
2 4
5 5
2 5
2 5
2 5
3 5
15 4
2 5
10 5
13 4
6 5
5 5
5 4
4 5
1 5
5 5
2 5
16 5
8 5
4 5
3 4
6 5
4 3
7 3
2 4
0 4
6 4
4 4
4 5
3 3
7 4
10 5
3 5
4 5
34 5
17 4
3 5
3 5
2 3
3 5
4 3
3 5
4 5
2 5
2 5
6 5
0 5
2 4
5 5
2 5
3 4
4 5
2 5
2 5
1 5
3 5
2 5
3 5
0 5
15 5
7 5
4 5
4 5
6 5
7 5
5 4
2 5
0 4
8 5
2 4
0 3
14 5
2 4
2 5
0 5
1 3
3 4
1 4
2 4
1 5
1 3
2 3
2 4
5 5
2 5
5 5
1 5
2 4
1 4
3 5
11 5
3 4
4 3
1 5
15 5
6 4
4 5
1 3
22 4
13 5
2 5
15 5
5 5
2 4
4 4
0 5
3 5
10 4
3 5
0 4
1 4
3 5
3 5
15 4
4 4
1 5
3 5
0 4
5 4
7 4
11 5
2 4
1 5
1 4
5 5
4 5
1 5
2 5
2 5
2 5
4 4
2 4
2 5
4 5
3 4
1 5
3 5
3 4
1 5
2 5
0 5
2 5
3 4
7 5
2 5
7 5
1 4
5 5
5 5
15 5
5 5
13 5
4 4
1 4
3 4
0 5
5 5
1 5
1 4
1 4
0 4
8 4
1 4
3 5
6 5
1 4
3 5
1 5
4 5
0 5
2 4
4 5
2 5
4 4
2 5
16 5
0 5
19 5
0 5
0 5
9 5
0 5
8 5
5 4
9 5
2 5
4 4
2 5
0 5
10 5
2 3
2 4
6 5
6 4
4 5
4 5
1 4
1 4
2 4
0 4
15 5
10 5
1 5
2 5
0 5
4 5
0 5
2 5
5 4
5 5
1 4
2 5
5 4
4 4
14 5
0 4
2 4
1 4
0 5
8 4
3 4
8 5
2 5
0 5
1 3
2 5
2 4
1 5
3 2
3 4
1 5
0 5
3 4
1 5
3 5
4 5
4 5
8 5
3 5
11 5
5 5
17 5
0 5
28 5
2 5
1 5
0 4
5 5
0 3
3 5
0 5
4 5
12 5
11 5
4 4
2 4
0 4
1 3
4 4
2 5
6 5
36 5
7 5
3 5
6 5
12 4
1 5
1 5
4 4
3 5
6 5
5 5
0 5
1 4
13 4
1 5
0 5
2 4
10 5
2 5
0 4
0 3
4 5
2 5
3 5
1 4
6 5
15 5
2 5
0 5
6 5
0 3
0 4
1 3
1 5
7 4
0 5
2 5
1 4
3 5
2 5
11 5
5 5
1 2
2 5
1 5
1 5
0 5
0 5
2 5
0 5
0 5
2 4
5 5
6 5
1 3
2 3
1 4
5 5
6 5
2 5
2 5
2 5
13 5
1 5
4 5
0 5
0 5
3 5
15 5
5 5
8 5
6 5
3 5
0 4
2 5
4 5
3 5
6 5
2 5
2 5
1 5
4 5
2 5
5 5
13 5
4 5
4 4
1 5
16 5
1 5
2 4
2 4
3 5
2 4
5 5
2 4
3 5
7 4
0 5
0 5
1 4
5 4
1 5
4 5
6 5
0 5
8 4
4 5
1 5
11 5
0 5
34 4
2 5
16 5
2 5
6 3
3 5
3 5
4 4
3 5
1 5
3 5
12 5
3 4
2 5
1 4
4 5
0 4
6 5
3 5
4 5
9 5
3 5
27 5
19 5
8 5
8 5
2 5
2 5
2 5
5 5
7 5
12 5
2 5
0 5
1 5
4 5
5 5
8 5
10 5
24 4
2 4
48 5
48 5
1 5
8 5
0 4
6 5
3 5
9 5
4 5
2 5
2 4
0 4
0 4
1 4
3 5
5 5
5 5
1 5
0 4
5 5
4 5
14 4
3 5
14 5
2 5
1 5
2 5
2 5
8 5
2 5
3 5
1 4
2 3
6 5
1 5
0 5
9 4
5 3
0 2
2 5
11 5
0 5
7 5
0 5
9 5
2 5
9 5
1 5
1 5
0 5
2 5
6 4
2 5
0 5
2 5
1 5
3 3
1 4
7 5
3 5
8 4
4 3
1 5
2 4
2 5
4 3
3 3
6 4
2 5
5 4
6 5
4 5
3 5
4 4
2 4
7 5
1 5
5 5
5 5
4 5
3 5
5 5
5 5
5 5
1 5
8 4
3 3
2 5
11 5
0 5
1 5
0 5
3 5
0 5
6 5
0 4
2 5
8 5
1 5
1 3
3 5
10 5
0 5
12 5
2 5
8 5
4 3
10 5
17 5
17 4
4 5
1 3
1 4
2 4
13 5
8 4
0 5
4 5
0 5
4 4
4 5
3 4
0 4
1 3
7 5
0 5
0 4
2 4
7 5
1 5
0 3
1 5
0 5
2 5
3 5
5 5
2 3
0 5
4 5
1 4
1 5
8 5
5 5
3 3
10 5
4 4
1 4
2 5
8 5
1 5
1 5
15 5
0 5
3 5
2 3
5 4
27 5
1 3
17 5
2 5
2 4
5 4
21 5
2 5
18 5
31 5
8 5
16 4
3 4
9 5
10 5
0 4
4 5
13 5
3 3
10 4
4 4
3 4
0 5
7 5
0 5
0 5
2 4
15 5
5 5
5 3
1 2
4 4
3 5
4 5
0 5
0 5
1 5
1 5
8 5
4 5
6 5
0 5
0 5
0 5
3 5
8 5
2 5
10 5
0 4
5 5
2 4
6 4
4 4
3 3
1 4
1 4
9 5
25 5
1 3
10 5
4 5
12 5
12 5
1 5
3 5
6 4
2 4
2 4
6 5
3 5
12 4
4 4
6 5
16 5
0 4
1 5
5 4
1 4
1 5
5 5
5 5
6 5
2 5
2 5
0 3
3 5
8 4
3 5
1 5
2 3
0 3
4 5
0 4
0 3
1 5
0 5
2 5
1 5
3 5
14 5
10 5
0 4
5 5
0 5
0 4
4 5
0 3
7 4
10 5
14 5
20 5
2 5
2 5
3 5
0 5
3 4
3 5
2 5
5 4
0 5
7 5
0 5
7 5
1 5
11 5
0 5
2 5
3 4
4 5
3 5
0 5
2 4
0 5
2 5
2 5
5 5
5 5
0 5
0 5
2 5
10 4
2 5
1 3
1 3
2 4
1 4
0 4
2 4
4 4
1 4
2 5
1 5
2 4
2 3
5 5
5 4
4 5
5 4
2 5
17 3
0 4
0 3
5 4
1 3
2 5
6 5
1 4
4 5
5 3
0 4
5 5
12 5
1 5
6 4
2 4
2 5
20 5
24 5
0 5
2 5
3 5
8 4
5 5
11 5
9 4
18 4
5 4
0 4
3 5
2 5
2 4
0 3
4 4
1 5
10 5
2 5
3 5
0 5
3 5
6 4
1 4
1 5
7 5
8 5
0 5
13 5
0 3
4 5
0 5
3 5
63 5
5 4
4 5
6 4
20 5
2 3
1 3
5 4
7 5
9 5
1 5
9 5
0 5
5 5
0 3
1 5
2 5
3 5
3 5
2 5
12 5
15 4
5 4
8 5
3 5
2 5
4 5
4 5
1 5
8 4
47 5
2 5
4 5
8 5
2 5
5 5
2 5
41 5
7 5
3 5
2 4
5 5
1 3
4 5
1 4
8 5
2 4
0 3
3 5
3 4
9 5
8 5
2 5
5 5
1 5
5 4
4 5
1 5
4 5
2 5
0 5
7 3
2 3
5 4
4 5
1 5
6 5
5 5
4 4
7 5
14 5
2 5
4 5
5 5
10 5
11 5
5 4
3 5
0 5
2 5
1 5
10 5
1 4
3 4
0 4
2 4
1 4
2 5
10 5
9 5
3 5
27 5
1 5
15 5
28 5
7 3
3 5
27 5
6 4
4 5
6 5
5 5
9 5
3 4
5 5
2 4
2 4
2 4
1 5
20 5
3 5
0 5
4 5
0 5
5 5
5 5
0 4
0 5
0 5
3 5
0 5
6 5
5 5
1 5
4 5
8 5
4 5
1 5
0 5
105 4
7 4
7 5
10 4
12 5
19 5
7 5
3 5
6 4
14 5
0 5
5 5
0 4
2 5
10 5
7 5
4 5
3 5
2 5
1 5
10 4
34 5
4 5
6 5
3 4
2 5
17 5
8 5
1 5
4 4
1 5
3 5
10 5
0 5
2 4
2 5
17 5
8 5
8 4
10 4
0 4
11 4
4 5
6 5
24 5
2 5
6 5
5 5
11 5
2 4
1 3
0 3
8 3
5 5
3 5
3 5
8 5
5 5
11 2
3 5
1 5
0 3
0 4
6 5
5 5
7 4
13 5
0 5
0 4
0 5
0 5
1 5
8 4
8 5
3 5
2 4
6 5
3 4
0 4
1 4
0 4
2 5
0 3
1 3
3 5
6 5
27 5
1 5
2 5
2 3
78 5
4 5
37 5
1 5
15 4
1 4
11 4
5 5
1 5
1 5
2 5
0 5
11 5
6 5
6 5
0 4
2 5
4 3
3 3
4 5
6 5
5 5
7 4
2 4
1 4
1 5
16 4
3 5
2 5
9 5
0 5
7 5
122 5
22 5
1 5
0 5
2 5
1 4
39 5
9 5
0 5
4 5
2 4
7 5
2 5
16 5
1 5
2 5
2 5
1 5
14 5
10 5
8 4
6 4
11 5
11 5
4 5
5 5
3 5
41 5
0 5
4 5
2 5
4 4
3 5
6 5
7 5
9 4
0 5
0 5
2 5
3 5
1 4
7 3
3 5
13 5
18 4
4 5
34 5
5 5
1 5
4 4
5 5
5 5
7 5
0 4
1 5
0 4
50 5
3 5
3 5
0 4
2 5
3 3
4 5
5 5
3 4
3 5
4 3
3 5
3 5
5 5
4 5
6 4
3 5
8 4
5 5
3 5
6 5
21 5
6 5
3 5
0 5
3 4
3 5
1 4
0 5
6 5
1 3
5 5
0 5
5 5
4 5
2 4
1 4
8 5
16 5
3 5
9 5
0 5
2 4
0 4
0 5
0 3
1 4
1 5
3 5
16 5
1 5
12 4
8 5
4 5
0 4
1 5
13 5
2 5
21 5
2 3
0 5
5 5
18 5
0 5
0 5
9 5
0 5
5 5
0 4
2 4
0 5
0 5
2 5
1 5
4 5
0 5
6 4
5 5
1 5
0 4
0 5
0 5
7 5
1 5
1 5
0 5
0 5
0 3
1 5
2 5
3 5
1 5
2 5
6 5
1 5
9 5
1 5
2 3
1 5
6 4
5 5
0 4
1 4
3 5
1 5
4 5
0 5
11 5
0 5
2 5
1 5
4 5
7 5
6 5
3 5
4 5
9 5
0 4
3 5
5 5
1 5
0 4
1 5
0 5
0 5
3 5
10 5
1 5
7 4
5 5
2 5
2 5
6 5
3 5
0 5
3 5
2 5
5 5
46 5
4 5
15 5
2 5
4 5
26 5
9 5
12 5
0 5
4 4
4 4
1 3
2 5
8 5
7 5
4 5
0 3
3 4
2 5
2 4
2 5
5 4
4 4
2 5
5 5
