1 4
5 5
3 5
3 5
1 4
3 5
0 4
4 5
1 5
5 5
4 5
0 5
1 5
20 5
6 5
0 4
12 5
1 5
1 5
1 4
7 5
5 5
5 5
1 5
15 5
1 4
0 5
7 5
3 4
3 5
4 5
5 5
0 5
2 5
2 5
1 5
0 5
3 5
1 5
0 4
1 5
2 5
27 5
0 4
1 5
1 5
3 5
5 5
0 4
8 5
0 4
1 1
0 5
2 5
15 5
5 5
4 5
3 4
8 5
1 4
1 5
6 4
8 5
10 5
2 4
0 4
0 4
1 4
2 5
1 4
0 5
0 5
6 5
1 5
0 4
2 4
1 4
10 5
4 4
4 4
0 4
2 5
6 4
10 4
10 5
11 5
0 5
2 5
34 5
52 5
1 4
1 5
2 4
3 5
3 5
4 4
0 3
2 4
3 5
0 5
6 4
28 5
0 4
0 4
0 5
1 5
9 4
6 4
0 4
1 4
5 5
3 5
13 5
6 4
4 5
11 5
2 5
3 5
10 5
3 5
0 4
1 4
19 5
1 5
1 5
2 4
6 5
3 5
7 5
0 4
2 5
1 4
4 4
5 5
1 4
4 4
8 5
0 3
1 5
7 5
1 5
8 5
3 5
1 4
0 3
5 5
1 5
0 5
2 4
3 5
6 3
6 5
1 4
2 5
3 5
3 5
3 5
1 4
4 4
14 5
1 5
0 5
3 4
7 5
5 5
2 5
6 4
12 5
3 5
2 4
1 4
0 5
3 5
1 4
1 4
3 5
4 4
1 5
9 4
1 5
1 5
10 4
0 5
1 5
0 5
3 4
0 5
2 4
1 5
1 5
4 5
2 5
0 4
0 4
0 5
0 5
0 5
11 4
3 4
7 4
6 5
1 4
0 3
2 4
27 5
1 4
0 4
1 5
0 5
0 5
2 4
5 5
1 5
10 5
0 4
0 5
0 4
1 5
10 5
0 4
3 4
5 5
0 4
6 4
2 5
2 5
6 4
8 5
12 5
11 5
0 5
0 5
8 5
4 5
4 5
4 4
0 4
5 5
0 5
4 4
5 4
2 5
11 5
1 5
5 4
3 4
0 4
3 4
1 3
0 3
1 5
1 5
13 5
6 5
3 5
9 5
4 5
1 4
3 4
3 5
0 4
1 5
2 5
3 4
21 5
2 5
0 5
1 5
16 5
0 4
3 5
2 5
5 5
1 5
8 5
6 5
9 5
1 5
1 3
1 5
3 4
4 5
5 4
0 4
3 4
1 5
0 3
11 5
1 5
1 3
3 4
0 4
0 4
9 5
3 4
4 5
2 5
2 4
1 4
2 5
11 5
3 5
4 5
6 4
3 4
1 4
6 4
5 4
2 4
4 5
1 4
4 5
4 5
0 5
2 5
79 5
0 4
10 5
1 5
15 5
1 5
1 4
1 5
2 5
0 4
0 5
1 4
4 5
3 5
16 4
20 5
5 5
0 5
4 5
0 5
2 4
4 5
3 5
10 5
0 2
0 5
3 5
9 5
18 3
2 5
1 5
14 5
10 5
12 5
1 5
1 4
8 5
1 5
3 5
0 5
4 4
3 5
4 5
6 5
1 5
2 5
21 5
1 5
0 5
11 5
3 5
4 4
0 5
1 5
12 5
5 4
0 3
5 5
3 5
0 5
1 5
1 5
0 3
0 5
5 5
1 5
2 5
3 4
7 5
0 5
2 5
4 4
0 5
0 4
0 5
2 5
12 5
0 4
2 5
4 5
3 5
0 4
0 4
16 5
5 4
2 5
4 4
1 5
0 5
1 4
11 5
1 5
3 3
11 5
2 5
1 5
5 4
0 4
5 4
0 5
2 5
1 5
1 4
30 5
0 4
5 5
7 4
1 4
2 4
0 4
4 5
0 5
6 5
2 5
2 5
2 4
10 5
6 5
5 5
1 5
25 5
5 4
7 5
3 4
1 5
1 4
0 4
4 5
7 5
95 5
3 5
7 5
0 4
8 5
8 5
3 4
11 4
1 4
2 4
0 4
5 5
0 4
14 4
7 4
2 5
2 4
0 4
9 5
0 3
1 3
4 5
2 4
2 5
1 4
2 4
1 5
14 5
2 4
7 4
7 5
3 4
1 5
21 5
3 4
4 4
0 5
3 4
36 4
2 5
15 3
1 5
5 4
2 4
0 3
1 5
1 5
11 5
2 4
0 4
5 5
0 4
0 5
24 4
10 4
5 5
2 5
4 5
4 5
2 5
2 5
4 5
0 5
2 5
0 4
5 4
1 5
2 4
0 4
6 4
4 3
3 4
2 4
21 5
1 5
5 3
22 5
0 5
0 4
2 4
20 4
2 5
0 5
5 4
8 5
0 5
0 5
2 5
1 4
89 5
3 4
9 4
0 4
1 4
0 4
4 4
0 5
5 5
6 5
13 5
1 5
0 5
1 4
5 5
1 4
2 5
5 4
0 4
8 4
0 3
3 5
10 5
5 5
4 4
6 5
2 5
16 4
5 5
1 4
3 5
2 3
2 5
3 3
14 5
2 5
3 4
7 5
10 4
0 4
6 4
2 4
4 5
2 5
38 5
0 4
12 4
1 5
1 5
5 5
0 3
97 5
0 3
0 5
1 5
0 4
8 5
8 4
2 5
2 3
3 3
1 4
1 5
3 5
0 4
4 4
81 5
14 4
1 3
1 4
8 5
8 3
5 5
3 5
1 4
4 4
4 3
110 5
43 5
0 4
4 5
2 4
2 5
1 5
16 5
11 4
2 3
1 4
3 3
2 4
23 4
2 4
23 5
2 5
1 3
3 4
5 5
4 4
15 5
0 4
3 5
18 5
2 5
5 3
1 4
9 5
2 4
11 4
2 4
5 5
1 3
1 4
8 4
2 5
6 5
0 4
0 3
6 5
4 3
6 5
4 5
1 5
1 5
8 5
48 4
0 5
88 5
10 5
0 4
1 4
5 4
2 5
0 5
4 4
17 5
3 5
3 5
4 5
0 3
0 4
0 3
15 5
0 4
3 5
0 5
3 4
7 4
6 4
1 4
13 4
5 4
0 2
2 4
3 4
2 5
18 4
6 5
20 4
11 5
4 5
13 5
10 5
2 5
1 5
9 3
0 5
4 5
31 5
8 5
13 4
3 4
4 5
5 4
38 5
1 2
17 5
9 4
1 4
2 3
1 5
8 5
17 5
6 4
2 4
26 5
2 4
3 4
20 5
4 5
6 4
3 4
9 4
4 4
12 4
5 5
3 5
8 5
3 5
18 5
2 5
2 3
1 3
3 4
1 5
0 4
23 5
3 5
7 5
4 5
1 4
1 4
0 4
3 4
2 4
2 4
0 4
3 5
44 5
23 5
19 5
11 5
8 5
0 4
0 5
3 5
19 5
2 4
10 4
25 5
10 5
13 5
14 4
55 5
2 5
8 2
4 5
2 4
2 4
2 4
0 5
12 5
1 5
1 4
37 5
4 5
6 5
8 5
68 5
6 5
6 5
10 4
0 5
2 5
3 4
39 4
4 4
11 4
9 3
5 4
4 5
7 4
2 5
15 4
3 4
0 4
2 5
4 5
6 4
12 5
4 5
25 5
10 4
18 4
2 5
0 5
4 5
11 5
1 5
14 5
24 4
2 5
4 5
4 5
1 3
2 5
1 5
1 4
18 5
6 4
12 4
2 5
6 5
1 5
4 5
5 5
4 4
4 4
0 3
6 5
7 5
0 5
5 5
6 5
0 4
1 5
2 5
1 5
2 5
2 5
5 5
3 4
23 5
0 4
30 5
6 5
3 5
7 5
5 5
4 5
1 5
2 5
0 5
2 5
6 4
2 5
0 5
0 4
6 5
9 5
0 5
15 5
7 5
35 5
5 5
3 5
1 5
2 5
58 5
3 4
52 5
3 5
9 5
6 5
4 5
3 5
1 5
4 5
0 3
12 5
7 5
4 5
1 5
4 4
1 5
1 5
0 4
1 5
1 4
3 4
3 4
1 4
4 5
1 4
1 4
0 4
2 4
4 5
3 4
2 4
8 5
3 5
1 5
1 3
2 5
26 5
1 5
3 5
2 4
0 4
2 5
7 4
14 5
7 5
1 5
3 5
9 4
8 5
1 3
7 5
12 5
3 5
2 5
4 5
13 5
2 4
5 5
6 5
1 1
6 4
3 5
7 5
3 2
1 5
16 5
5 5
2 5
5 5
0 4
41 3
4 5
20 5
13 5
10 5
2 5
4 4
20 4
9 4
8 5
28 5
3 4
20 5
2 5
10 5
0 5
4 5
5 4
4 5
35 5
24 5
16 5
21 5
17 5
9 4
4 4
20 5
2 5
6 4
4 5
9 2
0 4
3 4
5 4
22 5
1 4
8 5
4 5
3 4
1 5
1 3
0 4
3 4
1 5
5 3
4 4
1 4
1 5
10 5
4 4
1 4
2 3
13 5
1 3
9 5
15 5
2 5
33 5
5 3
22 5
19 5
17 5
0 5
5 4
1 3
0 3
29 5
20 4
21 5
1 3
6 5
3 3
0 3
10 4
2 4
3 4
5 5
6 5
7 5
2 5
3 5
11 5
2 4
3 5
35 5
3 5
5 4
3 5
8 5
8 5
3 3
3 5
0 4
8 5
6 5
