89 5
8 4
47 5
31 5
39 5
2 5
28 5
251 5
16 3
3 5
12 4
29 5
19 4
117 3
8 5
43 4
50 2
6 4
20 5
15 5
42 5
136 5
7 4
3 5
34 4
92 5
6 5
2 3
18 2
8 4
45 3
40 3
2 4
22 4
43 3
102 5
0 4
6 5
38 5
11 4
44 4
31 5
93 5
47 4
9 5
51 4
10 5
64 5
22 4
20 5
1 4
58 3
82 5
17 3
16 4
10 4
38 4
4 5
0 4
0 5
4 5
69 5
12 4
223 5
16 4
3 4
29 4
10 5
12 4
8 5
19 5
17 5
18 5
23 4
95 5
78 5
6 5
110 5
22 4
32 4
41 5
357 5
19 4
19 5
2 5
8 5
9 5
34 4
11 5
105 5
13 5
252 5
20 5
25 4
24 4
131 5
12 5
42 5
11 5
17 3
9 5
7 5
14 5
26 5
9 5
27 5
33 5
51 4
71 4
43 5
11 5
71 4
200 5
6 4
37 5
389 5
25 4
230 4
152 4
35 5
9 3
105 5
135 4
1 4
19 5
8 5
21 3
401 5
89 2
12 5
27 5
18 5
4 5
93 4
216 3
93 5
91 5
17 5
16 5
3 4
8 4
59 5
8 5
7 5
30 5
61 3
3 4
8 4
9 5
56 5
49 5
18 5
29 4
3 4
12 5
26 5
24 3
40 5
162 5
26 5
46 5
19 5
82 5
20 5
27 5
28 5
13 4
19 4
12 4
14 4
29 3
57 4
17 5
26 4
127 5
24 4
113 4
4 5
1 3
25 5
17 5
18 5
5 5
18 5
430 5
71 5
27 4
5 4
7 4
2 3
14 4
6 4
10 4
22 5
42 4
193 5
131 4
3 4
96 5
90 5
17 5
53 5
4 5
20 3
10 4
6 5
15 4
31 5
20 4
4 5
0 4
7 4
47 4
6 4
26 3
38 4
30 4
4 5
3 3
9 4
3 5
51 5
9 5
13 5
3 5
21 5
2 3
21 4
8 5
14 4
169 5
32 5
4 5
4 4
8 4
9 5
11 5
72 4
40 5
28 5
43 4
1 5
58 3
3 5
6 4
17 5
21 4
8 5
18 5
111 5
15 5
57 4
13 4
11 5
12 4
31 4
3 4
23 2
14 5
9 3
23 5
10 3
2 4
31 5
46 5
18 3
9 5
73 4
5 5
41 5
3 4
60 5
22 4
47 5
6 5
12 4
43 5
31 4
4 4
14 5
19 5
30 4
39 4
350 5
120 5
22 5
11 3
2 3
36 3
4 4
3 4
15 4
179 5
35 4
22 3
4 5
18 3
11 5
21 5
10 4
5 5
6 4
6 5
6 5
9 4
17 5
29 5
43 4
7 5
22 4
25 5
6 4
94 4
11 5
29 4
16 5
23 5
6 4
6 4
2 3
38 4
139 5
23 4
129 5
3 5
22 5
18 4
20 5
15 3
28 5
95 4
31 5
15 5
49 4
77 5
18 4
39 5
26 5
26 4
13 5
69 5
6 4
9 4
7 4
76 5
35 5
10 5
5 4
36 4
29 5
47 4
33 5
131 5
49 5
5 4
19 4
62 5
6 3
14 4
65 5
41 5
25 3
29 4
140 5
5 5
7 4
21 5
9 4
6 5
13 5
10 4
9 5
20 3
15 4
222 5
3 5
6 5
7 4
7 5
5 3
27 4
478 5
6 4
2 4
28 5
20 4
114 5
8 4
191 5
5 5
15 3
53 4
37 5
20 4
94 4
174 3
249 5
38 5
16 5
121 5
11 5
46 4
23 4
3 5
30 2
136 4
10 4
3 4
31 5
3 4
4 5
3 2
8 4
149 5
5 5
303 5
13 5
19 4
10 5
26 5
67 5
29 3
33 5
6 5
96 3
19 2
1 5
48 4
49 5
2 4
11 4
40 4
18 5
38 5
36 4
18 5
0 3
22 5
10 4
5 5
37 5
26 4
24 4
24 5
8 5
34 4
11 5
10 3
29 5
18 4
1 3
17 3
4 4
15 4
105 5
24 4
8 4
4 3
25 5
115 4
11 5
25 5
81 4
33 5
30 4
18 5
11 5
45 5
30 3
86 4
58 4
27 5
6 5
7 3
8 5
21 5
6 4
2 4
41 5
3 5
2 4
13 4
13 2
15 5
30 4
21 5
5 5
58 5
12 5
24 4
62 2
83 4
30 5
8 4
20 3
17 3
7 5
1 4
16 5
44 1
19 5
23 4
337 5
23 3
27 5
6 5
2 5
9 5
26 4
2 4
9 4
74 5
4 4
25 5
36 4
91 4
32 5
5 4
6 4
3 3
28 5
7 5
7 4
5 3
15 3
45 4
14 5
4 4
4 5
16 5
15 3
33 5
506 3
51 4
10 4
9 4
11 4
10 4
26 4
29 4
27 5
5 4
18 1
5 3
8 4
21 4
6 4
3 4
29 4
17 4
6 4
10 2
4 3
3 4
30 4
