18 4
2 4
1 4
5 3
5 5
8 4
5 3
1 5
2 4
7 3
33 4
10 5
5 5
3 4
10 5
0 3
3 5
27 5
5 3
40 5
7 4
19 3
11 4
7 5
9 4
10 4
69 4
6 5
26 4
4 3
3 5
7 5
8 5
5 3
27 5
14 4
3 4
5 3
3 4
5 4
15 5
29 4
1 4
1 4
0 4
9 3
7 3
10 4
6 5
5 5
0 4
6 5
4 5
40 5
28 5
38 4
4 4
10 4
5 4
9 3
12 4
2 4
3 4
2 4
7 4
1 5
12 4
36 3
27 5
2 4
66 1
1 5
12 5
57 5
7 5
7 3
6 4
5 5
5 3
3 4
5 3
15 4
29 3
3 5
14 3
3 4
4 3
16 4
6 5
5 3
14 5
9 5
10 4
4 3
7 3
4 4
15 5
21 5
26 5
20 5
3 4
11 4
24 5
9 4
10 4
17 3
17 5
21 5
21 5
4 4
23 4
4 4
24 5
7 5
20 5
11 3
2 4
15 4
45 5
27 4
52 5
20 5
6 4
13 5
2 5
2 5
13 5
8 4
14 5
9 4
9 5
12 4
34 4
21 4
11 5
8 4
7 5
22 3
12 4
41 3
9 3
102 4
3 5
48 5
9 4
3 4
8 5
2 3
91 5
5 3
7 4
13 4
20 4
4 4
8 4
5 4
6 4
8 4
6 5
39 4
15 4
2 3
28 4
13 3
19 4
8 3
4 4
4 4
18 5
19 5
8 3
1 5
42 4
5 3
2 4
3 3
2 4
4 4
8 4
13 5
6 4
9 4
1 4
9 5
7 5
2 4
5 3
13 5
4 4
17 4
15 3
11 5
22 3
3 5
9 5
3 4
5 4
7 4
42 4
3 5
16 4
8 4
5 3
22 5
2 4
3 3
51 5
1 5
2 4
0 4
17 2
10 4
0 3
3 3
1 3
4 5
55 3
7 4
6 5
6 4
9 4
7 3
2 3
12 4
8 5
4 5
14 5
20 4
3 3
3 2
5 4
9 5
5 3
2 5
3 1
4 3
5 4
15 4
7 5
6 5
2 5
4 5
4 5
4 4
5 5
2 4
2 3
22 4
1 5
1 4
8 5
89 4
12 5
11 5
38 4
43 4
6 3
2 3
5 3
5 4
57 5
3 5
6 4
5 5
10 5
2 4
7 3
0 3
7 4
43 5
3 4
9 4
0 4
11 5
7 3
4 5
4 4
49 5
60 4
27 4
4 5
21 5
12 5
27 1
30 5
8 4
11 3
6 4
8 4
5 5
15 5
3 3
47 2
7 5
5 5
12 3
2 1
5 2
9 5
14 5
12 5
17 5
5 5
15 4
11 4
23 5
202 4
6 4
2 4
7 3
9 4
50 5
3 5
5 5
6 2
7 4
27 5
1 3
11 3
14 5
19 2
3 5
10 5
4 3
6 4
3 5
9 2
59 4
7 5
0 5
5 4
2 4
5 4
23 4
21 5
18 3
3 4
3 3
0 4
2 5
24 5
1 3
0 4
11 4
0 4
4 5
3 1
0 5
4 5
5 4
9 5
4 3
3 4
3 3
36 5
2 3
3 3
2 3
85 5
2 3
1 3
3 2
11 5
30 5
4 3
13 4
0 5
10 4
12 5
2 4
0 4
4 4
9 3
0 4
8 5
1 4
13 3
4 4
2 4
20 5
1 4
6 4
5 4
7 5
11 4
0 3
8 4
9 4
2 4
6 2
11 5
0 3
5 4
3 4
29 1
3 4
3 4
11 5
5 4
3 3
4 5
8 4
5 4
26 4
1 4
12 2
22 3
0 4
6 4
4 3
2 4
11 3
1 5
11 4
6 2
3 2
2 3
23 4
2 3
6 3
17 4
2 3
5 3
4 3
1 4
38 5
4 4
1 3
0 4
1 3
3 4
19 4
4 4
3 4
3 2
23 4
3 4
2 4
1 4
5 4
4 2
6 3
6 4
2 3
3 3
8 5
6 5
8 5
1 3
5 4
10 4
3 4
3 5
32 2
9 5
9 4
10 3
6 3
7 3
35 3
5 5
9 4
4 4
9 2
8 5
0 4
4 4
1 4
19 4
3 3
1 4
10 4
4 3
2 3
1 3
12 4
84 4
29 4
0 4
10 5
33 3
1 5
23 4
37 4
20 5
66 5
18 2
8 5
1 5
6 5
7 3
4 3
24 5
3 4
6 4
3 4
5 4
10 4
19 2
0 4
4 4
1 4
24 5
9 2
2 3
3 5
8 4
6 4
7 4
4 3
0 3
6 5
1 4
2 4
2 3
1 4
2 4
4 4
8 4
19 5
3 5
3 3
5 3
3 4
38 5
1 4
71 5
4 5
21 4
2 4
5 4
2 4
3 4
0 5
129 5
0 3
3 4
6 3
30 5
1 3
83 5
0 4
6 4
0 5
3 4
1 4
2 4
3 3
4 3
3 4
7 5
8 4
10 4
2 3
8 5
59 4
9 3
2 4
4 5
7 5
15 5
1 4
4 3
4 3
13 5
5 5
4 3
14 4
8 4
6 4
1 4
1 3
24 4
4 4
52 4
0 3
3 4
1 4
5 4
3 4
13 4
4 4
3 5
1 3
2 4
3 3
2 4
43 4
2 4
6 5
0 4
8 4
4 4
23 4
1 3
4 3
7 4
66 5
1 4
0 4
13 5
16 5
4 4
5 4
4 4
18 4
0 4
3 5
5 4
6 2
0 3
0 4
6 3
98 5
8 2
2 4
4 4
4 3
3 5
7 3
5 4
11 4
0 4
4 2
3 5
6 4
3 2
33 4
10 2
5 4
1 3
2 5
4 3
1 4
0 5
3 3
14 4
13 4
1 4
3 4
1 4
0 5
2 3
1 4
8 4
4 4
1 4
4 4
1 4
17 4
5 3
5 3
2 3
0 2
4 4
2 4
2 3
2 5
12 5
0 4
1 4
1 4
49 2
1 3
16 5
0 5
5 4
1 4
6 5
0 4
13 4
2 5
1 5
4 5
3 5
0 5
10 4
8 5
0 5
3 5
4 5
2 4
2 5
3 5
64 5
7 4
5 3
13 5
0 5
3 3
2 3
6 4
3 4
5 4
2 3
9 1
11 5
2 5
3 4
17 5
3 4
9 5
0 5
7 5
1 4
2 4
7 3
0 4
3 5
6 4
0 4
3 3
5 4
4 4
1 4
0 4
2 4
2 4
3 4
14 4
1 4
15 4
1 4
16 5
9 5
61 5
2 5
0 4
8 5
0 5
0 5
4 5
4 5
15 5
6 5
3 5
6 5
1 5
4 5
2 4
10 5
4 5
28 4
4 5
2 4
7 3
4 5
5 4
30 5
3 2
10 4
14 4
7 2
0 4
4 4
11 4
4 4
2 5
3 5
15 5
5 5
2 5
4 4
