16	5	18	0.888889
7	5	8	0.875
11	5	13	0.846154
21	5	23	0.913043
6	4	6	1
62	5	72	0.861111
8	4	8	1
39	5	48	0.8125
20	5	23	0.869565
16	5	22	0.727273
4	5	4	1
22	5	26	0.846154
14	5	16	0.875
111	5	127	0.874016
18	5	20	0.9
55	5	56	0.982143
13	5	13	1
5	4	6	0.833333
5	4	8	0.625
29	5	36	0.805556
20	5	29	0.689655
96	5	106	0.90566
48	5	50	0.96
10	4	11	0.909091
6	5	9	0.666667
4	5	5	0.8
47	4	48	0.979167
11	5	12	0.916667
3	5	3	1
31	5	32	0.96875
97	4	101	0.960396
41	5	45	0.911111
221	5	229	0.965066
17	5	17	1
199	4	210	0.947619
29	5	39	0.74359
145	5	148	0.97973
9	5	13	0.692308
30	4	30	1
59	5	59	1
71	5	93	0.763441
10	4	13	0.769231
64	5	67	0.955224
15	4	17	0.882353
14	5	14	1
7	5	8	0.875
20	5	21	0.952381
24	4	26	0.923077
29	5	35	0.828571
12	5	12	1
30	5	37	0.810811
4	5	4	1
6	5	8	0.75
4	5	8	0.5
31	5	31	1
12	5	14	0.857143
51	5	51	1
15	4	17	0.882353
9	5	17	0.529412
10	5	10	1
1	4	1	1
2	4	2	1
1	4	1	1
19	5	19	1
0	4	0	0
3	4	3	1
26	5	26	1
0	5	2	0
5	5	6	0.833333
14	5	16	0.875
17	5	19	0.894737
5	5	9	0.555556
37	5	37	1
50	5	55	0.909091
5	5	6	0.833333
31	4	31	1
1	5	1	1
15	4	18	0.833333
32	4	34	0.941176
6	5	6	1
25	3	25	1
4	4	4	1
237	5	453	0.523179
60	5	62	0.967742
2	3	2	1
93	5	97	0.958763
22	5	22	1
5	4	5	1
5	4	5	1
2	3	2	1
35	4	36	0.972222
38	4	38	1
3	5	4	0.75
26	5	28	0.928571
46	5	52	0.884615
7	4	7	1
1	5	1	1
7	5	8	0.875
1	4	1	1
0	4	0	0
2	5	2	1
4	4	4	1
65	5	70	0.928571
13	5	13	1
8	5	9	0.888889
38	4	40	0.95
1	3	1	1
1	5	1	1
3	4	3	1
4	4	4	1
9	5	9	1
7	5	7	1
28	5	28	1
13	5	13	1
8	5	8	1
32	5	33	0.969697
3	4	3	1
12	4	12	1
17	4	17	1
39	5	40	0.975
9	5	11	0.818182
2	4	2	1
4	5	4	1
16	4	16	1
13	5	13	1
12	4	12	1
21	5	22	0.954545
7	5	7	1
3	4	4	0.75
7	4	7	1
13	5	13	1
1	5	1	1
17	3	23	0.73913
65	5	65	1
4	5	4	1
7	5	7	1
3	4	3	1
6	4	6	1
21	5	22	0.954545
3	5	4	0.75
9	5	11	0.818182
22	5	24	0.916667
14	5	14	1
8	4	9	0.888889
2	5	2	1
26	4	27	0.962963
31	5	37	0.837838
5	4	6	0.833333
6	5	6	1
3	4	4	0.75
6	4	6	1
5	5	5	1
107	5	108	0.990741
11	5	12	0.916667
121	5	122	0.991803
1	5	1	1
8	4	9	0.888889
75	5	79	0.949367
66	5	66	1
21	5	22	0.954545
62	5	69	0.898551
37	5	38	0.973684
21	5	21	1
148	5	149	0.993289
8	3	8	1
30	4	31	0.967742
8	4	8	1
40	5	40	1
14	4	22	0.636364
25	4	25	1
6	5	7	0.857143
11	4	11	1
16	4	16	1
6	5	6	1
35	5	36	0.972222
33	5	36	0.916667
108	5	112	0.964286
77	5	86	0.895349
9	5	11	0.818182
58	4	59	0.983051
3	4	3	1
28	5	28	1
33	5	33	1
8	5	9	0.888889
14	4	16	0.875
4	5	4	1
6	5	6	1
3	5	3	1
11	5	11	1
4	5	4	1
4	4	4	1
5	4	5	1
43	5	45	0.955556
12	4	15	0.8
33	4	33	1
20	5	22	0.909091
28	5	28	1
19	5	21	0.904762
14	4	14	1
44	5	46	0.956522
39	5	42	0.928571
78	4	80	0.975
19	4	19	1
5	4	6	0.833333
1	5	1	1
21	5	24	0.875
2	5	2	1
6	5	6	1
5	5	5	1
0	4	1	0
6	5	7	0.857143
5	5	7	0.714286
15	5	16	0.9375
21	4	26	0.807692
165	5	174	0.948276
2	4	2	1
41	4	42	0.97619
17	4	17	1
23	5	25	0.92
16	5	16	1
3	3	3	1
7	5	7	1
3	4	3	1
0	5	0	0
4	5	4	1
1	5	1	1
3	5	3	1
2	5	2	1
0	5	0	0
1	5	1	1
2	4	2	1
15	5	15	1
33	5	34	0.970588
40	5	42	0.952381
52	5	64	0.8125
7	4	8	0.875
104	5	106	0.981132
7	5	9	0.777778
131	5	143	0.916084
23	4	26	0.884615
19	4	21	0.904762
2	5	2	1
4	2	4	1
23	4	25	0.92
4	5	5	0.8
14	5	14	1
46	5	46	1
68	5	70	0.971429
10	4	11	0.909091
56	5	58	0.965517
8	4	8	1
3	4	5	0.6
12	4	14	0.857143
0	3	0	0
5	3	5	1
4	5	4	1
26	4	26	1
10	5	10	1
4	5	4	1
16	4	17	0.941176
29	5	29	1
1	5	4	0.25
8	5	9	0.888889
19	5	19	1
15	4	15	1
5	5	5	1
32	5	32	1
13	4	13	1
3	5	4	0.75
180	5	192	0.9375
6	5	9	0.666667
3	5	3	1
4	5	4	1
12	5	13	0.923077
134	5	136	0.985294
6	4	6	1
1	5	1	1
12	4	13	0.923077
10	5	10	1
39	5	41	0.95122
29	5	32	0.90625
15	5	15	1
66	5	67	0.985075
14	4	18	0.777778
21	4	22	0.954545
29	5	30	0.966667
17	4	17	1
45	5	45	1
4	4	4	1
4	5	9	0.444444
21	5	21	1
26	4	28	0.928571
96	5	97	0.989691
18	3	30	0.6
12	5	16	0.75
9	5	11	0.818182
44	5	47	0.93617
28	5	28	1
191	5	195	0.979487
70	5	77	0.909091
5	5	6	0.833333
7	5	12	0.583333
2	4	2	1
4	4	4	1
31	5	31	1
12	4	15	0.8
11	4	12	0.916667
10	5	13	0.769231
66	5	76	0.868421
0	4	0	0
1	4	1	1
4	4	4	1
24	5	25	0.96
1	5	1	1
8	4	8	1
3	5	3	1
65	5	65	1
7	4	7	1
80	5	80	1
4	4	5	0.8
2	5	3	0.666667
2	5	2	1
11	4	15	0.733333
25	3	34	0.735294
27	5	27	1
3	3	5	0.6
7	5	8	0.875
3	5	3	1
4	4	5	0.8
115	4	117	0.982906
6	5	6	1
47	5	49	0.959184
31	5	33	0.939394
14	5	14	1
3	5	3	1
83	4	86	0.965116
95	5	96	0.989583
1	5	1	1
1	4	1	1
0	4	0	0
8	5	8	1
4	4	4	1
41	5	43	0.953488
0	5	0	0
2	4	2	1
16	5	16	1
90	5	91	0.989011
20	5	21	0.952381
47	5	48	0.979167
58	4	61	0.95082
17	5	17	1
32	4	38	0.842105
2	5	2	1
5	5	5	1
11	5	11	1
69	5	71	0.971831
6	5	7	0.857143
2	4	2	1
3	5	5	0.6
27	5	28	0.964286
8	5	16	0.5
6	5	8	0.75
68	5	77	0.883117
6	4	10	0.6
26	5	27	0.962963
29	5	31	0.935484
108	5	109	0.990826
19	4	19	1
12	4	13	0.923077
12	4	12	1
23	3	24	0.958333
15	5	15	1
22	4	23	0.956522
4	5	4	1
37	5	37	1
11	5	11	1
3	5	3	1
46	5	47	0.978723
15	4	20	0.75
3	5	3	1
8	5	11	0.727273
4	5	5	0.8
51	5	53	0.962264
3	3	3	1
17	5	17	1
8	4	8	1
17	5	19	0.894737
4	5	4	1
96	5	100	0.96
34	4	34	1
64	4	68	0.941176
9	5	11	0.818182
58	4	59	0.983051
5	3	6	0.833333
11	4	12	0.916667
1	4	1	1
192	3	207	0.927536
26	5	27	0.962963
25	5	25	1
1	4	1	1
63	5	67	0.940299
27	4	30	0.9
87	5	93	0.935484
62	4	62	1
7	3	13	0.538462
12	4	12	1
7	5	7	1
19	5	20	0.95
74	5	75	0.986667
37	5	39	0.948718
33	5	33	1
9	5	10	0.9
17	5	26	0.653846
14	5	14	1
38	4	40	0.95
34	5	35	0.971429
15	5	17	0.882353
34	5	35	0.971429
11	5	11	1
62	5	65	0.953846
37	4	46	0.804348
139	5	142	0.978873
3	5	3	1
239	5	255	0.937255
38	5	44	0.863636
11	4	13	0.846154
8	5	9	0.888889
8	5	13	0.615385
18	3	22	0.818182
6	4	10	0.6
25	4	32	0.78125
40	5	40	1
7	4	8	0.875
8	3	14	0.571429
12	4	15	0.8
11	5	12	0.916667
4	5	5	0.8
45	5	46	0.978261
55	5	56	0.982143
39	4	39	1
10	5	10	1
47	5	65	0.723077
0	5	0	0
6	5	9	0.666667
16	4	18	0.888889
20	5	22	0.909091
18	5	22	0.818182
35	5	45	0.777778
2	5	2	1
8	4	11	0.727273
8	5	8	1
14	5	14	1
26	4	31	0.83871
7	5	8	0.875
31	5	34	0.911765
25	5	34	0.735294
155	5	161	0.962733
31	5	36	0.861111
20	4	20	1
11	5	11	1
83	5	89	0.932584
7	5	8	0.875
26	5	27	0.962963
37	4	37	1
4	3	6	0.666667
15	4	16	0.9375
22	4	25	0.88
7	4	7	1
1	5	3	0.333333
11	5	11	1
7	5	8	0.875
63	5	66	0.954545
7	5	10	0.7
16	5	16	1
4	5	5	0.8
40	5	41	0.97561
4	5	4	1
2	1	12	0.166667
2	4	3	0.666667
0	5	0	0
2	5	2	1
4	1	24	0.166667
3	4	3	1
17	5	18	0.944444
52	5	52	1
9	5	9	1
22	4	22	1
33	5	33	1
37	5	37	1
7	4	8	0.875
0	4	0	0
6	5	6	1
47	5	50	0.94
35	5	38	0.921053
7	5	7	1
7	5	7	1
19	5	19	1
9	5	9	1
117	5	117	1
9	5	10	0.9
2	4	4	0.5
4	4	4	1
5	5	6	0.833333
4	5	4	1
14	5	16	0.875
13	5	14	0.928571
3	5	3	1
19	5	20	0.95
4	5	4	1
62	5	69	0.898551
3	5	3	1
2	5	2	1
3	5	3	1
