16 5
7 5
11 5
21 5
6 4
62 5
8 4
39 5
20 5
16 5
4 5
22 5
14 5
111 5
18 5
55 5
13 5
5 4
5 4
29 5
20 5
96 5
48 5
10 4
6 5
4 5
47 4
11 5
3 5
31 5
97 4
41 5
221 5
17 5
199 4
29 5
145 5
9 5
30 4
59 5
71 5
10 4
64 5
15 4
14 5
7 5
20 5
24 4
29 5
12 5
30 5
4 5
6 5
4 5
31 5
12 5
51 5
15 4
9 5
10 5
1 4
2 4
1 4
19 5
0 4
3 4
26 5
0 5
5 5
14 5
17 5
5 5
37 5
50 5
5 5
31 4
1 5
15 4
32 4
6 5
25 3
4 4
237 5
60 5
2 3
93 5
22 5
5 4
5 4
2 3
35 4
38 4
3 5
26 5
46 5
7 4
1 5
7 5
1 4
0 4
2 5
4 4
65 5
13 5
8 5
38 4
1 3
1 5
3 4
4 4
9 5
7 5
28 5
13 5
8 5
32 5
3 4
12 4
17 4
39 5
9 5
2 4
4 5
16 4
13 5
12 4
21 5
7 5
3 4
7 4
13 5
1 5
17 3
65 5
4 5
7 5
3 4
6 4
21 5
3 5
9 5
22 5
14 5
8 4
2 5
26 4
31 5
5 4
6 5
3 4
6 4
5 5
107 5
11 5
121 5
1 5
8 4
75 5
66 5
21 5
62 5
37 5
21 5
148 5
8 3
30 4
8 4
40 5
14 4
25 4
6 5
11 4
16 4
6 5
35 5
33 5
108 5
77 5
9 5
58 4
3 4
28 5
33 5
8 5
14 4
4 5
6 5
3 5
11 5
4 5
4 4
5 4
43 5
12 4
33 4
20 5
28 5
19 5
14 4
44 5
39 5
78 4
19 4
5 4
1 5
21 5
2 5
6 5
5 5
0 4
6 5
5 5
15 5
21 4
165 5
2 4
41 4
17 4
23 5
16 5
3 3
7 5
3 4
0 5
4 5
1 5
3 5
2 5
0 5
1 5
2 4
15 5
33 5
40 5
52 5
7 4
104 5
7 5
131 5
23 4
19 4
2 5
4 2
23 4
4 5
14 5
46 5
68 5
10 4
56 5
8 4
3 4
12 4
0 3
5 3
4 5
26 4
10 5
4 5
16 4
29 5
1 5
8 5
19 5
15 4
5 5
32 5
13 4
3 5
180 5
6 5
3 5
4 5
12 5
134 5
6 4
1 5
12 4
10 5
39 5
29 5
15 5
66 5
14 4
21 4
29 5
17 4
45 5
4 4
4 5
21 5
26 4
96 5
18 3
12 5
9 5
44 5
28 5
191 5
70 5
5 5
7 5
2 4
4 4
31 5
12 4
11 4
10 5
66 5
0 4
1 4
4 4
24 5
1 5
8 4
3 5
65 5
7 4
80 5
4 4
2 5
2 5
11 4
25 3
27 5
3 3
7 5
3 5
4 4
115 4
6 5
47 5
31 5
14 5
3 5
83 4
95 5
1 5
1 4
0 4
8 5
4 4
41 5
0 5
2 4
16 5
90 5
20 5
47 5
58 4
17 5
32 4
2 5
5 5
11 5
69 5
6 5
2 4
3 5
27 5
8 5
6 5
68 5
6 4
26 5
29 5
108 5
19 4
12 4
12 4
23 3
15 5
22 4
4 5
37 5
11 5
3 5
46 5
15 4
3 5
8 5
4 5
51 5
3 3
17 5
8 4
17 5
4 5
96 5
34 4
64 4
9 5
58 4
5 3
11 4
1 4
192 3
26 5
25 5
1 4
63 5
27 4
87 5
62 4
7 3
12 4
7 5
19 5
74 5
37 5
33 5
9 5
17 5
14 5
38 4
34 5
15 5
34 5
11 5
62 5
37 4
139 5
3 5
239 5
38 5
11 4
8 5
8 5
18 3
6 4
25 4
40 5
7 4
8 3
12 4
11 5
4 5
45 5
55 5
39 4
10 5
47 5
0 5
6 5
16 4
20 5
18 5
35 5
2 5
8 4
8 5
14 5
26 4
7 5
31 5
25 5
155 5
31 5
20 4
11 5
83 5
7 5
26 5
37 4
4 3
15 4
22 4
7 4
1 5
11 5
7 5
63 5
7 5
16 5
4 5
40 5
4 5
2 1
2 4
0 5
2 5
4 1
3 4
17 5
52 5
9 5
22 4
33 5
37 5
7 4
0 4
6 5
47 5
35 5
7 5
7 5
19 5
9 5
117 5
9 5
2 4
4 4
5 5
4 5
14 5
13 5
3 5
19 5
4 5
62 5
3 5
2 5
3 5
