34 5
2 4
2 2
12 4
1 4
1 4
1 4
13 3
1 3
2 4
1 3
9 1
8 3
3 4
1 4
10 5
2 1
2 4
5 4
0 2
4 3
5 4
15 3
6 5
4 3
0 4
10 3
4 3
58 1
4 2
6 3
3 3
1 5
7 4
4 4
2 3
0 3
2 3
3 4
4 4
2 4
6 3
1 4
5 5
2 5
0 4
5 5
5 5
1 5
1 4
1 4
3 4
2 4
2 2
13 4
3 2
2 3
1 3
1 4
10 4
7 3
1 4
5 3
1 4
3 4
5 5
11 4
5 3
0 4
14 4
2 3
1 3
7 4
9 5
2 5
0 4
0 4
9 4
1 4
3 4
1 3
2 3
8 4
3 4
6 4
0 4
0 4
11 1
18 4
6 3
1 3
0 3
22 4
0 2
37 4
4 2
1 3
5 3
17 3
9 5
23 4
0 4
2 4
2 5
40 4
1 2
3 3
3 3
0 4
3 3
0 4
19 4
2 2
5 3
0 4
5 5
7 4
5 4
75 3
0 2
12 3
3 4
1 4
6 5
0 4
4 3
13 3
3 4
1 4
9 2
1 4
0 4
3 3
7 4
1 3
1 3
8 3
3 3
7 4
1 4
3 4
0 4
0 1
0 2
1 5
0 3
2 3
2 3
0 4
18 5
0 4
0 4
0 1
1 1
0 4
2 4
2 4
1 4
3 2
23 4
1 3
4 5
11 5
2 4
18 3
4 4
10 4
3 4
6 3
0 3
0 4
0 3
2 4
1 3
0 4
5 5
4 4
7 4
0 4
0 3
5 4
1 4
16 4
2 3
7 4
12 4
18 3
8 2
0 4
2 4
1 4
2 4
20 3
15 4
60 3
9 4
11 4
9 5
1 2
8 4
3 4
8 4
8 4
5 4
1 5
21 4
14 3
3 3
10 4
5 4
1 4
3 5
15 2
4 3
11 3
17 4
16 4
3 4
4 5
0 4
7 4
0 3
1 3
7 4
2 5
1 3
13 4
3 5
7 3
0 2
1 5
1 4
17 3
4 4
5 4
5 3
3 3
3 4
7 3
1 2
1 4
12 5
1 4
1 2
0 4
3 1
1 4
1 4
105 5
4 3
2 2
0 1
8 5
0 4
2 4
7 5
2 4
17 4
413 5
4 4
0 3
19 3
0 4
0 4
2 4
1 3
2 4
1 3
2 5
0 4
2 4
2 4
0 4
9 4
0 4
1 4
10 4
9 4
2 3
7 4
2 2
1 4
1 4
16 3
0 4
2 1
1 3
0 3
3 4
0 3
2 3
1 4
4 3
2 1
1 4
0 3
0 3
4 3
2 2
0 4
4 4
3 4
3 5
1 1
12 3
5 2
3 3
2 4
2 2
19 4
13 5
7 4
2 4
7 3
7 3
7 4
2 1
0 3
8 5
1 3
1 3
3 3
2 1
1 4
2 4
3 5
5 4
2 2
10 4
4 3
5 3
14 4
1 3
6 3
3 3
1 4
1 3
1 3
2 5
10 3
50 5
4 5
5 4
2 4
7 4
1 3
3 4
3 5
6 4
2 4
5 1
13 4
2 4
16 5
8 3
4 3
2 2
1 5
10 4
96 5
8 3
1 1
5 3
9 5
1 3
3 5
0 3
0 2
2 4
15 4
1 3
3 4
1 4
2 3
9 4
4 4
2 4
4 3
1 4
5 5
3 3
2 4
8 3
8 4
18 3
14 4
2 4
1 3
0 3
2 4
1 2
1 3
5 4
0 4
0 3
1 2
18 4
33 1
2 1
10 2
5 3
3 3
1 4
0 4
10 4
5 3
5 4
0 3
1 4
3 5
0 5
3 4
3 3
5 4
1 4
105 4
3 4
3 3
1 4
8 4
3 3
9 4
4 4
5 4
10 4
1 4
2 4
5 4
7 4
0 4
1 4
2 1
4 5
4 4
3 4
12 3
0 2
21 5
3 4
5 3
0 2
1 2
2 4
26 5
2 1
2 4
2 4
28 3
160 1
4 4
0 4
24 4
3 4
13 4
1 5
6 4
8 2
1 5
1 4
5 5
4 3
19 3
0 5
20 5
5 1
1 4
1 4
4 5
1 4
14 4
5 3
12 4
15 3
1 1
5 4
3 4
2 4
30 3
3 4
25 1
2 3
3 4
3 4
2 4
6 4
15 5
6 3
5 5
2 3
0 3
3 3
1 4
1 4
5 4
1 3
30 4
2 4
5 1
6 4
7 3
15 4
0 2
33 5
1 4
3 3
0 4
21 2
7 5
6 3
6 3
1 2
15 4
0 4
3 3
6 3
38 5
0 4
2 4
2 4
3 4
3 3
0 4
2 3
0 3
0 3
1 3
2 3
0 4
5 3
0 4
8 3
5 3
2 3
8 4
7 1
8 3
4 1
4 4
32 2
2 3
5 4
16 2
57 1
1 4
2 4
1 3
0 4
2 4
7 4
12 4
1 3
76 3
0 4
6 4
12 3
4 3
11 3
9 3
15 4
2 3
24 3
2 4
1 2
0 4
1 3
15 4
24 1
3 3
1 4
5 4
0 3
1 4
16 5
2 4
9 5
2 5
2 3
9 3
12 4
5 5
5 1
47 4
0 4
4 3
3 4
3 4
7 4
6 3
0 2
9 4
30 1
3 5
11 4
0 1
9 4
4 4
0 3
6 1
1 4
7 3
1 3
26 4
1 5
5 4
6 5
0 5
3 3
6 2
4 4
0 3
26 1
9 1
1 3
0 1
7 3
2 4
9 3
11 4
0 3
4 4
9 4
3 4
5 4
2 3
53 2
16 5
4 4
4 5
4 4
4 4
1 3
5 5
50 4
1 3
21 5
21 5
0 3
10 4
6 3
2 4
7 1
14 2
12 2
9 4
5 4
2 4
12 3
0 4
2 4
0 3
1 1
0 3
7 3
1 1
7 2
4 4
2 3
1 4
1 4
10 4
1 5
1 4
4 1
3 4
2 1
4 1
11 3
5 1
5 3
0 4
0 4
21 2
49 4
1 4
3 4
3 5
3 4
11 4
2 4
10 2
0 4
1 4
1 3
0 4
1 3
3 3
47 4
1 3
1 3
10 4
3 3
7 3
1 4
0 4
7 4
5 4
4 4
5 4
4 4
5 4
3 4
4 4
0 3
8 3
1 5
2 3
7 4
7 3
2 4
1 5
4 3
6 4
2 3
4 3
6 4
17 5
2 4
68 3
3 2
5 3
2 4
3 4
5 4
2 5
31 3
14 3
12 2
7 2
3 4
2 5
11 3
6 4
1 3
6 2
1 3
1 1
11 4
6 3
3 4
7 3
1 3
49 3
2 3
2 1
2 3
1 4
13 4
0 2
3 4
1 3
0 3
19 4
6 4
9 4
1 4
4 4
2 4
7 4
7 3
11 4
7 4
6 3
1 4
12 3
8 3
6 3
9 5
10 3
2 3
5 3
3 3
6 4
0 1
4 4
1 4
3 4
4 4
2 3
5 4
6 4
3 3
0 3
2 5
6 2
1 4
4 3
2 4
1 3
3 2
2 4
0 3
2 3
5 3
1 2
2 4
2 3
0 4
0 4
20 4
2 4
1 4
6 3
16 4
100 4
42 4
14 5
6 4
2 2
10 3
15 1
10 4
17 4
2 2
6 4
3 2
4 3
1 2
1 2
2 4
13 4
2 2
5 4
11 3
17 4
14 3
4 4
0 4
23 3
5 3
5 3
3 3
12 4
5 3
5 4
2 1
3 1
2 3
6 4
3 3
28 4
0 1
2 5
13 1
6 3
3 3
7 3
6 3
0 4
3 3
2 3
1 3
11 4
2 4
0 4
22 1
8 4
2 4
1 3
4 3
2 3
2 4
1 3
6 3
2 4
10 3
1 3
15 3
1 3
7 3
6 4
7 3
5 4
30 3
10 3
3 3
7 4
6 3
24 4
1 3
4 4
0 5
3 5
3 3
2 5
3 3
4 4
1 3
3 4
10 4
2 4
0 1
2 4
4 5
10 3
4 3
2 3
1 3
12 3
31 3
10 4
7 3
11 2
33 5
2 4
8 4
0 3
0 5
13 1
10 4
2 3
2 5
27 4
12 4
9 4
3 4
8 4
50 4
98 4
8 3
1 3
9 4
6 2
28 4
5 1
18 2
4 2
10 2
12 1
64 3
60 3
4 1
9 3
4 4
5 2
1 2
6 3
5 4
11 3
10 1
0 3
9 1
2 5
3 3
3 3
2 2
7 3
13 3
0 5
2 1
9 3
11 3
3 3
1 3
3 2
8 2
5 2
0 2
40 3
1 2
5 2
36 4
3 3
9 4
1 3
1 3
17 3
7 2
7 3
1 2
2 3
8 3
7 1
9 4
1 1
3 3
8 2
21 5
4 3
8 3
5 2
2 3
12 3
3 3
29 5
2 2
29 4
3 3
8 2
1 1
20 3
10 2
0 3
2 3
8 5
17 3
13 3
5 4
