67 5
0 5
12 5
29 5
16 5
48 5
0 5
6 5
13 5
32 5
39 5
8 5
1 5
12 5
2 5
2 5
3 5
8 5
23 5
1 5
8 5
8 5
295 5
5 5
13 5
22 5
11 5
22 5
2 5
3 5
10 5
13 5
2 4
1 4
10 5
28 5
3 5
2 5
23 5
1 5
2 5
2 5
6 5
1 5
27 5
2 5
7 5
11 5
7 5
1 5
2 5
0 5
3 5
5 5
3 5
1 5
2 5
13 5
1 5
3 5
7 5
0 5
15 5
3 5
38 5
0 5
3 5
7 5
13 5
3 5
0 5
1 4
2 5
12 5
3 5
0 5
13 5
11 5
0 5
4 5
26 4
59 5
7 5
21 5
11 5
9 3
2 5
22 5
1 5
6 5
21 5
6 5
29 5
11 3
0 5
1 5
52 5
1 5
1 5
1 3
4 5
3 5
3 5
136 5
9 5
3 5
13 5
3 5
10 5
12 5
26 5
1 5
8 3
4 5
1 5
1 3
8 4
16 5
12 5
6 5
15 5
6 4
14 5
1 5
9 5
8 5
38 5
5 5
18 5
13 5
7 5
3 5
1 5
0 5
8 5
1 5
6 5
22 5
20 3
31 4
7 5
16 5
31 3
12 5
169 4
1 3
5 5
2 5
6 5
1 3
3 4
11 5
5 5
3 5
15 5
5 5
1 5
11 5
6 5
14 5
4 5
1 5
4 5
2 5
2 5
1 5
9 5
1 3
18 5
19 5
2 4
0 5
6 5
27 5
25 5
1 5
0 5
5 5
29 5
24 5
17 5
12 5
20 5
17 5
3 5
32 5
8 5
41 5
8 5
1 5
6 5
21 5
18 5
8 5
7 5
7 5
1 5
14 5
4 5
20 5
15 5
23 5
2 5
8 5
18 5
25 5
3 5
19 5
15 5
13 5
3 5
11 5
14 5
8 5
33 5
37 5
19 5
36 5
10 5
4 5
1 4
7 5
2 4
8 5
32 4
1 5
102 5
51 5
12 5
71 5
16 5
7 5
11 5
2 5
1 5
9 5
6 4
7 5
4 5
27 5
1 5
1 5
2 4
2 5
70 5
106 5
67 5
7 5
9 5
21 5
14 5
5 5
14 5
34 5
3 5
1 5
4 5
1 5
6 5
2 5
4 5
73 5
43 5
2 5
3 5
2 5
6 5
57 5
0 5
5 5
4 5
0 5
4 5
2 5
13 5
43 5
13 5
4 5
0 5
11 5
6 5
49 5
25 5
7 5
28 5
0 5
14 5
24 5
0 5
4 5
15 5
1 5
3 5
23 5
40 5
4 5
47 5
2 5
5 5
0 5
45 5
4 5
3 4
0 5
1 4
1 5
1 5
5 5
57 5
7 5
4 5
3 5
54 5
14 5
19 5
41 5
2 5
3 5
150 5
4 3
2 5
37 5
35 5
26 5
10 5
6 5
5 5
10 5
4 5
26 5
9 5
12 5
8 5
16 5
0 4
23 5
14 5
2 5
3 5
7 5
210 5
44 5
28 5
27 4
31 5
22 5
13 5
35 5
6 5
7 5
9 5
5 5
4 5
3 5
96 5
3 5
16 5
26 5
2 5
11 5
21 5
3 5
4 5
34 5
24 5
1 5
3 5
17 5
29 5
7 5
0 5
8 4
42 5
2 5
6 5
30 5
3 4
3 5
12 5
12 5
3 5
7 5
1 5
7 5
5 5
4 5
4 5
3 5
7 5
247 5
59 5
15 5
16 5
64 5
0 4
31 5
1 5
3 5
11 5
48 5
50 5
18 5
59 5
9 5
2 5
18 5
1 5
35 5
696 5
35 5
11 5
21 5
33 5
2 5
16 5
55 5
7 5
78 5
32 5
3 5
8 5
1 5
6 5
7 5
5 5
4 5
0 5
9 4
0 5
37 5
16 5
0 3
3 5
8 3
58 5
20 5
2 5
2 5
4 5
1 5
7 5
0 5
5 5
0 5
0 5
3 5
5 5
1 5
9 5
12 5
3 5
84 5
6 5
10 5
12 5
5 5
10 3
1 5
1 3
2 5
64 5
10 5
27 5
0 5
5 5
6 5
1 5
0 5
2 5
21 5
5 5
12 5
2 5
12 5
11 5
4 5
5 5
23 3
1 5
69 5
8 3
9 5
3 5
53 5
20 5
16 5
13 5
2 5
3 5
7 5
9 5
27 5
0 4
3 5
8 5
107 5
15 5
22 5
8 5
5 5
1 5
24 5
5 5
2 5
5 5
0 5
26 5
7 5
2 5
3 5
17 5
3 5
1 5
16 5
23 5
21 5
50 5
30 5
74 5
61 4
16 5
229 5
17 5
4 5
5 5
11 5
26 5
4 5
5 5
15 5
5 5
7 5
7 5
3 5
15 5
42 5
2 5
5 5
13 5
1 5
81 5
44 5
2 5
5 5
53 5
11 5
174 5
14 5
2 5
28 5
1 5
2 5
1 5
0 5
1 5
3 5
1 4
3 5
11 5
2 5
8 5
8 5
8 5
140 5
7 5
9 5
1 5
2 5
0 3
11 5
16 3
10 5
8 5
22 5
16 5
137 5
0 5
40 5
215 5
100 5
22 5
7 5
9 5
5 5
7 5
3 5
7 5
20 5
3 5
11 5
19 5
0 5
8 4
5 5
1 5
24 5
5 5
3 5
17 5
4 5
145 5
3 5
15 5
2 5
33 5
125 5
0 5
8 3
25 5
1 5
0 5
5 5
4 5
44 5
9 5
79 5
68 5
139 5
103 5
130 5
102 5
6 5
1 5
6 5
46 5
8 3
6 5
2 5
4 5
0 5
7 5
30 5
0 5
0 5
1 5
5 5
4 5
0 5
2 5
49 5
14 5
16 5
16 5
4 5
50 5
7 5
5 5
40 5
1 5
22 4
19 5
11 5
0 5
1 5
29 5
36 5
3 5
16 5
3 5
47 5
19 5
25 5
13 5
34 3
3 5
4 5
7 5
2 5
3 5
10 5
2 5
7 5
3 5
4 5
0 5
1 5
0 5
8 5
4 5
10 5
5 5
3 5
3 5
7 5
1 5
10 5
1 5
1 5
3 5
1 5
0 5
11 5
0 5
1 5
5 5
0 5
0 5
0 5
2 4
4 5
14 3
4 3
14 5
1 4
5 5
4 4
1 5
1 5
0 3
5 5
11 5
22 5
1 5
3 5
15 3
0 5
127 5
58 5
2 5
14 5
13 5
19 5
7 5
10 3
2 5
1 3
8 5
7 4
3 3
0 5
23 5
5 5
5 5
8 5
25 5
30 5
16 5
3 5
1 4
4 5
12 4
5 4
0 5
6 5
29 5
23 5
1 5
48 5
44 4
1 5
19 5
92 5
3 5
4 4
26 5
1 5
3 5
0 4
8 5
5 3
2 4
3 3
0 5
0 5
6 5
4 4
2 5
4 4
4 4
3 4
4 4
0 4
45 5
4 5
7 5
1 5
31 5
5 5
2 5
3 4
9 5
7 5
2 5
0 5
3 5
16 5
69 5
15 5
2 5
6 5
5 5
10 5
6 5
9 5
16 5
9 5
4 5
4 5
4 5
6 5
4 5
2 5
39 5
48 5
15 5
9 5
12 4
25 5
1 5
8 5
3 5
1 5
37 5
9 5
22 5
46 5
6 5
33 5
48 5
5 5
9 5
3 5
42 5
2 5
3 5
2 5
11 5
7 4
4 5
5 5
12 5
1 5
4 5
8 5
10 5
3 5
6 5
11 5
9 5
14 5
11 5
5 5
4 5
9 5
2 5
5 5
2 5
4 5
3 5
9 5
23 4
4 5
19 5
2 5
4 5
4 5
8 5
1 5
11 5
166 5
5 5
34 5
22 5
61 5
207 5
35 5
22 5
69 5
20 5
8 5
21 5
4 5
59 5
1 5
70 5
413 5
77 5
36 5
53 5
18 5
7 5
1 3
41 5
2 5
2 5
52 5
26 5
2 5
19 4
3 5
24 5
81 5
89 5
36 4
0 5
3 5
23 5
64 5
15 4
10 5
1 5
59 5
32 5
94 5
1 5
2 5
1 5
1 5
42 3
7 5
16 5
10 5
47 5
34 5
22 5
25 5
14 5
84 5
136 3
2 5
1 5
10 5
10 5
16 5
2 5
50 5
37 5
9 5
9 5
34 5
15 5
3 5
137 5
46 5
9 5
124 5
58 5
9 5
12 5
13 5
7 5
12 5
19 5
7 5
7 5
9 5
26 5
3 5
8 5
11 5
7 3
8 3
13 5
28 4
13 5
13 5
7 5
16 5
71 5
13 5
8 5
8 5
8 5
12 5
11 5
9 5
