7 5
12 3
4 5
3 5
13 5
0 4
1 5
3 3
1 5
6 4
9 4
4 4
3 3
0 4
130 4
1 2
53 5
1 3
2 4
5 3
4 4
29 3
1 3
2 4
0 3
6 4
3 4
3 5
0 3
3 3
1 4
5 3
4 3
8 4
3 3
1 4
0 4
1 4
0 3
3 3
1 5
2 3
47 4
5 4
34 4
5 4
5 3
1 3
15 4
2 4
24 4
1 3
1 5
3 4
3 3
6 5
5 4
7 4
4 4
6 5
16 4
0 3
7 3
0 4
4 4
10 5
1 4
3 3
1 4
0 3
6 3
5 4
0 4
3 4
1 5
11 3
8 5
7 5
37 5
2 5
1 4
15 4
8 4
9 5
8 4
3 4
4 5
3 3
5 3
1 3
6 5
3 1
1 5
3 5
21 4
4 4
10 2
4 5
1 3
5 4
2 5
4 4
1 4
5 4
5 5
10 5
4 4
7 3
3 2
14 5
0 4
6 4
6 5
7 5
3 3
1 4
2 4
3 4
7 4
31 4
1 4
33 5
2 4
0 3
5 4
3 4
1 3
0 2
1 4
26 3
0 4
2 4
1 3
7 5
12 5
7 3
3 3
1 4
2 3
5 4
18 3
2 4
2 3
4 4
4 4
2 4
12 3
9 3
8 4
0 3
0 2
0 3
0 3
1 3
2 4
1 2
1 4
0 3
13 4
1 4
4 5
2 2
4 3
7 5
3 4
5 5
12 4
7 4
1 3
26 3
18 5
2 3
11 5
23 4
0 3
2 5
1 3
7 2
16 4
6 5
2 3
6 4
24 4
45 5
6 5
0 5
14 4
9 3
4 5
0 4
4 3
8 4
15 4
3 5
1 4
7 4
3 5
1 3
13 5
4 3
2 4
3 3
0 5
3 4
13 5
4 4
1 3
2 4
1 3
10 5
9 2
1 4
3 4
1 2
8 4
2 4
1 5
3 4
2 4
1 3
5 3
0 3
4 4
8 4
1 1
2 1
5 5
5 5
23 3
2 3
11 4
6 5
0 4
0 4
2 4
2 4
4 5
0 4
2 4
1 4
4 3
1 2
1 2
0 3
1 4
3 5
4 3
0 3
1 3
7 4
8 5
12 5
1 5
16 4
7 1
6 4
11 4
1 3
14 5
6 4
0 4
2 4
2 1
2 1
1 4
6 4
1 4
3 5
1 3
1 1
0 3
3 3
4 4
0 3
2 3
0 4
3 4
4 4
2 4
4 5
0 4
7 4
6 4
2 2
4 5
1 4
2 2
3 4
3 4
9 4
9 5
1 2
0 3
6 3
6 5
6 4
1 3
3 5
3 4
1 3
9 3
2 5
0 5
15 5
2 4
2 4
3 4
4 4
1 4
2 3
1 5
12 3
15 5
6 2
5 4
6 4
8 1
1 3
19 5
9 4
4 5
2 4
0 3
1 3
1 3
7 2
1 3
1 3
6 5
19 4
2 4
1 5
4 1
11 4
2 2
2 3
20 4
5 4
3 3
2 5
2 4
0 4
5 3
2 3
0 5
0 3
5 4
1 3
5 4
1 4
1 4
5 3
3 3
3 4
14 4
4 4
9 3
0 3
1 2
11 5
3 4
6 5
13 4
14 5
0 3
0 3
4 5
3 4
1 4
1 4
0 3
3 3
1 3
1 3
0 3
2 5
7 5
0 5
21 5
4 5
5 4
25 3
4 4
5 4
3 4
2 3
12 3
11 4
6 4
3 4
7 3
2 4
11 4
1 5
3 3
0 5
3 2
2 3
0 4
1 4
4 4
16 5
3 4
8 4
5 4
7 3
33 5
1 3
7 1
0 4
3 5
1 4
0 5
0 1
4 5
1 2
1 4
8 3
5 4
0 5
0 4
0 5
6 5
4 3
6 4
5 3
10 1
2 3
7 1
4 4
2 2
1 2
4 5
9 3
1 3
0 2
2 3
10 3
8 2
2 3
1 4
0 4
1 3
5 4
1 4
1 4
0 4
0 5
2 3
0 2
0 3
0 4
0 4
0 3
8 5
17 3
0 3
2 2
6 3
4 4
3 2
1 1
12 3
0 5
1 5
9 1
2 3
1 1
2 2
0 2
2 4
2 4
4 4
1 1
4 5
10 1
0 2
2 3
4 4
0 2
2 1
1 2
0 3
14 4
2 5
0 4
1 3
0 3
0 4
0 4
3 4
3 1
1 2
4 3
2 4
5 3
4 5
1 4
10 3
1 4
7 2
3 5
1 4
2 4
5 3
2 5
7 4
0 4
6 4
8 5
2 2
1 3
10 4
2 4
6 4
8 5
3 4
12 4
7 5
1 4
3 4
2 1
4 5
1 3
11 4
2 4
11 5
10 5
17 5
5 5
8 4
1 5
4 4
4 4
0 5
4 5
2 5
8 1
4 4
3 5
8 5
0 5
1 1
4 4
2 4
2 3
4 1
0 3
2 3
1 4
2 5
11 5
1 5
3 4
2 4
2 4
2 5
5 5
1 4
11 2
0 4
0 4
4 4
0 4
4 5
18 4
0 3
24 3
2 5
5 4
1 5
1 5
