6 5
76 5
5 4
36 5
13 5
1 5
14 5
15 5
7 5
1 5
1 4
5 4
3 5
6 5
4 5
6 3
14 5
6 5
1 5
14 5
39 4
3 5
22 5
2 5
1 5
5 5
22 5
2 5
42 4
7 5
8 5
49 5
1 5
3 5
8 5
7 3
1 5
4 5
14 5
5 4
7 5
6 5
31 4
2 4
15 5
57 5
9 5
2 5
6 4
4 5
5 4
2 5
6 5
10 5
1 5
7 4
12 5
18 4
23 5
24 4
1 5
8 5
21 5
5 5
18 5
14 5
7 4
9 5
17 4
1 5
8 4
12 5
13 5
4 5
3 5
14 5
9 5
29 5
1 5
1 5
4 5
5 5
33 5
7 5
1 5
9 5
1 4
6 4
5 5
4 5
0 4
9 4
18 4
7 5
6 4
1 5
1 5
21 4
18 5
0 5
10 4
0 4
2 5
5 5
5 5
5 5
3 5
13 4
24 5
2 5
4 4
4 4
8 5
5 5
4 5
13 5
1 4
2 5
5 3
4 4
3 5
8 5
9 5
23 5
28 5
7 5
4 5
4 3
11 5
9 4
5 5
2 3
26 5
14 4
6 5
2 5
3 5
4 4
11 5
13 5
3 5
14 4
5 5
3 5
2 3
0 5
8 5
23 4
3 4
16 4
32 5
29 5
9 5
17 5
61 5
52 4
13 3
10 5
6 5
2 3
2 4
18 4
17 4
6 5
11 4
1 5
3 4
5 4
14 5
16 5
19 4
3 5
2 5
17 5
1 3
4 4
0 5
2 5
37 3
4 5
31 4
15 5
4 5
4 5
6 4
6 4
7 3
4 5
11 4
4 4
8 4
6 4
0 4
1 4
22 4
185 4
9 5
1 4
0 4
7 5
3 5
4 5
64 5
48 5
24 5
7 5
6 5
0 4
8 4
2 5
2 3
5 4
25 5
1 4
5 5
6 5
6 1
6 4
14 4
11 4
6 5
1 5
2 4
14 5
12 5
6 3
11 5
26 5
5 4
16 4
14 5
1 2
4 5
6 5
6 2
2 5
48 5
5 5
8 4
4 2
9 5
3 2
16 4
30 4
1 5
2 5
4 5
5 5
8 4
14 2
7 3
27 4
1 3
3 5
10 3
5 2
2 3
2 5
2 4
3 5
4 4
4 4
2 5
3 5
295 5
62 3
5 4
38 4
6 4
6 4
25 5
4 5
11 5
7 5
6 5
8 5
6 4
11 4
11 5
19 4
1 5
5 4
6 5
6 3
6 4
1 4
2 4
10 4
4 5
6 2
2 4
3 4
7 5
6 5
0 4
1 4
2 4
3 4
36 5
5 5
12 5
44 5
2 5
18 4
27 5
3 5
2 4
4 4
0 3
6 2
15 4
4 4
18 4
0 5
1 3
8 5
14 4
2 3
22 5
4 3
2 4
33 5
16 5
14 4
4 4
28 4
7 4
19 5
14 5
26 3
7 5
1 5
10 5
1 4
0 5
4 5
7 5
6 5
4 5
3 5
7 4
3 4
6 5
3 5
40 4
3 4
3 4
6 4
2 5
9 4
10 3
7 4
4 4
7 5
24 4
3 5
4 5
8 5
6 5
2 4
4 4
2 5
9 5
5 5
1 5
9 5
6 4
5 5
22 5
8 5
4 5
3 4
2 5
6 4
23 5
3 5
2 4
4 5
27 3
3 4
7 4
6 5
2 5
20 5
4 5
2 3
14 4
10 5
17 5
11 5
4 3
12 5
4 5
7 3
3 5
13 4
13 5
19 5
14 5
30 5
5 5
10 5
6 4
2 5
5 3
8 3
9 5
2 4
23 4
2 4
16 5
17 5
5 5
24 5
7 4
4 4
8 5
15 3
16 5
3 4
15 4
20 3
10 5
8 5
11 5
5 4
7 5
85 3
16 4
10 2
83 5
7 4
4 3
34 4
45 2
39 5
19 5
7 4
5 5
0 4
11 5
26 5
36 4
3 5
4 3
6 5
2 5
3 5
5 4
47 4
3 5
10 4
10 4
9 5
13 5
0 3
20 5
9 4
2 5
10 5
4 4
5 4
24 5
5 4
10 5
5 4
11 3
2 5
9 3
2 5
21 4
0 3
20 5
12 5
3 5
9 4
9 4
7 3
32 4
26 5
18 5
4 4
5 4
9 5
1 5
7 4
16 5
16 5
4 5
10 4
10 4
5 5
2 4
4 3
2 5
3 3
4 4
44 5
3 5
16 5
35 4
13 4
13 5
5 2
8 5
12 5
1 4
7 4
3 5
3 5
4 4
9 4
3 4
21 5
7 3
2 5
13 5
16 4
1 4
14 5
8 4
53 5
19 5
4 3
15 3
3 5
6 5
10 4
1 4
1 5
0 5
2 5
3 4
1 5
14 3
5 5
3 4
7 5
1 5
3 5
5 5
4 3
1 4
6 3
6 4
19 5
14 5
47 2
