15 4
7 5
53 5
7 5
8 5
9 5
11 5
16 5
7 4
5 5
5 5
8 5
1 5
9 5
3 5
28 5
2 4
2 5
11 5
8 5
8 3
7 3
19 5
9 5
2 3
2 5
4 5
11 5
4 5
6 5
10 5
2 5
1 5
4 5
3 5
5 5
2 5
10 5
3 5
1 5
20 4
10 5
5 5
6 5
3 5
9 5
11 5
13 5
2 5
6 5
2 5
4 5
4 5
7 5
3 5
12 5
15 5
3 5
8 5
18 4
2 5
5 5
6 5
2 5
10 5
11 5
16 5
14 5
6 5
16 5
12 5
1 5
18 5
18 5
13 5
2 5
11 5
8 5
1 5
8 5
5 5
1 5
7 5
34 5
5 4
9 5
33 4
23 4
15 5
6 5
6 5
3 5
36 5
15 5
5 5
6 5
0 4
9 5
8 5
50 5
5 5
7 5
17 5
39 5
20 5
50 5
42 5
6 5
8 5
8 5
2 5
2 5
10 5
22 5
1 5
23 5
23 5
12 5
39 5
38 5
3 5
1 5
1 5
4 5
16 5
1 5
5 5
2 5
12 5
18 5
2 5
6 5
4 5
16 5
43 5
61 5
7 5
4 5
81 5
1 5
16 5
2 5
8 5
12 5
15 5
7 5
7 5
33 5
9 5
20 2
7 5
8 5
21 5
7 5
3 4
14 5
4 5
19 5
11 5
4 4
3 5
1 5
5 5
34 5
2 5
20 5
5 5
6 5
1 5
6 5
10 5
3 5
5 5
4 5
2 5
1 5
45 5
33 5
23 5
6 5
2 5
3 5
5 5
8 5
2 4
4 5
13 4
6 5
10 5
8 5
6 2
4 4
98 5
17 5
6 5
6 5
2 5
8 5
5 5
11 5
20 5
0 5
13 5
10 5
64 5
11 4
5 5
8 5
46 5
14 4
7 4
7 5
11 4
9 3
16 5
6 4
3 5
3 5
6 5
5 5
4 5
0 5
1 5
0 5
6 5
19 5
3 5
10 5
1 4
9 4
44 5
6 5
24 5
7 5
8 5
18 5
4 5
46 5
15 5
5 3
7 5
8 5
3 5
12 5
3 5
4 5
11 5
5 3
17 5
6 5
2 4
12 5
21 5
1 4
11 5
5 5
5 3
3 4
7 1
3 5
8 5
7 5
0 5
3 5
61 5
15 5
3 5
18 5
2 5
3 5
13 4
2 5
13 5
7 5
17 5
16 5
3 5
4 5
23 5
7 5
0 5
13 2
5 2
12 5
8 5
16 5
0 5
17 5
2 2
38 5
0 4
5 5
7 5
10 3
3 5
1 5
16 5
0 5
4 5
3 5
107 5
5 5
3 5
5 5
1 5
17 5
1 5
1 5
11 5
6 3
0 5
4 5
3 5
17 5
1 5
5 5
9 5
2 5
0 5
8 5
6 5
10 5
2 5
10 5
13 5
3 5
4 5
2 5
4 5
2 5
1 5
15 5
36 5
2 5
3 5
8 5
5 5
9 5
1 5
16 4
4 4
5 5
14 5
50 5
3 4
2 3
55 3
5 5
2 5
3 5
7 5
23 5
9 5
3 3
5 5
29 5
19 5
4 5
6 5
3 5
30 5
7 5
12 5
6 5
12 4
2 3
3 5
0 5
17 5
2 5
6 5
22 5
19 5
4 5
3 5
22 2
1 5
0 4
17 5
7 5
16 4
28 5
12 5
4 5
6 5
7 4
14 5
0 5
6 4
1 4
8 5
9 5
4 5
5 5
10 5
5 3
7 5
6 5
9 5
10 5
2 5
4 5
0 5
34 5
2 5
22 5
1 5
3 5
1 5
9 5
5 5
5 5
4 5
4 5
0 5
3 5
19 5
19 5
9 5
6 5
15 5
2 5
3 5
6 5
17 5
0 5
1 5
6 5
2 5
22 5
8 5
4 5
7 5
22 5
6 5
1 4
26 5
23 5
1 5
58 5
32 5
8 5
40 5
76 5
15 4
9 5
13 5
17 5
6 5
18 4
8 3
5 4
7 5
7 5
9 5
0 5
4 5
11 5
6 5
4 5
2 5
1 4
4 5
2 5
2 5
11 5
4 5
4 5
18 5
8 5
0 5
24 5
4 5
13 5
3 5
8 5
23 5
0 5
6 5
4 5
15 5
4 4
3 5
6 5
3 5
6 5
4 5
2 5
13 5
7 5
1 5
6 5
6 5
5 5
21 5
8 5
14 5
4 5
1 5
1 5
0 5
5 5
1 4
14 5
6 5
9 5
4 5
6 5
6 5
6 5
13 5
0 4
0 4
1 4
1 4
10 5
4 5
1 5
1 5
3 4
4 5
34 5
15 5
9 5
6 5
4 5
4 5
20 5
6 5
2 5
5 5
8 5
7 5
9 5
8 5
9 5
17 5
7 5
4 4
2 5
0 5
2 5
2 4
9 5
3 4
8 5
15 5
14 5
2 5
6 5
5 5
7 5
10 5
10 5
3 5
34 5
3 5
2 4
3 4
13 5
9 5
2 5
9 5
1 5
15 5
6 5
91 5
11 5
24 5
1 5
2 2
0 4
15 5
34 5
8 5
0 4
10 5
11 5
6 5
11 5
14 5
15 5
7 3
1 4
5 5
5 2
4 3
8 2
23 3
9 4
37 5
12 5
19 5
14 5
1 5
9 5
2 5
12 5
18 5
2 5
18 5
6 5
10 5
17 5
5 5
6 5
7 5
5 5
4 5
18 5
7 3
10 2
0 3
6 2
12 5
16 5
