8 5
2 5
3 5
21 4
51 5
3 3
4 5
23 5
0 5
1 3
3 5
8 5
2 4
21 5
2 5
20 5
1 4
7 5
4 5
11 5
4 4
5 5
2 4
0 4
1 3
4 4
3 5
6 5
16 5
3 5
6 5
5 5
9 5
1 4
0 3
0 5
3 4
4 4
5 4
2 5
0 3
2 2
40 5
0 4
2 4
4 4
2 3
8 3
0 5
6 4
4 4
27 4
1 3
2 5
7 4
3 4
5 5
5 4
1 5
1 4
26 4
30 4
0 4
2 4
9 4
0 4
13 4
6 5
0 5
1 4
0 5
5 5
2 3
6 4
7 4
2 4
5 4
2 3
3 4
0 5
1 4
6 4
5 4
3 5
21 4
20 4
0 5
11 4
0 2
5 3
1 5
5 4
14 4
11 5
12 5
9 5
7 5
0 5
6 4
6 4
11 4
5 4
4 5
5 3
3 4
19 5
23 4
26 4
13 4
3 3
2 3
1 4
0 4
8 5
0 3
2 3
10 4
4 3
4 4
7 5
3 5
1 3
13 3
12 4
2 4
2 1
0 4
12 5
1 3
1 5
7 5
30 4
9 5
0 5
6 3
0 5
8 3
22 4
2 3
4 5
1 3
3 2
14 4
6 2
1 2
3 4
1 3
8 4
0 1
4 3
0 1
11 4
34 3
4 4
1 4
1 4
9 4
1 5
124 3
10 3
0 1
18 5
3 4
3 4
8 3
5 4
4 4
0 3
11 5
4 3
1 4
5 4
3 3
20 5
4 3
0 2
5 3
6 4
3 4
2 2
2 5
2 3
2 4
2 2
2 3
1 2
35 3
10 4
41 5
2 3
15 4
9 4
7 1
5 4
0 2
5 2
1 3
6 3
4 3
2 3
19 3
1 3
0 3
2 4
9 4
5 3
3 4
1 3
1 3
2 3
4 4
9 5
2 3
11 4
4 4
4 3
6 4
1 3
5 4
35 5
2 4
12 4
3 4
2 3
4 3
5 3
3 3
1 3
11 4
28 5
4 1
8 4
2 4
20 5
1 4
4 3
1 2
3 3
9 4
2 3
18 3
7 4
6 4
3 4
2 2
15 4
1 3
5 5
11 3
2 4
5 3
5 5
14 5
45 4
14 5
2 3
2 5
9 5
3 3
8 5
21 5
2 5
4 5
9 3
3 2
4 4
2 5
13 5
2 4
11 4
2 5
1 4
27 5
31 4
1 4
2 4
2 5
15 3
9 4
13 4
4 3
2 3
1 4
2 4
10 5
3 5
0 5
4 5
1 5
1 5
2 5
2 5
2 5
3 3
0 5
18 4
0 5
2 5
1 4
5 5
0 5
1 5
28 5
9 5
4 5
2 5
18 2
14 5
4 5
3 5
2 5
8 5
1 5
10 5
10 5
0 5
9 2
3 4
2 5
6 5
3 5
10 5
1 5
3 5
13 5
11 5
6 5
3 5
2 5
3 5
1 4
4 5
7 5
12 5
3 5
4 5
11 5
3 5
1 5
1 4
1 5
9 5
8 5
3 5
6 5
11 5
11 4
8 5
2 5
24 4
3 5
4 5
15 5
3 5
3 5
2 5
2 5
1 5
1 5
41 5
6 4
6 5
2 5
11 5
1 5
0 5
4 5
3 5
20 5
2 5
10 5
4 5
61 5
13 5
4 5
3 3
7 5
8 4
3 4
30 5
1 5
0 5
4 4
16 5
6 5
18 4
1 5
2 4
2 5
1 3
5 5
2 5
3 5
3 5
5 5
3 5
2 5
9 5
1 4
8 5
12 5
2 5
9 4
15 4
4 5
1 5
2 5
1 4
4 5
0 5
2 4
2 5
1 5
8 5
20 5
1 5
2 4
4 3
13 5
6 5
0 5
6 5
16 5
1 5
2 5
3 5
17 5
23 5
1 5
1 5
12 4
3 5
0 5
5 4
3 5
16 5
0 5
5 5
8 5
4 5
6 5
11 5
0 4
2 5
2 5
2 5
6 5
10 5
8 4
1 5
4 5
2 5
6 4
4 2
4 5
4 4
2 4
6 5
38 5
6 5
2 5
5 5
6 5
4 5
1 5
4 5
35 5
12 5
9 3
4 4
5 5
2 5
0 4
0 5
6 5
17 5
7 5
4 5
3 5
8 5
0 5
4 5
0 5
7 5
4 5
10 5
17 5
10 5
5 5
8 5
3 5
14 5
21 5
4 5
5 5
21 5
0 5
5 5
1 5
2 5
4 5
3 5
3 4
3 4
4 5
4 5
2 4
2 5
3 4
7 5
7 5
2 5
6 5
8 5
20 5
0 4
1 3
13 5
4 5
2 4
0 4
7 4
0 3
13 5
1 3
2 5
3 4
1 4
8 5
4 5
8 5
1 5
11 5
2 4
9 4
3 5
0 5
5 5
2 5
0 5
2 5
2 5
2 5
1 5
5 5
37 5
4 5
4 5
2 4
4 4
20 5
2 5
3 4
1 3
9 5
5 1
4 5
2 4
0 4
3 5
4 5
3 5
3 5
0 5
4 5
4 5
4 1
1 5
14 5
6 5
5 4
3 5
1 5
1 4
2 5
12 5
7 4
103 5
18 5
1 5
4 5
1 5
4 5
18 5
11 3
4 4
2 5
22 5
113 5
2 5
18 5
14 5
1 5
7 4
6 3
3 5
0 5
19 4
1 4
1 4
4 5
0 5
1 5
0 5
2 5
3 5
12 4
1 4
0 4
2 5
0 3
0 5
0 4
10 5
1 4
1 5
2 5
7 5
7 3
2 3
6 5
2 5
9 5
0 4
2 5
0 3
7 5
7 5
12 5
4 5
4 5
2 5
0 4
1 5
0 5
1 5
1 5
0 4
9 5
5 1
3 5
3 5
10 4
2 3
4 5
1 3
0 4
1 5
2 5
0 4
9 5
17 5
4 5
6 4
6 5
9 5
1 4
0 4
17 5
11 5
2 5
5 4
1 5
0 4
1 4
11 5
11 3
9 5
3 5
1 4
4 5
8 5
6 5
0 5
1 5
9 5
3 5
1 5
5 5
1 5
0 5
3 4
22 5
15 5
3 5
0 5
1 5
5 5
2 5
6 4
10 4
34 5
0 5
4 5
4 4
1 5
1 4
4 5
8 5
11 5
1 5
6 5
1 4
16 4
0 5
0 5
1 5
5 5
4 5
0 4
5 5
1 5
1 4
5 5
4 4
1 4
3 4
0 3
1 5
22 5
8 5
0 4
1 5
41 5
5 4
1 5
4 5
7 3
5 5
2 5
3 5
1 5
8 4
3 5
4 5
6 4
18 5
4 5
6 5
5 4
4 5
8 5
2 4
0 4
3 5
1 4
1 5
1 5
1 4
6 5
1 5
1 1
18 5
1 5
0 5
2 5
2 5
43 4
9 4
7 5
5 5
7 5
10 4
1 4
2 4
0 5
4 5
5 5
9 4
2 5
14 2
19 5
7 5
7 5
3 5
0 4
35 5
1 4
8 5
0 4
2 4
5 5
8 3
3 4
0 5
2 5
6 5
0 5
1 5
1 5
0 5
3 4
6 5
9 5
0 4
5 5
12 5
1 5
5 5
1 4
1 5
0 5
4 5
3 5
1 4
2 5
2 5
6 5
1 5
18 5
8 5
8 5
7 5
1 2
1 5
7 5
7 5
0 5
3 5
1 5
2 4
10 5
1 4
7 5
4 5
1 5
1 5
4 5
2 5
1 4
4 4
6 5
5 5
2 4
10 5
0 4
9 5
6 5
5 4
9 5
3 5
3 5
1 5
6 4
4 4
6 5
1 5
7 4
2 5
16 5
0 5
19 5
10 3
0 5
3 5
3 4
30 4
1 5
1 4
3 5
2 4
10 5
1 4
4 5
3 5
18 5
0 5
0 5
0 5
5 4
1 4
5 5
4 4
3 5
2 5
1 4
0 4
1 5
1 4
2 4
4 5
5 3
14 4
0 5
1 5
3 4
2 5
2 5
2 5
2 5
4 5
16 5
3 5
0 3
0 5
3 5
0 4
5 5
0 5
2 5
2 5
1 5
3 5
2 5
1 5
2 5
5 5
4 5
1 5
2 4
0 5
8 4
3 5
3 5
3 5
1 4
1 4
4 5
0 5
0 5
0 5
7 4
3 5
1 5
0 5
1 5
1 2
4 5
41 5
26 5
11 5
8 5
0 5
6 5
0 5
2 5
3 4
0 5
6 3
1 5
3 5
18 5
0 5
1 5
0 4
0 5
2 5
6 5
12 5
1 4
0 5
3 5
4 5
2 5
5 5
4 4
9 4
19 4
19 5
9 4
6 4
45 5
4 4
56 5
6 5
7 5
17 5
2 2
5 5
9 1
3 4
0 5
1 5
14 5
3 5
0 4
2 3
8 5
2 5
19 5
3 5
2 5
2 5
1 5
0 5
2 4
4 5
2 4
1 5
14 5
1 5
3 5
5 5
14 5
2 4
2 5
0 4
1 4
3 4
2 4
0 4
6 4
7 5
5 4
17 4
1 5
