0 5
5 5
0 4
6 4
26 5
2 2
0 5
6 5
7 5
3 4
1 5
1 5
4 5
2 3
21 5
1 4
7 4
2 4
1 5
4 4
3 4
2 4
1 3
0 4
3 4
3 5
0 4
46 4
14 4
3 4
4 5
3 3
0 4
2 5
3 5
1 4
3 3
7 5
9 5
7 4
0 5
7 4
8 4
2 4
4 3
3 4
2 4
2 4
5 5
3 4
2 5
2 4
5 4
3 5
1 4
0 4
1 5
1 5
10 5
0 3
9 5
0 4
0 4
6 5
3 5
1 5
8 4
11 5
2 4
2 5
1 5
4 4
7 5
3 4
5 5
17 4
0 4
7 4
1 4
6 4
1 3
3 4
2 5
3 4
1 5
1 4
7 4
0 4
3 5
2 3
1 5
6 2
2 5
1 5
6 5
2 4
1 4
3 4
0 4
9 4
3 5
1 5
2 4
7 5
2 5
1 5
10 5
6 5
1 4
5 4
3 5
28 5
2 4
0 5
4 5
4 5
12 4
7 4
8 5
4 4
4 4
6 5
3 4
7 4
8 4
0 4
12 5
6 5
9 5
27 4
2 5
4 5
7 4
6 5
1 5
5 4
2 5
9 5
7 4
4 4
0 5
5 4
1 5
1 5
0 5
2 4
2 5
0 5
4 5
2 5
3 5
3 4
4 5
0 5
3 5
2 5
0 5
7 5
2 5
3 5
0 5
4 5
1 5
3 5
2 5
0 5
0 5
2 5
9 4
8 5
3 4
16 5
3 5
6 5
4 5
0 5
0 5
1 4
6 5
2 5
3 5
3 5
5 5
16 4
9 4
1 5
2 5
0 5
0 5
0 5
4 4
32 5
2 4
1 5
4 5
1 3
2 5
4 5
1 4
4 5
2 5
4 4
2 5
11 4
9 5
6 5
8 5
6 5
1 5
5 4
10 5
1 5
12 4
1 5
3 5
0 5
0 5
1 4
3 5
1 4
1 5
6 5
4 5
5 5
2 5
11 4
6 1
0 5
11 4
5 5
2 4
4 4
0 4
1 5
2 4
0 3
3 3
0 5
3 4
5 4
7 5
4 4
3 4
5 4
7 3
4 5
4 5
3 4
9 5
2 5
1 4
2 5
8 4
4 5
21 3
5 5
13 4
4 4
3 3
5 4
7 5
1 4
11 3
4 5
9 4
2 5
1 5
0 4
3 4
6 5
0 5
5 4
2 4
1 5
3 4
4 3
13 5
5 5
32 5
1 4
1 4
0 4
9 4
1 5
1 3
2 3
5 4
0 3
6 3
2 5
13 3
9 5
4 5
3 4
6 4
6 4
2 3
2 4
9 5
1 3
1 4
4 5
1 5
13 5
3 3
11 4
2 5
2 5
3 5
5 3
3 5
26 4
0 4
0 4
3 4
6 5
0 3
21 4
8 5
2 2
2 5
2 4
2 3
4 4
0 4
0 5
6 5
9 5
0 5
1 4
1 3
11 5
2 2
2 5
7 4
2 4
0 3
7 4
0 3
4 3
2 5
7 5
2 4
2 3
3 5
2 5
3 4
1 4
1 4
11 5
1 3
0 4
1 5
0 4
1 4
12 4
6 5
2 3
0 3
0 4
1 4
4 4
0 5
2 4
1 5
0 4
0 5
3 4
3 4
0 3
3 3
2 4
5 4
8 3
2 2
12 4
4 5
2 5
1 5
8 4
3 3
3 5
2 3
15 5
14 4
3 4
1 4
0 4
0 3
10 5
1 4
0 4
4 5
2 5
4 5
1 3
1 4
3 4
2 5
4 3
0 4
2 4
0 3
5 3
3 5
12 4
6 5
6 4
7 5
1 4
1 4
2 5
17 4
1 5
1 5
6 5
20 5
3 4
3 4
6 5
0 4
3 5
3 4
7 3
0 3
0 4
1 5
0 5
15 5
0 5
0 4
2 4
0 4
24 4
6 3
2 3
3 3
4 4
0 3
4 4
0 4
7 4
2 2
10 4
0 4
0 3
2 1
13 5
0 5
5 3
13 4
3 5
1 3
6 4
1 5
4 4
13 4
10 3
2 5
0 5
3 4
1 4
0 5
0 2
14 5
7 4
0 5
3 4
2 4
8 4
6 4
1 4
1 4
1 4
7 4
10 3
8 5
0 5
10 4
4 4
0 4
9 4
1 2
1 4
2 3
1 3
3 5
1 5
57 4
12 3
7 4
6 4
0 4
1 3
3 3
5 5
3 5
15 5
2 4
51 5
6 4
5 4
1 5
2 4
3 4
3 5
0 4
1 5
4 5
13 4
3 4
3 4
0 4
1 5
2 4
4 4
6 5
19 3
0 4
2 3
0 5
1 4
4 5
0 4
2 5
5 4
5 5
7 4
3 4
10 4
3 4
4 4
3 5
1 4
5 5
1 5
2 4
6 4
5 5
12 5
5 4
2 3
0 5
2 5
0 3
3 3
9 4
3 1
0 5
7 3
9 4
1 4
10 5
19 4
0 3
1 4
1 5
2 5
6 4
5 4
3 5
2 4
1 4
2 5
7 3
6 5
5 4
2 4
1 4
0 5
0 5
6 5
3 5
0 5
9 5
1 4
1 5
4 4
6 5
6 4
1 4
0 4
11 3
16 4
1 4
5 5
7 5
32 4
1 5
0 4
4 5
6 5
0 4
2 5
2 4
2 5
0 4
3 4
0 4
6 2
7 4
2 5
2 4
6 4
4 5
5 3
5 5
8 4
13 4
2 5
3 4
3 4
3 5
3 3
10 4
0 5
0 5
2 3
8 5
3 3
1 3
10 5
21 4
3 3
3 5
6 5
1 4
2 5
12 5
2 4
5 4
1 3
0 5
0 5
4 4
6 3
0 3
2 4
7 3
2 3
2 4
0 3
1 4
0 4
4 3
0 4
0 3
0 4
12 5
5 4
7 5
0 4
4 4
15 4
4 5
1 4
1 4
7 5
1 2
0 3
3 3
2 3
3 4
2 4
2 3
7 4
12 4
1 3
0 5
7 5
1 3
0 4
6 4
6 4
3 4
5 4
6 3
5 5
7 4
1 2
0 5
1 3
1 4
0 3
0 2
3 5
14 5
7 5
2 4
5 5
15 5
7 5
5 5
8 4
0 3
4 2
3 3
1 5
1 3
5 5
1 2
1 3
0 4
4 4
3 5
1 4
4 3
3 5
0 3
4 4
2 3
3 5
3 4
7 4
5 4
8 5
13 5
4 3
5 5
12 4
2 5
12 4
7 4
24 4
2 5
4 5
2 5
3 5
11 4
1 5
1 5
1 5
8 5
23 5
14 4
1 4
7 3
0 4
9 4
2 4
1 3
4 2
4 2
1 4
