85 4
10 5
17 4
21 4
15 5
201 5
48 5
8 5
14 5
15 4
19 5
18 4
10 5
19 5
57 3
74 2
2 4
21 3
10 5
17 3
47 5
9 5
4 4
13 5
91 5
30 5
15 4
4 2
14 5
1 4
2 5
8 5
18 4
18 3
2 5
3 3
0 5
85 5
12 5
35 5
11 4
13 4
8 1
7 5
2 4
45 3
9 4
35 5
18 1
32 5
25 4
4 5
2 4
12 3
9 4
39 4
22 3
16 4
41 5
3 5
10 5
47 5
36 5
16 3
13 5
4 4
2 5
2 5
5 4
2 4
2 5
20 5
77 4
3 4
1 3
11 5
27 1
11 5
8 3
15 4
5 4
5 5
7 4
0 4
33 4
26 5
5 4
8 3
15 3
25 5
18 5
4 3
4 5
5 5
6 5
19 5
19 5
11 3
6 3
2 5
21 5
4 5
52 3
10 3
13 3
25 4
13 5
15 5
215 5
2 3
30 4
2 4
1 4
16 3
6 4
202 5
51 4
14 5
10 4
49 5
19 5
9 3
4 3
33 3
6 4
21 5
6 3
5 4
12 4
15 3
3 4
22 4
7 4
24 5
2 3
4 4
66 5
47 1
17 4
2 5
3 5
27 3
6 5
2 3
13 4
11 5
8 3
14 5
5 3
25 5
3 4
5 3
3 4
2 4
3 4
6 5
1 5
1 5
33 5
3 4
8 4
4 3
21 5
0 4
17 5
2 4
5 4
2 4
15 4
3 4
5 4
3 4
7 2
8 4
21 4
23 3
15 5
1 3
2 4
22 5
4 3
11 4
12 3
37 3
8 3
10 5
17 5
10 4
6 4
9 4
42 4
3 4
3 2
14 3
32 5
7 5
0 5
9 5
22 1
7 2
14 4
5 4
21 4
13 1
22 4
12 5
2 3
7 4
33 5
18 3
7 4
8 4
8 3
19 4
16 3
32 5
4 4
7 4
14 4
5 4
31 4
26 5
10 3
75 5
0 3
38 2
4 4
5 4
1 5
1 4
18 5
7 3
43 5
14 4
19 3
25 4
35 3
3 4
31 5
8 4
8 2
5 5
2 3
9 3
5 5
0 4
1 4
10 3
39 4
53 4
1 5
3 4
5 2
7 3
26 5
68 5
3 4
3 4
1 4
3 4
59 4
14 5
11 4
14 5
6 3
1 4
39 3
8 3
44 4
3 5
2 3
30 4
10 5
5 3
43 4
3 5
1 4
15 4
6 4
17 4
5 5
50 4
16 4
10 3
10 4
10 4
10 4
6 4
7 4
10 4
12 5
18 4
2 5
7 3
49 5
18 4
19 4
10 4
5 4
10 3
10 4
0 3
6 4
6 4
8 3
14 3
10 5
7 5
2 5
20 4
37 3
6 4
23 5
9 4
24 5
2 5
68 5
2 4
16 2
3 5
29 5
17 3
41 4
14 5
6 4
29 5
6 4
13 5
24 4
8 5
12 5
6 3
21 4
9 4
29 3
0 4
15 5
18 5
11 3
17 4
4 4
65 4
5 5
13 4
43 4
0 4
49 5
69 2
5 5
0 4
8 4
0 4
8 4
15 4
22 3
3 5
16 2
0 3
76 5
14 5
50 5
64 4
20 5
8 4
6 4
24 5
3 4
39 5
14 5
14 5
13 4
25 5
10 5
30 5
2 5
34 3
29 5
7 3
53 5
5 5
20 5
19 5
0 5
2 5
37 4
36 5
26 3
7 4
5 4
65 5
25 3
27 5
5 5
3 4
43 5
12 5
10 4
4 4
6 5
22 4
3 4
23 5
4 3
74 4
56 5
28 3
12 4
1 4
0 4
15 5
7 5
15 4
1 4
29 5
18 4
15 4
6 5
7 4
41 5
8 4
89 4
17 5
3 4
19 3
7 3
15 5
19 3
4 3
13 5
7 5
43 5
49 5
3 4
88 4
5 4
6 5
69 5
9 5
3 4
11 5
5 3
3 5
13 5
6 5
26 5
13 4
17 4
23 4
5 5
28 5
19 3
15 4
7 5
14 4
13 4
6 3
3 3
10 4
5 3
13 4
2 3
20 4
10 4
8 4
57 4
34 5
46 5
29 4
13 4
21 5
45 5
27 3
44 5
12 5
24 5
74 4
2 5
49 5
41 2
27 5
12 5
14 4
10 4
10 5
22 4
12 5
12 4
14 4
7 4
6 4
48 5
10 5
8 3
24 5
1 4
4 2
9 5
6 4
21 4
9 4
11 4
78 5
26 4
25 5
11 4
9 5
20 4
11 4
47 5
7 5
20 5
35 3
15 5
17 5
3 5
24 4
5 5
38 5
25 5
14 4
14 3
24 4
60 4
26 4
58 4
39 4
8 2
23 4
11 5
13 4
5 4
4 4
25 4
27 5
9 4
55 5
5 5
0 3
11 5
7 4
1 4
12 3
12 4
30 3
60 5
3 3
19 4
22 4
18 4
64 5
36 5
4 5
44 4
51 4
20 2
7 4
114 4
13 3
26 4
41 4
43 5
3 4
9 4
12 4
53 4
3 3
21 5
21 4
12 5
24 4
69 4
18 4
55 5
6 3
97 5
10 4
41 5
13 4
16 4
107 4
30 4
133 5
10 3
17 4
61 4
36 4
25 4
20 4
39 4
1 5
1 4
64 5
10 5
11 4
12 2
4 3
51 4
0 5
5 4
26 5
6 4
10 4
2 5
15 5
6 5
22 4
23 5
19 4
14 4
39 5
30 5
20 4
16 3
15 5
6 5
35 5
1 4
12 4
23 5
1 4
41 4
39 4
67 5
43 5
7 5
14 4
9 4
11 4
36 4
8 5
14 5
3 5
3 4
17 5
10 4
69 4
54 4
4 3
9 5
7 4
9 5
27 5
4 5
6 3
15 4
16 5
16 5
8 4
20 5
11 4
6 5
7 4
33 4
2 4
6 4
4 4
3 5
17 5
14 4
3 4
14 4
57 4
13 3
20 4
40 4
5 4
0 5
21 5
26 4
18 5
3 4
27 4
4 5
5 4
7 4
16 5
6 5
1 5
