8 5
1 5
2 5
0 4
2 4
0 2
2 5
1 4
7 5
9 4
30 5
21 1
13 1
2 5
3 5
1 2
5 5
2 4
1 5
4 5
1 5
0 5
4 5
2 4
1 5
6 3
1 5
4 4
1 5
0 3
3 5
1 5
0 4
1 5
2 4
1 5
2 4
3 4
37 5
0 5
0 5
2 5
1 2
5 4
2 3
2 5
2 4
2 3
2 5
1 4
0 4
0 5
2 5
2 5
3 5
3 4
5 5
1 5
9 5
0 4
2 4
1 5
3 5
3 4
1 4
0 4
0 5
0 4
6 3
0 5
2 5
1 5
5 5
0 5
3 5
0 3
0 4
7 3
3 3
7 5
1 5
2 4
0 3
3 5
2 4
2 5
2 3
0 5
5 5
0 5
3 5
6 5
1 5
2 5
1 5
0 2
1 5
2 5
3 4
0 3
9 5
4 5
0 5
4 5
3 5
1 5
0 5
1 5
5 5
1 5
2 4
0 5
2 4
4 5
3 1
8 5
4 4
0 5
2 5
3 5
2 5
2 4
2 4
6 5
7 5
1 5
0 5
4 5
2 5
2 5
2 4
0 3
0 5
4 5
0 5
0 3
0 4
2 5
2 5
3 2
16 5
1 5
2 2
0 4
1 5
4 4
0 4
1 4
12 1
0 4
1 4
5 1
0 5
5 5
9 2
1 5
1 5
0 4
4 5
3 5
0 5
1 5
2 5
0 3
1 5
2 5
0 5
2 5
4 5
5 5
3 5
5 5
1 5
0 5
5 5
3 5
2 4
11 5
4 2
0 4
2 5
0 5
3 5
2 5
21 5
3 5
1 5
1 3
2 5
0 5
4 5
7 5
2 4
0 4
2 3
1 5
3 5
1 5
0 5
1 5
2 3
3 5
2 5
0 5
6 5
3 5
1 5
2 5
3 5
2 4
2 5
1 4
1 5
0 5
1 5
4 5
4 5
7 5
0 5
3 5
0 5
3 5
3 5
2 5
3 5
2 4
2 5
2 4
9 5
1 4
1 4
1 3
0 4
8 5
1 4
2 4
2 5
3 4
0 5
0 5
1 5
2 5
5 5
0 5
3 5
1 5
15 4
11 4
9 5
1 4
2 5
8 5
1 4
0 2
6 5
4 5
3 2
5 5
0 5
2 5
0 3
1 5
1 5
10 5
0 3
1 5
3 5
4 5
2 5
0 5
2 5
1 5
7 5
1 3
5 1
3 5
0 4
1 5
1 5
1 5
11 5
4 5
2 5
11 5
0 5
0 5
3 5
2 5
4 5
1 4
2 5
0 5
0 5
3 5
4 5
4 5
7 5
2 5
1 5
2 5
3 5
0 5
14 5
0 5
5 5
1 5
1 3
1 5
3 5
0 5
2 5
2 5
3 5
2 5
0 5
2 5
2 5
5 5
0 4
14 5
1 5
2 5
4 5
1 5
1 5
2 5
0 5
6 5
2 5
6 5
3 5
1 5
2 5
2 5
8 5
2 5
3 5
1 5
0 5
1 5
7 5
1 5
3 5
3 2
0 5
3 5
2 5
0 5
8 5
2 5
3 5
1 5
9 5
9 5
6 5
7 5
7 5
2 5
2 5
9 5
7 5
3 5
1 3
1 4
3 5
3 5
5 5
3 5
3 5
8 5
5 5
2 5
0 3
3 2
1 5
5 5
1 5
3 5
0 4
2 5
2 5
1 5
0 5
4 1
1 5
10 5
18 5
2 5
0 5
11 5
8 5
1 5
6 5
3 5
1 5
3 5
4 5
0 5
2 5
0 5
2 5
8 5
21 5
6 5
0 5
2 5
2 5
9 5
0 5
11 5
0 5
3 5
7 5
1 4
5 5
5 5
1 5
1 5
0 5
11 1
9 5
2 5
3 1
1 5
0 5
26 5
9 5
1 5
0 5
1 5
6 5
6 5
6 5
3 5
5 5
1 5
4 5
1 5
1 5
3 4
6 5
3 5
2 5
12 5
6 5
6 5
1 5
0 5
2 5
6 4
0 5
2 5
1 4
4 2
0 5
15 5
0 5
5 5
2 5
0 5
2 5
1 5
12 1
10 5
4 5
4 4
5 5
7 5
2 5
8 5
1 5
0 5
1 5
4 5
3 5
2 5
4 5
2 5
1 5
5 1
2 5
2 5
3 5
4 5
16 5
4 5
29 5
10 5
18 5
0 5
4 5
14 5
8 5
