14 4
158 5
19 4
22 5
39 4
54 5
13 5
64 5
38 5
692 4
5 5
170 3
7 5
113 5
21 5
65 4
37 5
70 5
86 5
61 5
3 4
29 4
9 4
26 4
30 5
0 4
156 5
11 5
39 4
30 4
111 5
1 5
11 5
123 4
21 4
175 5
8 5
17 4
20 5
48 5
27 5
1 4
11 4
246 5
59 4
186 4
114 5
0 4
26 5
59 5
52 4
17 4
14 4
22 4
57 4
15 5
60 4
12 4
29 5
21 5
38 4
73 5
8 4
10 5
18 5
15 5
11 4
2 4
9 5
119 4
0 4
5 5
10 4
7 4
21 4
28 4
17 5
3 2
47 4
6 3
110 5
23 4
40 4
24 5
35 5
27 4
114 5
29 5
178 5
120 4
41 5
7 4
15 4
85 5
87 5
6 5
10 4
11 5
41 4
95 5
215 5
229 4
11 3
23 5
230 5
136 4
98 4
46 5
40 4
16 3
7 5
47 1
49 5
66 5
51 5
7 5
15 5
47 4
23 5
69 4
24 4
38 4
5 3
82 5
280 5
4 4
16 5
29 4
41 5
1 5
71 5
16 5
31 5
29 4
9 5
154 4
66 5
10 3
79 5
25 5
45 5
3 5
3 5
19 5
7 5
5 4
26 5
61 5
74 4
11 5
10 5
92 5
35 5
20 4
9 3
48 5
13 4
54 5
89 4
32 5
958 4
5 4
117 4
12 2
21 5
11 4
0 4
16 4
15 3
32 4
161 5
5 5
16 5
8 4
72 5
110 4
56 5
66 5
12 5
2 5
24 4
7 4
8 5
1 4
6 4
70 5
34 5
48 5
15 5
1 4
305 5
18 5
21 5
8 5
208 5
8 4
25 5
6 4
16 5
82 4
1 5
3 3
4 5
25 3
1 3
13 3
9 5
27 5
13 5
48 5
6 4
8 5
17 5
19 5
13 5
21 4
15 3
186 5
4 3
3 4
76 5
20 4
8 5
46 5
124 5
2 5
52 5
35 5
31 4
11 5
24 5
2 5
30 5
9 5
4 5
55 5
160 5
9 5
18 5
17 5
5 2
56 5
3 4
13 4
238 5
6 5
25 5
10 5
7 4
14 5
31 5
35 5
1 4
8 5
4 5
2 3
4 3
37 5
77 5
13 4
53 5
6 5
7 5
4 5
15 4
12 5
24 5
30 4
2 5
15 5
18 4
16 4
10 3
45 5
0 4
78 5
20 5
16 5
66 5
27 4
13 4
18 4
19 5
9 4
35 5
10 4
0 5
22 5
285 4
46 5
10 4
19 5
7 5
23 5
11 5
39 5
10 4
118 5
6 4
8 5
4 5
40 5
48 4
384 5
3 4
30 5
8 5
18 4
1 5
5 4
16 5
67 5
15 4
19 4
28 5
3 5
1 5
5 5
9 4
27 5
3 5
25 4
626 5
3 4
8 4
16 5
4 5
15 2
4 5
68 4
9 5
27 5
24 5
2 5
1 3
39 5
7 4
4 5
31 5
21 4
46 5
8 5
66 3
29 5
4 5
5 4
81 5
51 5
102 5
11 5
7 4
14 4
30 4
1 4
37 5
0 4
0 4
14 5
60 4
13 4
15 5
9 5
6 5
39 5
22 5
8 4
15 5
3 4
13 4
114 5
82 5
119 5
33 5
6 5
11 4
104 5
18 5
9 4
9 4
13 5
29 4
4 4
19 5
5 5
72 5
4 1
236 5
1 5
6 4
10 5
43 5
112 5
56 5
3 4
71 4
5 3
8 5
19 5
9 4
7 5
8 5
2 4
8 5
17 5
11 5
10 5
13 5
20 5
28 5
21 5
65 5
2 4
50 5
14 4
7 5
8 5
1 4
4 4
4 2
10 2
8 4
19 5
13 5
11 5
8 5
12 5
45 5
7 5
3 4
10 5
10 5
18 4
29 5
32 5
11 4
9 5
7 4
10 5
5 5
22 4
27 4
3 5
1 4
5 4
0 5
0 5
1 5
5 5
6 5
2 5
12 4
22 5
6 5
4 4
6 5
3 4
5 5
3 5
16 5
2 5
7 5
24 5
12 4
38 5
11 4
3 4
10 4
2 4
11 4
1 5
14 4
28 5
16 5
19 5
2 5
0 3
0 4
7 4
1 4
9 4
6 3
10 5
15 4
7 5
0 4
9 4
32 5
2 5
6 5
25 5
12 5
24 4
26 5
1 5
3 4
0 4
13 5
0 4
2 5
2 5
5 5
6 4
19 4
2 4
16 5
1 5
0 5
1 5
6 5
11 4
17 5
4 4
3 4
5 4
6 5
45 4
10 4
6 5
4 5
4 5
6 5
1 4
36 5
13 4
26 5
8 5
4 5
4 4
1 5
13 5
32 5
10 5
19 5
5 4
7 5
5 5
7 5
45 4
1 4
2 5
5 4
2 5
9 5
2 4
5 5
33 5
0 4
2 5
10 5
1 4
5 4
1 5
15 5
2 5
8 5
6 3
14 5
1 5
19 4
5 4
11 4
5 5
0 4
4 5
7 5
16 5
2 3
5 3
1 4
5 5
2 5
19 5
8 5
10 5
