46 5
12 3
8 5
7 4
12 5
18 2
18 5
8 5
8 4
86 3
5 2
2 4
1 4
13 1
4 2
6 4
5 4
4 5
3 4
6 5
3 2
106 5
23 4
53 3
16 4
12 5
4 3
9 5
8 4
4 3
1 5
10 4
11 5
7 1
1 4
7 2
26 4
1 4
8 4
3 4
2 3
9 4
15 5
5 5
5 4
15 5
0 4
4 3
5 5
16 1
12 5
3 4
3 4
4 1
7 3
8 5
6 5
3 5
6 4
3 5
2 4
5 4
5 4
2 3
1 2
6 4
11 5
6 4
15 4
6 4
3 5
2 5
5 4
8 2
4 1
23 4
8 2
8 4
13 5
8 5
1 5
7 4
3 5
1 4
1 5
5 3
5 5
2 5
134 5
4 5
28 4
4 5
3 4
39 5
9 3
4 4
2 5
9 4
2 4
0 3
4 5
7 4
1 5
2 4
16 1
39 4
1 5
7 4
1 5
24 2
1 4
6 5
9 5
6 4
8 1
2 4
1 4
1 4
5 4
1 4
1 5
4 4
18 5
136 5
3 2
6 2
5 1
0 4
10 5
7 4
9 4
1 5
17 5
6 5
2 3
4 5
6 3
18 5
5 4
31 2
6 5
5 2
1 5
16 5
0 4
25 4
5 5
0 5
3 4
1 4
7 5
7 4
3 4
6 4
13 5
1 4
4 5
0 4
6 4
4 5
2 3
3 5
2 4
50 4
4 5
7 5
0 3
9 4
5 5
3 4
5 1
7 2
4 4
2 3
59 5
0 5
10 3
27 5
13 5
3 4
6 4
7 5
8 3
7 2
4 5
17 4
2 5
8 2
5 4
2 4
22 5
7 5
6 4
2 5
2 5
11 4
6 5
0 4
8 3
1 5
1 4
8 3
7 5
2 2
1 4
5 5
11 5
0 5
3 5
9 2
4 3
13 5
36 4
12 4
56 4
7 4
2 5
9 4
50 2
7 3
4 4
3 4
121 5
30 5
7 4
4 4
5 4
3 5
6 4
11 4
21 5
23 5
1 4
10 4
2 3
7 4
4 5
19 4
1 2
9 5
10 5
1 4
33 4
1 4
18 4
6 4
6 5
9 4
4 5
5 5
7 5
4 4
0 5
2 2
3 1
0 4
3 4
7 5
6 5
26 5
4 5
1 5
13 3
3 1
50 4
3 5
8 3
5 5
7 4
1 5
21 4
18 4
26 5
4 4
1 5
1 5
5 4
0 5
23 4
5 4
3 3
6 4
3 3
10 5
36 4
31 5
3 5
7 5
10 5
3 5
1 1
21 5
7 5
4 5
20 4
4 5
6 4
38 4
3 5
34 3
2 4
14 4
4 5
8 5
45 2
3 3
41 5
1 5
12 4
7 5
7 2
3 4
3 5
4 4
2 4
1 5
6 2
1 1
33 5
12 5
5 4
4 5
4 4
6 4
6 5
32 5
3 4
6 4
2 4
4 4
15 5
13 4
3 1
3 4
5 2
5 2
8 4
4 4
2 5
6 4
5 4
35 5
2 1
1 5
6 3
2 4
1 4
2 4
4 4
18 4
3 5
7 3
46 5
1 5
37 4
9 4
3 5
6 2
4 2
1 4
26 5
2 4
3 4
6 5
5 5
0 3
14 4
10 2
3 4
3 4
1 4
0 5
4 4
0 4
3 4
3 4
1 4
13 4
3 5
0 4
65 5
2 5
4 1
0 5
8 4
40 5
2 4
9 4
1 4
3 5
5 2
5 5
6 4
7 4
7 3
5 4
4 5
6 5
17 4
0 5
3 4
4 5
3 1
25 4
1 4
4 5
9 1
6 2
1 3
2 5
3 3
7 5
5 4
4 4
9 5
3 5
2 5
11 4
1 3
6 4
7 3
11 4
88 5
72 5
4 5
3 1
0 3
4 4
5 4
2 4
19 4
5 5
2 3
5 5
3 4
5 3
8 5
8 5
2 3
6 5
4 4
1 4
31 5
1 5
4 5
11 4
5 3
5 4
8 3
2 5
5 4
4 3
1 4
9 4
21 5
4 4
6 5
4 5
3 5
0 4
4 4
2 5
12 5
9 4
3 5
0 4
2 4
1 4
45 5
4 5
3 4
8 2
3 4
7 5
5 5
5 3
7 5
3 5
1 5
7 5
1 5
4 3
7 4
7 4
1 4
8 5
4 3
1 4
1 5
10 4
1 5
15 5
3 4
18 4
6 1
11 5
4 4
1 3
26 5
3 4
3 4
0 3
6 5
1 4
4 5
0 5
2 5
4 4
2 5
9 4
18 4
2 4
9 3
3 5
2 5
3 4
6 5
10 5
3 4
4 5
0 5
6 4
4 5
0 3
3 5
2 4
16 4
0 3
8 5
2 4
0 4
8 5
33 5
2 5
4 5
1 4
5 4
8 5
5 5
15 2
3 5
29 4
11 5
10 5
2 2
6 5
0 4
376 5
12 5
1 4
6 4
7 5
21 4
7 5
10 5
8 5
1 4
0 4
2 4
9 5
5 4
4 4
3 5
2 5
8 4
4 5
9 4
13 5
5 5
9 5
2 4
8 5
5 3
2 5
0 4
47 5
6 4
0 5
1 5
8 5
25 4
5 5
5 4
3 5
3 2
0 4
1 2
2 5
18 5
13 4
0 4
4 4
1 5
0 4
1 4
4 5
16 4
3 4
0 4
6 5
44 5
4 5
7 4
4 4
6 4
4 5
1 4
3 5
2 5
6 5
4 5
4 5
8 3
16 5
14 5
5 4
9 5
1 5
15 5
1 4
7 4
5 4
4 3
4 5
19 5
3 5
16 4
1 3
6 5
4 3
1 5
0 4
1 4
6 4
1 5
0 5
13 4
12 4
27 5
3 5
4 4
1 4
9 5
1 4
1 4
14 4
1 4
2 5
4 3
4 3
8 4
1 5
1 1
3 5
0 5
5 3
2 5
0 3
0 5
2 4
3 5
1 4
2 4
2 5
3 4
7 5
41 4
9 3
1 5
0 4
4 4
12 5
1 4
14 5
37 5
0 4
14 2
79 5
32 5
1 4
6 4
2 5
3 4
13 5
4 4
2 2
12 5
0 5
0 4
1 4
1 5
40 4
4 5
6 3
11 5
2 4
10 2
1 4
5 5
2 5
4 4
11 5
6 4
3 5
4 5
7 5
2 5
1 4
5 5
6 4
12 5
9 4
2 5
7 2
4 3
3 4
6 2
11 4
5 5
5 4
6 3
4 5
6 5
18 4
8 4
2 5
13 3
15 5
4 5
1 4
2 5
20 4
3 2
3 5
12 4
17 5
1 4
4 5
5 4
2 4
8 3
6 5
5 5
16 5
25 5
3 4
3 4
11 3
3 4
5 5
25 5
6 5
2 5
5 3
1 4
7 5
4 5
3 5
4 5
0 4
13 5
1 5
3 2
7 3
2 5
8 5
9 5
3 4
3 5
28 4
21 5
6 5
3 5
5 5
5 4
8 5
0 5
5 4
1 3
1 5
3 2
7 5
3 5
4 4
1 4
2 5
5 5
3 3
13 5
10 5
14 4
1 4
0 5
0 5
3 5
11 4
16 5
4 4
13 4
7 2
1 4
8 5
7 5
11 4
7 5
10 5
7 4
13 5
6 4
3 4
10 5
6 5
2 5
1 5
15 5
1 4
3 5
8 5
4 4
5 1
5 5
1 5
0 5
28 4
7 5
9 5
12 5
20 5
3 4
26 5
2 4
4 5
0 3
14 4
5 5
3 4
4 5
8 5
5 5
12 5
3 5
3 4
21 5
15 5
5 5
7 5
1 3
2 1
8 4
15 5
60 5
2 5
26 5
6 5
2 4
13 5
6 2
6 4
29 5
13 5
1 5
11 5
10 5
20 5
7 5
14 5
19 5
8 4
25 5
8 4
12 5
47 5
3 4
4 5
34 5
7 5
20 5
38 4
49 5
9 5
8 5
7 5
16 5
15 5
7 5
14 5
9 5
10 3
16 4
6 5
9 5
4 5
20 5
13 4
73 5
2 5
4 4
0 5
23 5
33 4
7 5
10 5
13 5
2 5
7 5
3 4
10 5
11 5
7 5
16 4
27 3
171 5
9 5
11 5
8 5
6 5
15 5
38 5
27 3
1 4
10 3
2 5
3 4
9 1
6 3
5 5
32 1
4 5
0 5
2 1
10 2
