5 5
3 4
13 5
29 3
16 4
16 5
1 5
6 4
2 4
10 4
11 5
1 5
4 1
6 5
12 5
9 5
5 4
9 5
3 5
2 4
0 5
1 5
143 5
12 1
2 4
27 5
94 3
6 5
15 3
7 4
5 4
1 1
2 5
6 5
1 3
4 4
1 2
1 5
6 3
268 4
3 3
8 5
1 5
1 3
1 5
1 5
14 1
0 1
41 4
3 4
3 4
1 4
3 4
5 1
0 4
12 1
7 2
41 5
10 1
5 4
6 4
10 1
3 4
15 5
3 3
3 2
1 5
4 4
3 1
4 4
1 4
2 1
9 4
11 2
45 4
0 1
66 4
18 5
4 3
8 1
7 4
3 1
2 4
20 4
4 3
25 1
1 5
13 5
2 5
16 4
41 1
18 2
7 1
2 4
0 5
12 2
6 5
11 3
27 4
3 2
1 5
0 5
84 1
4 5
6 5
3 5
15 5
40 5
5 4
32 5
22 5
35 4
2 4
3 2
7 3
5 5
1 5
21 5
0 5
0 4
0 4
0 5
0 5
1 4
0 4
15 1
0 4
0 2
9 1
72 4
2 4
6 5
5 4
4 4
17 4
4 3
54 5
3 4
14 2
36 5
5 5
7 1
4 4
4 1
10 5
14 5
19 5
3 5
23 5
0 4
12 3
0 5
15 5
10 5
1 5
3 5
46 3
12 2
32 5
138 4
11 4
3 2
0 3
11 1
6 5
3 5
2 5
0 5
2 3
0 5
3 4
27 5
0 5
28 5
10 3
35 3
12 4
7 5
0 4
16 4
8 5
2 4
5 5
11 5
34 5
31 3
630 5
17 5
3 4
24 3
5 5
10 1
8 5
33 4
13 3
27 2
0 4
0 5
63 5
1 4
0 2
1 3
4 4
38 5
13 5
0 4
4 4
4 1
11 4
0 5
1 4
4 5
1 5
3 1
27 5
5 3
12 3
40 5
11 5
4 4
13 4
9 1
11 5
7 4
2 4
23 2
63 5
17 5
0 2
7 4
4 4
3 5
18 4
0 5
6 1
8 3
17 3
5 5
0 5
0 5
7 4
7 1
7 3
6 5
5 1
3 3
0 5
15 4
9 2
0 5
1 4
5 4
2 5
9 4
8 3
1 4
3 4
1 4
0 5
0 3
9 5
5 4
2 4
2 4
2 5
20 4
27 5
4 2
10 5
6 5
1 4
6 5
4 5
3 5
7 5
4 3
23 5
5 4
5 3
0 5
13 5
2 5
35 3
71 5
9 5
1 1
1 4
8 3
0 4
0 4
4 4
0 4
0 4
8 5
6 5
14 3
6 4
0 4
5 4
18 4
3 5
9 5
15 4
4 5
7 4
4 1
4 4
12 2
14 4
7 5
13 4
5 1
10 4
51 4
8 4
12 5
9 3
46 4
12 3
2 4
1 4
67 5
33 5
6 4
32 5
83 5
20 3
14 2
5 1
3 4
38 5
19 4
8 2
54 4
5 4
0 1
7 5
4 5
5 5
50 2
6 5
12 3
6 5
6 5
5 4
16 4
9 1
12 4
6 3
28 3
5 4
16 2
10 5
20 5
8 4
51 4
3 5
2 5
11 3
5 5
63 2
99 4
6 5
11 5
5 5
20 5
19 5
358 5
0 5
37 4
28 1
15 3
12 5
3 4
88 1
13 5
2 4
7 4
3 2
12 3
4 4
10 5
35 5
399 4
87 1
11 4
24 2
21 1
15 4
14 3
1 3
7 3
29 4
14 5
14 2
0 4
79 1
3 3
41 5
6 3
8 1
65 5
9 4
23 5
6 3
10 3
25 2
29 5
13 3
10 4
1 4
5 3
1 1
47 5
2 2
11 4
4 4
3 4
6 4
29 4
2 3
62 5
23 1
4 3
2 1
13 4
9 4
1 4
2 3
4 5
11 5
24 1
7 4
10 3
9 3
112 4
13 4
0 5
8 4
11 3
92 5
40 5
2 4
34 4
18 2
10 4
23 3
58 4
63 4
1 3
5 3
15 3
2 3
3 5
11 4
32 1
17 2
14 4
9 4
1 4
17 3
24 4
3 5
14 4
20 4
4 4
5 3
5 3
101 4
6 4
8 4
4 5
13 1
7 3
12 2
3 4
32 4
17 4
12 2
2 3
27 4
18 4
82 5
4 4
21 1
7 4
3 4
19 2
5 4
5 3
25 4
3 4
9 4
2 4
1 4
11 2
4 1
46 4
34 2
3 3
2 4
4 5
1 1
6 4
39 1
5 2
5 4
11 5
6 2
6 3
2 1
19 4
2 4
12 5
5 3
4 5
16 1
9 4
8 2
8 2
7 2
1 5
9 4
78 1
17 3
15 5
8 4
8 4
6 5
19 3
6 4
16 5
6 4
4 2
23 1
6 5
4 4
12 4
14 3
4 5
2 3
5 4
36 5
50 4
5 4
14 2
2 3
9 4
3 4
4 1
4 4
13 5
1 3
4 2
0 4
12 5
15 5
28 5
1 1
3 3
13 4
3 4
29 5
4 4
129 3
13 3
4 2
21 4
9 3
102 5
8 4
5 2
37 4
1 4
7 5
28 3
6 4
8 5
31 1
32 5
12 2
22 4
9 4
13 3
2 4
11 5
5 5
6 3
26 4
23 4
58 5
13 4
1 3
4 2
6 4
25 5
3 4
4 5
10 5
13 3
21 4
14 3
0 4
3 4
5 3
14 3
26 5
2 4
3 3
34 4
18 1
8 5
21 4
8 5
7 2
38 1
20 4
4 2
27 5
5 3
5 4
105 2
8 5
6 4
2 4
20 5
23 5
7 4
25 4
1 5
16 4
6 2
52 4
3 5
18 4
6 4
7 1
42 4
18 4
1 4
10 5
38 5
1 4
23 3
1 4
2 5
34 1
7 4
11 5
18 4
12 2
10 3
10 3
804 5
13 5
6 4
47 4
68 5
1 4
12 5
33 4
15 2
39 5
3 1
3 5
4 4
2 4
10 4
8 4
13 2
87 5
1 3
41 1
7 5
19 4
1 3
4 4
14 5
5 5
57 5
5 5
1 2
5 4
101 4
2 1
0 2
23 4
6 4
21 5
3 3
2 3
4 4
139 4
16 2
1 2
3 4
2 5
1 1
7 4
4 3
33 5
2 3
1 4
17 5
50 5
2 3
10 4
2 4
3 1
2 4
26 5
4 3
1 4
1 1
13 4
3 4
111 5
0 5
11 1
6 4
43 4
9 4
2 2
4 5
14 5
93 4
7 4
31 4
12 5
0 5
2 1
31 1
36 4
54 5
5 5
4 5
16 5
4 4
208 4
45 5
5 3
18 3
9 5
3 4
14 1
14 1
6 5
13 1
5 4
15 5
17 5
8 4
31 1
0 4
9 2
2 5
2 5
5 4
16 5
4 1
44 5
12 5
1 5
4 5
12 5
1 5
3 4
8 5
25 5
23 5
0 2
29 5
15 5
4 5
12 5
64 5
5 4
17 3
4 4
7 4
4 2
4 5
6 4
0 5
17 5
4 4
8 3
5 3
27 5
29 5
33 5
44 5
15 4
18 4
36 5
12 4
72 5
2 5
81 4
2 5
1 4
0 2
4 5
43 5
9 5
2 4
8 4
12 4
1 4
6 4
2 4
1 4
9 5
0 5
1 1
9 5
13 5
5 4
1 4
3 4
9 5
9 4
12 4
112 5
28 4
61 5
3 4
3 4
19 3
4 1
8 5
7 4
7 4
11 4
4 5
13 5
6 5
5 5
17 5
3 2
102 5
14 4
9 3
21 1
13 3
5 5
15 3
10 2
7 5
114 5
1 1
20 5
6 5
1 3
7 4
4 5
2 4
10 5
40 5
2 4
55 1
12 1
16 5
25 3
24 5
7 5
3 5
3 5
1 3
2 5
7 4
9 4
3 5
4 5
1 4
5 3
7 5
5 3
2 4
5 4
2 5
8 5
20 1
33 5
13 5
10 5
8 4
3 4
21 4
3 4
4 5
1 5
18 1
53 3
4 4
66 5
74 5
6 5
2 5
0 4
20 4
31 5
1 5
2 5
7 5
19 5
9 4
6 4
31 4
2 5
10 4
4 3
12 3
2 4
10 3
13 5
47 4
1 4
2 4
3 5
12 4
8 5
4 5
7 4
53 4
39 5
10 4
6 4
6 5
21 4
17 4
4 1
59 5
8 5
2 3
12 4
8 5
2 5
3 5
34 5
2 5
22 2
3 5
20 5
9 4
3 5
3 4
16 5
2 5
5 5
7 5
13 5
11 4
81 2
12 4
6 5
1 4
28 5
28 5
75 5
26 5
6 5
20 3
20 2
31 4
1 5
8 5
1 5
4 5
12 3
9 5
16 5
4 5
27 5
9 4
0 5
5 1
10 3
4 4
6 5
3 5
10 5
7 4
1 1
6 5
3 4
2 4
3 5
4 5
3 4
9 5
0 5
8 5
16 4
10 5
11 2
4 5
0 5
2 4
4 5
8 5
15 3
3 4
36 5
4 5
36 4
129 1
11 5
30 5
32 5
0 1
144 4
3 2
5 5
6 5
1 5
6 2
0 3
13 5
13 5
21 2
18 5
36 5
16 5
25 5
5 4
62 5
23 5
2 5
8 5
0 3
5 5
63 4
45 5
1 5
9 5
19 2
27 4
8 5
21 4
19 1
59 1
0 5
2 5
3 5
26 4
13 5
4 4
7 4
2 5
4 5
7 5
12 5
34 5
5 2
26 5
7 4
2 5
74 2
4 2
2 5
14 4
7 1
2 4
24 5
3 5
11 5
43 5
48 5
20 5
0 4
15 4
12 2
2 5
13 4
2 5
1 5
0 5
7 2
12 5
4 5
2 4
27 1
5 5
19 4
11 5
16 5
6 5
4 2
3 5
52 5
145 1
39 4
0 5
47 5
25 5
14 4
9 1
16 4
4 4
19 5
5 4
14 2
3 5
6 5
0 5
1 4
7 4
9 5
1 5
20 4
0 4
1 5
5 5
7 5
15 5
5 5
4 5
13 5
34 5
25 5
10 5
6 4
6 5
30 5
29 5
21 5
39 4
75 5
4 5
5 5
5 5
6 5
21 5
19 5
13 5
11 4
0 5
39 5
6 5
3 5
5 5
4 5
16 5
4 5
1 5
5 5
0 4
17 4
10 3
3 4
19 5
3 4
20 5
0 5
20 2
34 2
4 5
3 3
14 5
12 5
26 5
3 5
2 5
1 5
12 5
8 5
7 5
33 1
4 5
12 5
36 2
2 4
8 5
25 5
14 3
10 5
12 5
20 1
12 5
3 5
8 5
32 2
11 5
1 5
15 5
7 5
141 5
13 1
18 5
7 5
9 5
3 5
83 5
2 5
6 5
79 5
0 5
3 5
0 5
5 5
34 4
1 5
3 5
11 1
5 2
1 5
4 5
5 5
7 5
10 5
29 1
9 5
8 5
1 5
19 5
3 5
7 5
7 5
0 5
4 5
46 5
5 5
1 4
4 5
24 5
10 5
8 5
0 5
40 5
4 4
2 5
39 5
5 5
1 5
3 5
4 5
11 5
4 3
1 5
0 5
12 5
13 5
6 5
7 5
11 5
0 5
12 5
7 5
12 5
20 5
8 5
7 5
0 5
14 5
210 5
2 5
11 5
4 5
2 5
5 5
27 5
14 5
