26 5
94 5
12 5
3 5
17 5
41 5
26 5
8 5
8 5
18 5
10 5
25 5
24 5
11 5
8 5
27 5
43 5
34 5
57 5
11 5
42 5
6 5
4 5
68 5
34 5
25 5
6 5
14 5
4 5
13 5
25 5
15 5
18 5
50 5
9 5
49 5
20 5
14 5
6 5
15 5
27 5
28 5
26 5
43 5
28 5
52 5
96 5
11 5
12 5
40 5
18 5
67 5
14 5
26 5
30 5
12 5
4 5
3 5
34 5
3 5
4 5
22 5
10 5
5 5
35 5
2 5
13 5
9 5
29 5
2 5
38 5
6 5
10 5
4 5
59 5
29 5
13 5
9 5
14 5
10 5
13 5
12 5
62 5
1 5
35 5
17 5
8 5
37 5
31 5
13 5
8 5
19 5
15 5
32 5
8 5
37 5
6 5
7 5
32 5
19 5
8 5
8 5
18 5
58 5
34 5
35 5
15 5
21 5
71 5
10 5
11 5
20 5
14 5
7 5
26 5
10 5
5 5
5 5
10 5
6 5
71 5
23 5
15 5
10 5
27 5
8 5
7 5
19 5
3 5
4 5
10 5
5 5
83 5
25 5
14 5
31 5
5 5
11 5
8 5
177 5
19 5
10 5
13 5
21 5
10 5
11 5
72 5
12 5
28 5
8 5
17 5
6 5
36 5
19 5
18 5
31 5
13 5
5 5
12 5
22 5
23 5
14 5
15 5
21 5
22 5
62 5
10 5
11 5
4 5
8 5
11 5
28 5
13 5
49 5
29 5
88 5
12 5
22 5
103 5
12 5
6 5
19 5
44 5
5 5
132 5
7 5
1 5
27 5
7 5
20 5
9 5
9 5
19 5
14 5
20 5
47 5
68 5
10 5
20 5
17 5
4 5
54 5
29 5
5 5
15 5
46 5
58 5
18 5
11 5
33 5
17 5
10 5
51 5
43 5
25 5
14 5
34 5
24 5
9 5
12 5
17 5
32 5
7 5
21 5
4 5
12 5
8 5
7 5
11 5
16 5
5 5
9 5
7 5
6 5
6 5
8 5
18 5
17 5
7 5
37 5
4 5
39 5
7 5
12 5
43 5
82 5
20 5
9 5
12 5
226 5
12 5
7 5
17 5
32 5
164 5
24 5
10 5
28 5
6 5
2 5
31 5
10 5
9 5
79 5
12 5
25 5
48 5
13 5
4 5
21 5
16 5
18 5
13 5
36 5
17 5
9 5
23 5
34 5
12 5
15 5
75 5
16 5
20 5
3 5
5 5
154 5
20 5
55 5
24 5
26 5
17 5
6 5
25 5
9 5
49 5
173 5
13 5
9 5
1 5
10 5
33 5
45 5
2 5
28 5
28 5
14 5
5 5
28 5
9 5
21 5
7 5
18 5
3 5
3 5
98 5
10 5
4 5
6 5
18 5
19 5
29 5
49 5
40 5
5 5
45 5
14 5
3 5
15 5
17 5
5 5
154 5
12 5
5 5
14 5
17 5
14 5
25 5
64 5
98 5
4 5
21 5
57 5
69 5
12 5
2 5
26 5
5 5
8 5
9 5
16 5
7 5
7 5
20 5
77 5
20 5
31 5
205 5
13 5
147 5
46 5
4 5
6 5
23 5
29 5
14 5
21 5
58 5
17 5
8 5
26 5
5 5
25 5
51 5
24 5
31 5
15 5
20 5
18 5
30 5
9 5
36 5
26 5
9 5
11 5
13 5
15 5
25 5
13 5
6 5
13 5
34 5
8 5
9 5
2 5
13 5
17 5
5 5
101 5
40 5
11 5
37 5
15 5
18 5
85 5
28 5
4 5
3 5
3 5
30 5
90 5
15 5
13 5
19 5
147 5
5 5
5 5
4 5
52 5
11 5
14 5
5 5
5 5
8 5
11 5
24 5
15 5
4 5
35 5
24 5
33 5
7 5
8 5
5 5
70 5
4 5
13 5
4 5
12 5
14 5
26 5
39 5
12 5
12 5
16 5
10 5
18 5
12 5
31 5
48 5
35 5
30 5
10 5
3 5
10 5
886 5
13 5
9 5
13 5
8 5
23 5
4 5
3 5
16 5
4 5
13 5
8 5
4 5
9 5
23 5
6 5
65 5
2 5
7 5
4 5
10 5
7 5
25 5
5 5
9 5
11 5
8 5
43 5
42 5
5 5
14 5
6 5
18 5
41 5
35 5
32 5
11 5
5 5
30 5
10 5
50 5
34 5
8 5
1 5
4 5
4 5
8 5
3 5
18 5
18 5
18 5
20 5
12 5
5 5
20 5
22 5
0 5
35 5
7 5
18 5
17 5
7 5
5 5
1 5
10 5
10 5
7 5
3 5
25 5
53 5
3 5
7 5
24 5
39 5
54 5
10 5
10 5
9 5
82 5
5 5
5 5
21 5
21 5
9 5
43 5
32 5
2 5
11 5
17 5
15 5
49 5
18 5
5 5
2 5
0 5
2 5
37 5
25 5
11 5
819 5
17 5
38 5
21 5
43 5
13 5
11 5
3 5
7 5
24 5
22 5
8 5
16 5
8 5
17 5
5 5
28 5
8 5
48 5
84 5
7 5
8 5
16 5
19 5
173 5
6 5
11 5
10 5
11 5
14 5
2 5
49 5
16 5
32 5
20 5
13 5
20 5
20 5
35 5
17 5
9 5
13 5
25 5
64 5
18 5
27 5
7 5
18 5
5 5
13 5
6 5
31 5
21 5
41 5
4 5
7 5
18 5
10 5
24 5
12 5
4 5
3 5
12 5
12 5
106 5
23 5
2 5
15 5
26 5
31 5
32 5
8 5
40 5
9 5
32 5
23 5
5 5
34 5
7 5
49 5
68 5
94 5
24 5
75 5
41 5
43 5
4 5
14 5
15 5
72 5
1 5
