27 4
3 3
6 5
3 5
1 5
3 4
15 5
2 5
8 4
20 5
11 5
0 4
2 5
1 4
1 5
2 5
1 5
7 5
4 5
13 5
7 5
10 5
7 4
5 5
5 5
93 5
2 4
11 4
3 4
4 5
7 5
9 5
3 5
3 5
30 5
2 5
2 5
4 5
6 4
6 5
28 5
6 5
6 5
5 5
0 5
4 5
2 5
3 5
1 5
30 5
5 4
5 4
21 5
2 4
1 5
1 5
7 4
2 4
2 4
5 5
10 5
3 5
1 4
6 5
4 5
4 5
3 5
9 4
4 5
12 5
0 5
13 5
6 5
6 5
1 5
7 5
3 5
8 5
7 5
2 4
4 5
3 4
2 5
1 4
13 5
0 5
0 4
21 5
12 5
7 5
7 5
2 5
5 4
35 5
3 4
2 5
3 5
3 5
50 5
2 5
1 5
4 4
8 4
6 4
4 4
3 5
6 5
0 5
0 4
0 4
2 4
8 5
1 4
2 3
3 4
12 3
0 4
3 5
0 4
6 5
0 5
3 5
0 4
4 5
7 5
11 4
16 4
21 5
1 4
6 4
90 5
26 4
6 4
15 4
32 4
1 4
1 4
1 5
3 4
8 4
1 5
1 4
5 5
3 5
3 5
29 5
15 4
3 5
0 4
3 5
97 4
10 4
18 5
0 4
5 4
23 4
35 5
4 4
1 4
1 4
3 5
2 5
5 5
1 4
16 3
14 4
14 5
3 5
5 5
8 5
4 5
57 5
7 4
5 5
0 4
2 5
3 4
8 5
0 4
1 5
14 5
1 4
9 5
7 3
5 5
2 5
1 5
1 4
3 4
1 5
2 5
8 5
2 5
7 3
1 4
14 4
6 4
14 4
2 5
11 4
7 5
1 5
14 5
2 5
1 4
5 5
6 5
9 4
8 5
6 4
4 5
8 3
50 4
6 4
6 5
4 4
20 4
4 5
73 5
0 5
2 5
40 5
6 4
6 5
3 5
0 5
10 5
4 5
14 4
22 4
10 5
2 4
7 5
2 5
13 4
20 5
529 5
2 4
2 4
31 4
5 4
2 4
23 5
4 4
1 4
57 4
5 5
0 5
19 5
40 5
1 4
1 5
13 5
18 5
2 5
1 5
21 5
43 5
18 5
5 4
55 5
9 5
1 5
19 5
15 4
15 5
19 4
3 5
0 4
1 4
22 5
3 5
2 5
22 4
6 4
7 5
0 5
1 5
13 5
1 5
0 5
4 5
34 5
12 4
3 5
4 5
26 3
11 4
3 4
9 4
23 5
5 4
7 5
14 5
7 5
4 5
1 5
0 4
2 4
12 5
3 5
1 5
11 4
1 5
0 5
3 4
3 5
2 5
0 4
3 5
0 4
30 5
29 5
6 4
190 3
19 5
14 4
5 4
6 5
10 5
6 4
1 4
1 5
4 5
8 4
1 4
2 5
14 5
4 5
1 5
0 4
3 4
13 5
1 4
1 5
2 4
6 4
0 5
10 5
0 3
5 5
10 2
1 5
2 5
6 4
1 4
4 4
8 4
7 5
0 5
17 5
8 3
4 5
1 5
1 5
3 4
4 5
2 4
11 4
5 5
7 5
3 5
3 4
7 4
0 4
9 4
5 4
6 5
1 5
1 4
2 5
18 4
2 5
3 5
2 3
5 4
3 5
2 5
2 5
2 4
1 4
1 5
26 3
1 4
2 4
0 4
4 4
0 5
0 5
6 5
0 4
7 5
8 4
0 4
1 4
2 4
6 5
2 4
2 5
1 5
62 5
0 5
2 5
10 5
14 5
3 4
41 4
2 4
4 5
1 5
3 4
6 5
1 4
1 5
6 5
2 5
7 5
3 5
1 4
2 5
2 2
1 5
2 5
2 4
1 4
3 4
3 4
9 5
1 4
1 4
4 4
5 5
3 5
1 4
1 5
1 5
1 5
1 5
1 5
1 5
1 5
18 5
2 4
18 5
1 5
2 4
6 4
11 5
5 5
5 4
16 4
1 5
1 4
4 4
2 5
1 5
8 4
5 5
1 3
4 5
1 5
4 5
3 5
7 5
13 5
14 5
5 5
6 5
5 5
1 5
4 4
11 4
48 5
3 5
1 4
2 5
5 4
4 4
9 5
67 5
5 5
1 5
8 5
1 5
16 4
4 5
0 5
1 4
1 5
0 4
0 4
6 5
0 4
1 5
9 4
0 4
36 5
26 5
8 5
10 4
5 5
18 5
7 5
11 5
0 4
1 5
6 4
35 5
0 5
14 5
2 4
0 5
6 5
5 5
0 4
1 5
3 5
1 5
4 4
4 4
0 5
5 4
1 5
1 4
0 5
0 5
0 4
0 4
0 5
0 5
0 5
0 4
2 4
21 5
0 4
0 4
0 4
0 4
0 4
0 5
0 5
0 5
0 5
0 4
0 5
0 4
1 5
0 4
0 5
25 5
1 5
24 5
0 5
9 4
1 5
19 5
5 5
1 5
2 4
1 5
99 5
7 5
1 5
18 5
19 5
14 5
26 4
25 4
0 5
4 4
0 5
1 5
2 5
4 5
1 4
0 5
5 4
1 4
1 4
1 5
5 5
20 5
1 5
8 5
2 4
20 4
0 4
17 5
3 4
0 4
7 5
0 4
3 4
2 4
13 5
2 4
7 5
9 5
25 5
3 4
3 4
37 5
3 4
0 4
3 5
6 5
16 4
4 5
1 4
0 5
43 4
3 3
8 5
15 4
0 4
1 4
2 5
6 5
50 4
13 4
8 4
4 5
2 5
1 4
4 5
4 4
1 5
3 5
4 5
5 5
43 4
4 5
0 5
13 4
1 4
1 5
13 5
0 4
2 4
3 4
0 4
13 5
4 5
3 5
0 5
3 4
3 5
3 4
1 5
0 5
6 5
5 5
4 5
4 4
3 4
15 5
1 5
0 5
25 5
20 4
11 5
4 4
0 5
15 5
4 5
6 4
5 5
4 5
2 4
0 5
5 5
2 5
2 4
2 5
6 5
12 5
1 5
0 5
0 5
11 5
3 5
11 4
7 4
31 4
6 5
39 5
4 4
13 5
8 4
10 5
4 4
18 5
5 4
12 4
1 4
18 5
5 5
29 5
5 4
15 3
8 4
20 4
2 4
17 5
75 5
18 4
15 5
7 5
2 5
5 4
6 4
24 5
6 5
33 4
1 5
23 4
77 5
9 5
6 4
28 5
52 5
3 5
9 5
19 4
91 5
93 5
10 4
2 4
1 5
2 5
15 5
75 5
9 5
15 4
7 4
11 5
18 5
1 5
6 5
2 5
1 5
61 5
7 5
2 5
6 4
5 5
7 5
3 4
3 4
56 4
4 5
18 5
13 5
4 5
16 5
0 4
24 5
9 5
11 5
4 5
2 5
2 5
1 4
5 5
2 5
6 5
32 4
16 4
2 5
10 5
20 5
0 5
9 4
18 5
2 5
12 5
8 5
1 5
2 4
12 4
3 4
9 5
1 4
11 4
8 4
1 5
1 5
9 5
1 5
5 4
7 5
1 5
9 5
12 4
3 5
10 4
125 4
2 4
1 5
4 5
17 5
1 4
10 5
15 5
4 4
6 3
14 4
15 5
7 4
3 5
1 4
1 4
8 3
0 5
2 5
14 4
7 4
3 5
0 4
5 5
5 3
5 4
8 4
7 3
1 4
3 4
1 5
4 4
8 4
15 5
1 4
17 5
2 4
10 4
3 5
17 5
14 4
2 3
1 4
44 5
4 4
2 5
13 4
70 3
32 4
28 5
104 5
8 5
5 4
2 5
20 4
3 5
8 5
8 4
5 5
3 4
0 5
1 3
17 5
9 5
1 5
3 3
0 4
1 5
0 5
2 4
0 5
0 5
12 4
2 3
7 4
9 4
62 5
151 5
7 5
22 5
0 5
17 5
11 4
54 4
5 4
24 5
37 4
2 4
5 5
2 5
4 5
42 4
4 4
0 4
7 4
2 5
16 4
3 4
114 5
6 4
5 5
16 4
3 5
7 4
1 5
2 5
2 5
5 4
6 5
2 4
5 4
13 4
14 4
3 5
6 3
2 5
3 5
15 4
39 5
3 5
73 5
5 3
6 4
8 5
15 5
5 5
11 5
36 5
15 5
9 5
2 5
2 4
7 4
24 5
20 5
1 4
2 4
3 4
16 4
4 4
7 5
7 5
9 4
7 4
4 5
3 5
2 4
1 4
6 5
4 3
2 4
3 5
9 4
7 4
15 5
8 4
5 5
5 5
5 4
3 4
5 3
13 4
1 4
1 4
2 5
4 5
17 5
13 5
43 5
5 5
14 5
3 4
5 4
6 4
7 4
4 4
4 5
7 5
12 5
17 4
8 5
2 4
6 4
4 5
6 5
3 5
4 5
22 5
2 5
11 5
2 5
2 4
16 5
7 5
24 5
11 5
3 5
4 4
9 4
1 5
1 5
5 5
12 4
1 4
5 5
25 5
15 5
10 5
3 5
8 5
124 4
20 5
10 4
38 5
20 5
2 3
2 5
2 3
9 4
1 5
2 5
7 4
148 5
1 4
3 4
6 5
6 5
14 5
9 5
4 5
1 5
2 4
26 4
7 5
69 5
1 4
7 5
1 5
0 4
10 3
3 5
2 5
5 4
3 5
1 5
23 4
11 4
9 4
2 5
9 4
1 5
5 4
57 5
7 4
1 4
0 4
14 5
4 4
56 4
1 4
6 5
7 5
4 5
3 5
3 4
6 4
3 5
0 5
1 5
20 5
2 5
0 4
1 5
2 5
0 5
21 4
28 5
2 5
1 5
2 5
5 5
0 4
0 5
2 4
2 5
3 5
32 4
6 5
0 4
5 5
1 4
0 4
1 4
0 4
0 4
3 4
0 4
5 4
2 4
2 5
16 5
10 5
1 5
14 4
0 5
0 4
2 4
17 5
1 4
0 5
30 5
1 5
0 4
3 5
6 4
4 4
0 4
2 5
4 5
2 4
2 3
2 4
3 4
16 5
1 5
0 5
0 5
84 5
5 4
8 5
8 5
22 5
7 5
5 4
13 5
6 5
11 5
1 5
4 5
41 5
35 5
13 5
2 4
4 5
25 5
7 4
2 4
18 4
46 5
3 5
6 5
2 5
4 5
1 5
0 5
3 5
1 4
19 5
2 5
24 5
2 4
0 3
11 5
15 5
9 5
2 4
18 5
1 5
19 5
1 3
13 5
9 4
9 5
5 3
4 4
20 5
17 4
10 5
2 4
1 5
22 5
6 3
4 5
2 4
23 5
5 5
6 5
33 4
75 5
2 5
7 5
31 5
0 5
4 5
18 4
15 5
7 4
4 4
2 3
6 5
50 4
2 3
5 3
18 5
0 5
3 5
11 4
3 5
3 3
11 5
1 5
26 4
0 5
3 5
6 4
4 4
3 5
0 5
0 5
11 3
33 4
4 5
1 4
1 4
37 5
17 4
4 5
25 4
2 5
5 4
5 5
7 5
2 4
0 4
13 4
2 4
40 5
3 4
3 5
5 5
1 5
2 5
9 5
8 4
5 4
12 4
0 4
9 5
3 5
9 4
1 5
1 4
2 5
1 5
3 5
13 5
15 5
4 5
0 4
3 3
59 5
42 4
3 5
17 5
0 4
1 5
0 5
2 4
2 4
1 5
38 5
2 5
0 4
38 5
7 4
22 5
2 5
31 4
2 5
3 5
6 4
16 4
1 5
7 4
6 5
4 5
8 4
25 5
1 4
5 5
4 4
2 5
25 5
99 5
2 5
2 5
8 4
28 5
80 5
2 4
1 5
82 5
28 4
3 5
8 4
1 4
1 5
2 5
1 4
9 5
2 5
16 5
8 5
0 4
22 5
15 5
1 5
6 4
18 4
4 5
1 5
0 5
12 5
2 5
8 4
1 5
2 4
5 4
4 5
11 5
4 4
6 4
6 4
0 4
9 4
1 4
4 5
5 4
1 5
0 4
6 4
5 4
7 5
9 4
1 5
1 4
3 5
0 3
9 5
12 5
3 5
6 4
29 5
5 5
151 5
2 5
3 4
18 5
7 5
6 5
16 4
3 5
11 5
24 5
18 5
37 5
3 5
24 5
11 5
11 5
10 5
1 3
6 4
7 5
9 4
14 5
3 5
6 4
21 4
34 4
3 4
6 5
4 5
22 4
10 5
6 5
13 5
9 5
2 5
1 5
4 5
14 4
27 4
0 5
5 4
10 5
15 4
15 5
5 5
10 5
11 5
12 4
13 3
3 5
10 5
18 4
22 5
3 3
7 5
12 4
195 5
6 4
4 5
41 5
0 5
1 4
5 5
72 5
59 5
4 5
3 4
6 4
3 5
13 5
14 5
12 5
10 5
80 4
14 4
13 5
1 5
71 5
2 4
16 4
3 5
1 5
15 5
4 4
7 4
6 5
8 5
8 5
50 5
13 5
2 5
14 5
12 5
8 5
18 4
153 5
1 5
5 5
1 5
0 5
0 3
2 5
4 5
1 5
1 4
5 5
13 4
38 5
0 4
2 4
0 4
0 5
3 4
4 5
13 4
10 5
15 5
0 5
3 5
9 5
1 5
7 4
8 5
14 5
26 5
7 5
2 5
13 5
9 4
13 5
9 4
7 4
7 5
8 5
28 5
3 5
9 5
3 4
0 5
5 4
15 5
26 5
75 5
5 4
6 4
7 4
4 4
3 5
0 4
1 5
5 5
0 5
3 5
4 4
29 5
16 5
4 5
0 4
4 4
1 4
0 4
3 5
14 4
2 4
1 5
5 5
2 4
0 5
4 5
3 5
6 4
0 4
16 4
9 5
21 5
2 4
4 5
0 4
10 5
3 4
0 5
48 5
2 5
19 4
9 3
17 5
12 5
40 5
43 4
64 5
3 5
0 4
7 4
18 4
2 5
2 4
5 4
2 4
14 4
5 4
5 5
0 5
13 4
1 4
3 4
3 4
1 5
4 4
6 4
66 5
5 4
8 5
3 5
14 5
15 5
9 4
27 5
10 4
43 5
4 4
3 4
15 4
24 5
40 5
1 5
7 4
16 5
8 4
16 5
12 5
55 5
1 4
5 5
9 4
30 5
5 4
7 5
74 5
7 5
12 4
2 4
72 5
5 4
48 5
6 5
52 5
61 5
15 5
10 4
25 5
3 4
4 5
6 4
6 4
5 3
2 4
11 4
8 4
8 4
6 5
6 5
7 5
2 4
47 5
2 4
24 5
4 4
3 4
7 5
5 4
7 5
1 3
1 5
11 3
6 3
7 5
2 4
8 5
6 4
12 5
5 4
4 4
33 5
3 4
20 4
9 5
7 4
3 5
1 4
4 3
16 4
10 5
15 4
8 4
2 4
5 4
5 5
20 4
104 5
17 5
10 5
21 5
41 5
6 4
7 4
14 4
1 4
8 4
7 4
3 5
27 4
93 5
2 4
6 3
2 4
6 5
3 5
5 5
36 5
3 3
177 5
134 4
176 5
2 5
12 4
2 5
6 5
5 5
70 4
2 4
3 5
7 4
1 4
4 4
7 4
6 3
3 4
16 5
12 4
4 4
15 4
8 4
2 4
6 4
8 4
4 5
0 4
0 3
8 4
16 5
13 4
0 4
9 5
2 5
8 3
10 4
65 5
3 4
7 4
4 4
29 5
2 5
5 4
3 4
9 5
1 5
11 5
4 5
6 4
8 5
3 5
14 5
6 4
13 5
11 5
48 5
43 4
22 5
26 4
31 5
528 5
0 4
16 5
22 5
5 4
0 4
2 5
9 5
1 4
9 5
6 3
10 5
8 5
11 5
4 4
15 5
26 4
13 5
5 5
24 4
1 5
17 5
2 5
11 5
24 5
3 5
8 5
10 4
40 5
148 5
25 5
12 4
1 5
2 3
23 4
1 4
400 5
6 5
16 4
10 4
1 5
11 4
6 5
18 5
31 5
12 3
5 4
28 5
26 5
11 5
16 5
9 4
28 4
20 5
45 5
14 4
