10 4
1 5
49 3
17 5
11 3
30 5
11 5
3 5
27 4
1 4
10 5
9 5
11 5
21 5
1 4
23 5
7 5
54 5
5 5
10 5
2 4
13 5
1 4
11 5
4 5
6 5
2 4
35 5
8 5
10 4
5 3
8 5
8 3
1 5
69 5
158 5
6 1
52 5
17 5
1 3
10 5
21 5
13 5
7 5
79 3
17 3
46 5
56 5
41 5
4 5
1 5
8 5
2 5
29 5
30 5
44 5
1 5
8 4
4 5
9 5
5 4
15 5
60 5
4 5
19 5
61 5
34 5
3 4
9 5
90 5
93 5
6 5
9 4
8 5
5 5
7 5
6 4
13 2
15 5
14 5
11 5
21 5
32 5
25 2
158 5
1 4
30 5
120 5
8 5
4 4
29 5
9 5
6 5
14 2
3 5
3 5
0 5
52 5
5 4
14 5
2 5
124 5
7 5
28 2
16 5
16 3
4 5
50 5
36 3
48 5
37 5
2 4
6 4
3 4
8 5
44 5
2 5
10 4
64 5
5 5
16 5
103 5
48 5
13 5
10 5
11 5
9 5
17 5
12 5
6 5
2 5
536 5
1 5
1 4
5 5
27 4
4 4
2 5
1 4
20 5
6 5
0 4
6 4
5 5
8 5
26 2
3 5
55 4
5 4
9 3
23 5
2 5
6 5
4 5
12 5
52 5
4 5
12 5
7 4
7 5
31 5
22 5
10 4
6 5
237 5
2 4
47 5
7 5
19 3
7 5
3 3
33 5
1 5
18 5
31 5
20 5
29 5
18 2
19 5
18 5
11 4
4 5
21 5
11 4
17 5
4 5
58 5
7 5
15 2
57 5
20 5
7 5
15 5
14 5
6 5
2 5
7 3
3 4
12 5
2 5
2 4
10 5
75 5
30 5
66 4
7 5
20 5
11 5
37 5
2 4
2 5
15 5
7 5
281 5
6 5
19 4
7 4
7 5
59 5
18 5
1 4
7 5
21 5
30 5
21 5
4 5
4 5
3 5
3 5
11 4
15 4
7 4
7 5
7 5
10 5
10 5
86 4
35 5
98 5
10 3
23 5
15 3
98 5
22 5
3 5
1 5
8 5
59 3
24 5
8 5
23 5
10 4
0 5
2 5
5 5
14 5
23 5
207 4
3 5
2 5
87 1
4 5
7 5
53 5
7 5
97 5
7 5
7 4
6 4
0 5
17 5
8 5
6 5
9 4
7 5
13 2
4 5
1 5
11 5
21 4
2 5
43 5
5 5
12 3
57 5
20 5
144 5
15 5
12 5
2 5
2 5
14 5
1 5
2 5
5 5
2 4
5 5
23 4
30 5
83 4
12 2
20 5
26 5
29 5
41 5
4 4
26 5
31 5
11 5
8 5
61 2
16 4
14 4
22 5
5 5
22 3
3 5
14 5
14 2
0 5
8 5
20 5
1 5
24 2
2 5
7 5
2 5
2 3
0 5
4 5
20 3
2 4
41 5
60 5
53 5
3 5
1 5
2 5
2 4
7 5
17 4
15 5
21 4
4 4
2 5
9 5
4 5
5 5
21 5
15 3
3 5
30 5
11 5
24 5
41 5
8 2
36 1
17 5
6 4
15 5
31 3
3 4
20 5
22 5
11 5
28 5
23 4
13 5
7 4
9 4
12 5
11 4
4 3
7 4
6 5
91 5
9 3
14 5
7 5
11 5
4 5
4 4
72 4
4 5
25 5
13 5
35 5
6 5
3 5
8 3
0 4
5 4
0 2
3 4
13 5
5 5
7 4
4 5
24 5
22 5
2 4
39 5
10 5
137 5
27 5
28 5
5 5
17 3
37 3
22 5
5 4
43 4
6 4
20 3
4 5
43 5
2 5
1 5
10 5
24 5
20 4
21 5
12 5
0 4
7 5
4 5
8 5
30 4
5 5
7 5
4 5
3 5
19 5
42 3
5 4
9 5
6 5
38 4
11 4
4 5
4 5
5 5
6 5
16 5
22 5
0 5
24 4
1 4
35 5
11 5
5 5
21 1
4 4
2 4
1 4
6 5
8 5
4 4
18 5
12 4
29 5
22 4
3 4
20 5
17 4
2 5
0 4
12 4
5 4
26 4
10 5
11 5
5 4
6 5
2 5
13 3
9 5
2 4
10 4
18 4
25 5
5 5
8 4
1 5
10 3
1 5
34 5
3 5
41 5
7 5
14 4
8 5
3 4
1 5
1 3
19 5
25 3
8 5
45 4
7 5
9 5
19 5
9 4
7 5
25 5
6 5
72 5
10 2
13 5
5 5
52 5
8 5
7 5
18 5
4 4
108 5
4 5
35 5
12 4
5 4
14 5
13 5
27 5
31 4
11 4
19 5
108 5
7 5
70 5
1 5
22 5
46 5
12 5
14 1
7 5
5 4
2 5
6 4
20 4
13 4
9 5
7 5
9 4
3 5
5 4
1 5
45 5
3 4
47 5
2 5
34 3
5 5
4 4
23 5
2 4
5 5
24 5
4 4
8 5
9 2
3 5
7 4
21 3
10 5
13 5
16 3
10 5
18 4
55 3
4 5
2 4
10 5
14 5
14 5
16 4
2 4
16 4
19 5
49 5
12 5
1 3
38 5
26 5
27 5
163 5
15 3
14 4
6 5
16 5
8 5
2 5
2 4
243 1
12 5
11 5
17 5
26 5
6 5
2 4
21 5
25 5
8 4
9 5
14 5
111 5
8 5
4 5
3 5
1 5
24 5
11 4
4 5
5 4
1 5
21 5
11 5
2 4
6 5
15 4
8 5
8 5
27 5
241 5
1 5
9 5
3 5
18 5
33 4
18 4
2 4
29 5
6 5
167 4
8 4
7 4
4 4
19 4
1 4
7 4
4 4
4 4
3 5
2 5
4 5
76 5
15 4
18 5
12 5
43 5
24 5
13 4
20 5
13 5
23 5
3 2
3 5
17 5
18 5
6 5
21 5
7 5
16 4
10 5
23 4
31 2
18 4
4 4
4 5
4 3
5 2
6 5
0 4
8 5
