15 4
5 4
9 4
15 5
3 4
9 4
1 4
11 4
2 4
37 4
4 4
42 4
38 5
3 4
14 4
8 5
8 4
2 4
4 4
4 4
8 3
6 4
2 4
3 4
1 3
5 4
6 5
0 4
4 4
6 4
2 5
14 5
6 3
3 3
25 4
16 4
6 4
2 4
11 4
6 4
6 3
1 4
0 5
0 4
6 4
0 4
14 3
3 3
13 5
9 4
1 4
29 5
6 4
1 3
4 3
3 3
13 4
5 5
1 4
3 4
2 4
4 4
23 5
2 2
16 4
5 4
3 5
1 3
11 4
16 4
2 4
5 4
0 3
3 4
10 4
9 4
2 4
3 4
1 4
3 5
5 4
13 5
28 4
20 4
5 3
2 3
5 3
1 4
3 4
19 3
3 4
2 4
4 3
21 4
4 4
5 4
3 4
3 4
10 4
69 4
20 4
3 4
13 5
12 4
40 4
5 4
1 3
10 3
2 4
23 4
9 4
6 4
4 3
4 4
3 4
1 4
2 4
11 5
1 3
3 4
2 4
12 5
5 3
15 4
1 3
24 3
7 4
1 4
2 4
57 4
11 5
1 4
11 3
18 4
3 5
11 4
13 5
16 4
8 4
5 4
15 5
51 4
20 5
3 4
1 3
6 5
50 5
2 3
6 4
11 5
1 3
5 4
10 4
7 5
1 4
3 4
9 5
4 3
12 4
4 3
4 5
4 4
10 4
84 3
14 4
86 2
6 5
12 4
3 5
41 4
4 4
2 5
0 5
4 5
132 5
2 4
11 3
31 3
10 4
12 4
11 5
2 4
2 5
129 3
2 5
13 4
37 5
6 5
1 3
6 4
11 4
11 4
6 4
25 4
11 2
7 5
4 3
15 3
1 3
5 4
50 4
5 4
14 3
2 4
37 4
38 4
6 4
2 4
3 4
13 4
13 4
3 4
14 4
13 3
2 3
3 4
5 3
6 4
12 4
4 4
20 3
12 4
6 4
5 4
2 3
11 3
5 5
2 4
10 3
7 3
4 4
3 5
2 4
13 4
4 4
3 4
24 4
4 4
19 4
2 5
17 4
17 4
10 4
11 3
4 3
26 3
67 4
136 5
3 4
6 5
2 3
25 4
4 4
0 4
46 2
75 4
11 3
76 3
31 5
14 4
14 2
0 4
0 3
31 4
13 4
8 4
57 4
4 4
11 4
2 3
1 3
16 5
1 4
5 4
5 5
6 3
8 5
3 3
9 5
5 3
15 4
8 3
0 4
2 3
4 3
3 4
220 4
22 3
1 3
8 3
9 4
7 5
2 3
7 3
8 4
2 3
9 4
2 3
17 4
134 4
2 4
2 4
6 4
8 4
8 3
26 4
0 2
115 4
3 2
7 3
7 4
38 4
8 3
35 5
40 4
4 3
3 4
12 4
3 4
21 4
21 5
3 3
2 3
13 3
6 4
24 3
0 3
2 4
4 4
7 3
30 4
2 3
2 3
9 3
5 3
12 3
3 4
10 2
11 5
13 4
5 5
9 4
15 4
4 4
4 3
1 3
6 4
17 4
3 3
1 4
17 4
9 3
13 4
8 4
16 4
30 5
6 4
3 3
5 4
9 3
48 4
3 2
5 4
17 4
3 3
2 4
7 4
35 4
1 4
15 4
7 4
25 4
13 4
33 4
0 4
2 3
1 4
1 4
5 4
3 4
9 4
7 3
43 4
1 3
3 3
24 3
25 5
6 4
5 3
3 3
5 5
1 4
4 4
14 4
15 5
6 3
5 3
10 4
2 4
15 4
4 4
31 4
26 4
3 5
10 4
10 3
1 4
10 5
5 4
4 2
1 3
5 4
24 2
15 4
5 4
10 4
3 3
1 4
11 4
11 5
13 5
9 4
10 4
9 4
10 4
4 3
5 5
1 3
0 3
1 2
4 4
0 3
15 4
1 3
18 4
16 4
18 4
3 4
1 3
9 4
11 4
2 3
1 4
4 4
15 5
6 4
9 4
2 4
6 4
5 5
2 3
5 4
0 3
7 5
5 4
6 4
0 4
7 3
12 4
11 4
4 3
1 3
9 4
4 4
1 3
6 5
9 4
4 4
3 2
17 5
8 4
13 3
13 3
23 3
20 5
4 3
3 4
10 2
8 4
15 5
3 3
6 4
1 4
8 5
26 5
8 3
16 3
3 5
1 3
1 4
2 1
3 1
13 4
3 3
1 5
5 5
8 5
2 5
2 3
15 4
4 4
1 5
5 3
2 4
2 5
4 4
0 3
1 3
6 4
3 5
3 4
4 3
9 4
21 3
2 4
3 4
12 5
25 3
4 3
5 3
17 3
5 1
7 4
2 4
5 3
6 3
3 5
65 5
18 4
2 4
5 4
5 5
2 3
11 3
2 4
5 3
4 4
0 4
4 4
0 3
9 3
0 3
2 5
11 4
6 5
8 3
5 3
4 4
5 3
4 2
2 3
1 2
0 3
4 3
4 3
21 4
3 3
13 3
6 4
11 3
1 4
5 1
2 3
6 4
6 3
21 3
3 2
11 4
4 2
1 3
4 1
5 4
1 3
2 3
2 3
20 3
6 3
0 4
5 5
4 3
7 4
8 2
1 3
8 3
5 2
7 1
11 4
1 3
4 3
3 4
2 4
15 4
4 2
3 3
13 3
2 4
22 5
1 3
14 4
7 2
0 4
11 4
2 1
5 4
68 3
75 5
17 2
8 4
7 3
7 4
3 4
0 3
6 4
9 5
6 4
7 4
0 4
10 4
16 4
3 3
3 4
17 5
6 4
2 4
5 4
12 3
9 5
2 4
4 3
13 3
2 2
0 3
5 4
38 4
2 2
6 2
8 4
