25 5
24 5
22 5
56 5
11 4
14 1
32 5
7 5
10 3
3 1
5 2
8 2
14 5
10 1
3 2
10 1
19 1
4 5
0 5
17 3
6 5
39 1
10 4
0 5
2 2
6 5
12 2
4 5
14 2
18 3
4 5
15 2
17 5
7 3
8 2
32 4
27 5
11 3
25 5
31 5
1 2
13 4
6 5
322 5
8 5
32 4
8 4
7 4
41 2
2 3
7 3
7 5
3 3
3 5
15 3
54 3
3 5
11 5
29 4
6 2
6 4
6 3
8 3
13 3
1 4
17 3
12 2
3 5
17 5
3 2
26 5
16 5
32 5
19 5
11 5
27 4
14 5
16 5
10 2
27 5
13 5
4 5
13 5
11 4
89 5
5 5
9 2
38 2
10 5
16 2
20 4
7 5
9 4
19 2
5 5
22 5
4 5
5 5
26 5
1 4
30 5
11 5
11 4
0 5
3 5
7 5
2 1
2 5
34 1
9 2
24 3
26 5
8 5
4 1
15 2
0 5
8 3
23 1
2 4
8 1
16 2
6 5
4 5
11 4
5 5
7 5
1 5
17 5
5 5
7 5
14 4
5 4
15 3
10 3
0 3
4 4
13 4
12 5
0 3
4 2
4 3
13 5
6 5
4 5
8 5
8 5
30 2
20 2
2 1
7 2
5 4
2 5
5 5
14 2
14 4
5 5
5 5
4 4
5 5
11 5
25 4
12 5
8 5
5 5
13 5
5 4
9 2
2 5
24 5
1 5
6 5
694 5
21 3
15 3
3 4
7 3
1 3
20 5
19 2
6 5
19 4
6 5
3 5
3 5
16 3
9 4
2 2
17 3
2 5
5 5
24 5
21 5
17 4
17 3
6 5
6 5
9 5
4 5
29 5
2 4
15 3
9 4
11 5
4 5
27 4
3 5
5 3
4 5
10 5
1 4
4 5
2 4
20 5
30 5
6 4
3 5
5 5
29 3
8 5
16 5
64 4
10 5
12 3
24 3
9 5
1 5
3 5
22 4
29 5
9 5
5 5
1 5
21 2
20 2
20 4
10 4
34 5
17 5
7 4
7 5
2 5
6 4
17 4
18 5
13 4
37 5
10 5
21 5
12 5
64 4
7 4
8 5
7 4
13 3
5 3
6 4
23 3
12 3
1 1
15 3
6 2
28 4
7 5
10 5
25 2
15 2
1 4
12 2
29 2
11 5
2 5
15 5
11 5
6 2
8 5
22 3
1 3
9 5
5 5
11 3
58 2
10 4
12 3
8 5
29 5
35 3
6 5
1 5
4 5
20 4
6 5
1 5
13 5
14 2
22 5
0 5
6 5
14 5
3 5
1 5
49 5
6 3
1 3
22 5
8 5
2 5
17 5
13 5
14 3
34 2
8 3
18 2
6 5
10 2
23 4
2 2
12 3
1 5
2 4
2 5
29 2
12 2
9 5
11 5
8 5
10 4
22 5
7 4
8 4
33 5
10 2
12 5
5 3
7 5
24 2
28 1
10 5
8 1
14 1
12 5
30 2
8 5
2 2
23 2
22 1
6 2
34 5
4 5
4 4
28 5
8 5
9 4
5 2
23 4
3 3
3 5
16 1
5 5
38 5
11 4
1 3
12 5
1 2
28 5
23 2
17 5
3 2
35 3
24 5
18 5
22 3
12 2
13 5
23 1
5 4
48 1
14 2
11 4
6 1
28 1
14 5
0 4
23 5
12 3
19 1
23 2
16 2
15 3
70 5
41 5
10 3
2 3
4 3
36 2
25 3
60 5
13 3
14 5
4 5
8 5
4 5
19 5
1 5
13 4
2 5
5 5
17 2
3 5
2 3
8 2
10 2
46 1
4 2
3 3
52 5
13 5
84 5
18 5
1 5
24 5
0 5
4 5
6 5
5 5
6 4
6 4
2 4
6 2
14 5
1 4
11 3
16 5
13 4
7 5
88 5
12 5
2 4
104 5
21 5
11 5
28 4
22 4
4 5
10 5
3 5
7 4
6 4
7 5
6 5
4 5
3 4
5 5
77 5
7 5
16 5
3 5
2 4
7 5
2 5
3 4
0 5
1 5
2 4
0 5
3 3
16 3
8 4
11 3
12 4
23 5
4 4
19 5
3 5
50 5
12 2
2 5
8 4
9 5
10 4
14 3
10 1
5 1
1 5
18 3
9 5
3 4
1 4
12 5
13 3
7 3
1 2
4 5
4 5
19 5
13 1
1 4
0 4
3 5
8 1
8 2
11 3
1 1
7 3
23 4
5 4
9 4
8 5
8 5
3 4
15 5
19 5
31 1
6 5
12 2
4 5
5 4
1 5
5 5
1 5
7 5
2 4
24 1
7 4
0 5
3 5
0 5
0 5
0 5
1 5
94 3
7 2
9 4
1 4
6 2
15 2
24 5
3 5
28 4
7 2
8 3
4 4
0 4
2 5
1 4
4 3
3 4
3 4
0 4
6 4
3 4
9 5
21 1
54 1
4 3
16 5
4 1
1 1
4 4
14 5
29 3
13 2
72 5
14 5
4 2
6 4
21 4
16 5
1 3
37 1
16 4
17 5
12 1
12 5
1 2
9 5
150 5
4 5
3 4
2 5
9 2
4 3
28 3
13 5
3 5
3 5
15 1
13 4
5 4
6 3
21 5
2 3
5 2
5 5
6 2
10 1
2 5
10 2
5 3
2 5
6 5
0 5
27 5
8 5
6 1
21 3
1 3
9 5
41 5
24 2
12 4
7 5
9 1
8 5
49 5
0 5
1 5
6 5
8 5
13 4
5 5
2 3
6 5
6 4
5 5
7 5
25 5
3 4
29 1
4 3
14 2
7 1
15 3
1 3
41 4
4 3
1 4
10 2
10 1
5 5
3 5
13 5
6 4
3 4
10 5
5 5
13 4
0 5
4 4
2 5
7 5
14 5
6 5
17 5
9 3
6 5
13 4
11 3
6 4
17 2
1 5
6 2
4 4
6 3
7 2
4 4
2 4
4 4
8 5
5 5
1 5
3 5
0 5
11 5
5 5
9 5
14 5
9 5
14 3
17 5
4 4
7 4
4 5
6 5
12 4
4 3
0 4
16 5
0 2
1 5
8 5
3 5
18 5
43 5
30 5
3 5
26 5
16 5
5 1
3 5
5 3
18 5
7 4
6 4
7 5
7 5
12 2
6 5
4 5
4 5
2 5
6 5
0 4
12 5
3 5
9 4
4 4
2 5
9 5
14 5
3 3
12 3
16 1
12 5
6 5
6 5
12 5
1 5
13 3
5 2
7 5
1 5
7 5
11 5
7 5
1 4
15 4
0 4
5 2
24 5
3 5
2 5
6 2
4 5
5 5
3 5
3 2
2 2
1 5
9 5
10 5
7 5
3 5
6 5
3 5
