5 3
2 3
2 3
1 4
0 4
2 3
2 4
3 4
3 5
2 5
2 4
0 4
1 5
3 3
10 4
0 3
1 2
3 3
3 3
7 5
1 5
3 5
3 3
1 5
0 3
1 5
1 5
7 4
2 4
5 3
6 3
3 3
7 4
5 4
1 5
1 3
0 1
1 2
5 3
3 3
0 2
0 3
0 3
35 4
4 3
4 4
10 5
1 4
5 4
2 2
2 3
22 5
1 2
3 4
4 5
3 5
4 5
0 4
3 4
0 4
2 5
0 5
8 3
4 3
1 5
8 5
2 5
24 5
4 4
0 4
4 3
2 5
1 4
0 4
2 4
1 4
3 5
0 4
1 3
2 3
5 5
10 5
3 5
7 4
1 5
5 5
7 3
0 5
18 2
3 5
1 5
1 3
3 5
4 5
2 3
2 5
3 5
4 5
5 5
2 4
1 4
4 4
0 5
3 5
1 5
0 5
1 5
6 5
1 3
5 5
4 4
4 5
6 4
0 3
1 5
3 5
2 5
0 3
3 5
4 5
12 5
3 3
3 3
0 4
5 4
4 4
3 5
1 3
1 4
1 4
5 3
1 4
1 4
8 2
4 2
16 5
4 3
7 4
2 4
0 3
6 3
0 4
0 3
1 5
5 4
2 4
8 5
0 4
5 2
2 4
2 5
1 5
0 5
0 4
8 3
2 4
3 5
3 5
16 3
1 3
3 5
0 5
0 3
3 5
0 4
1 5
3 1
12 2
3 5
3 4
9 1
2 3
0 3
10 4
0 5
2 4
2 3
1 2
0 4
4 4
3 2
2 3
1 3
2 5
1 5
1 5
3 3
0 5
5 2
1 4
5 5
15 4
8 2
4 5
1 4
6 3
0 5
11 5
0 5
1 5
6 5
2 3
1 4
3 5
2 5
2 5
1 4
3 5
3 3
3 5
2 5
2 4
1 5
1 4
0 5
3 5
8 5
1 2
1 5
2 4
2 3
0 5
0 5
1 4
7 5
1 5
2 5
7 5
1 5
3 3
0 4
0 5
1 4
1 5
4 5
1 5
2 5
0 3
1 5
2 4
5 4
1 3
5 5
4 3
1 4
16 5
1 3
3 5
10 2
2 4
2 5
14 5
1 4
2 2
2 5
0 4
6 1
0 4
2 5
13 5
1 5
5 5
6 4
18 3
1 4
1 4
2 4
1 5
5 5
1 3
13 5
2 5
18 4
2 4
12 3
3 2
1 3
11 5
4 3
1 5
7 5
0 5
4 5
3 3
0 5
3 5
1 4
1 3
1 4
6 3
3 1
3 4
3 2
1 4
0 3
1 2
4 3
0 5
15 5
4 2
2 2
6 3
3 5
8 2
5 4
0 3
1 5
8 4
37 4
0 4
4 5
1 4
1 3
1 3
0 5
1 4
1 4
3 5
1 4
3 3
9 4
12 4
0 3
0 3
0 4
2 4
2 4
0 4
7 3
6 5
0 4
3 2
8 2
1 4
2 3
12 5
0 2
2 4
1 2
4 5
1 5
11 5
2 4
3 5
2 4
0 4
0 4
2 5
25 5
4 5
7 4
6 5
1 5
1 4
0 3
2 3
1 4
1 3
4 5
0 4
2 5
1 3
1 4
2 4
0 3
4 5
0 4
7 3
0 5
3 5
1 5
1 4
0 5
1 4
0 5
2 5
2 5
1 5
0 5
1 4
15 2
5 4
2 4
4 2
0 3
6 3
3 4
3 3
4 3
0 4
0 3
2 3
7 4
1 5
1 4
10 5
21 5
4 1
0 4
3 4
5 3
4 3
2 5
2 5
1 5
3 5
5 1
4 5
1 3
7 2
30 5
7 5
2 5
2 2
1 5
4 3
3 4
1 3
8 4
7 5
1 5
0 5
0 5
1 4
3 4
4 3
4 4
3 3
0 4
1 4
3 5
3 4
2 3
14 5
12 3
1 5
1 4
1 4
0 4
4 3
2 5
3 4
3 5
2 5
17 3
8 4
5 2
3 5
1 5
7 3
9 2
1 4
3 5
3 5
1 3
7 5
8 5
1 4
2 3
11 5
2 2
4 5
4 3
1 4
1 3
2 1
5 5
4 5
1 4
17 1
15 3
3 4
5 5
3 4
3 4
2 5
0 3
6 5
0 4
1 3
2 4
14 5
4 4
13 3
20 5
3 5
5 4
12 3
1 4
22 5
2 2
1 2
4 3
1 3
6 5
3 4
120 5
10 5
19 5
8 5
10 5
3 3
3 4
19 2
123 4
4 5
8 4
210 5
7 5
3 4
0 1
9 4
2 3
1 4
0 5
1 4
8 5
7 2
2 5
1 2
4 5
61 4
11 4
4 5
1 5
4 4
0 4
10 5
5 3
2 5
4 3
6 5
2 4
12 5
6 5
1 5
0 2
0 4
1 4
2 5
4 5
1 5
2 5
