5 5
2 5
20 5
33 4
4 5
9 5
4 5
5 5
3 4
0 5
1 4
12 5
4 5
4 5
9 3
17 5
11 5
4 5
7 5
46 5
2 5
5 5
6 5
6 5
12 5
11 5
8 5
6 5
3 5
1 5
6 5
11 5
12 5
132 5
4 5
29 4
0 4
13 5
5 4
32 5
5 5
8 5
23 4
4 5
1 5
10 5
7 5
2 5
2 5
1 5
19 5
1 4
10 5
11 5
19 5
4 5
3 5
9 5
3 5
1 5
13 5
1 5
24 5
11 5
0 5
1 5
3 4
1 5
9 4
4 4
4 3
119 5
6 5
11 5
4 5
21 5
5 5
7 5
16 5
6 4
1 5
7 5
10 5
6 4
0 5
3 5
15 5
15 4
2 5
30 5
2 5
11 5
3 5
91 5
5 5
3 5
2 5
4 5
8 5
8 5
57 5
2 5
1 5
1 2
2 5
12 5
7 5
7 5
3 5
1 5
6 3
11 5
3 4
32 3
26 5
12 5
2 5
1 4
18 5
2 5
3 5
4 5
2 5
15 3
6 5
3 5
4 5
3 5
1 5
5 5
27 5
4 5
14 4
5 3
13 5
1 4
1 5
38 5
18 5
10 5
13 5
8 5
22 5
15 5
9 4
7 5
3 3
2 4
41 5
43 5
190 4
1 5
5 5
24 5
7 5
2 3
5 5
6 5
145 5
9 5
10 5
3 4
19 4
2 3
11 5
2 5
2 5
25 5
7 4
59 5
7 5
7 4
11 5
12 4
6 5
3 5
10 3
4 4
3 5
7 5
5 5
6 3
83 5
1 2
3 5
4 3
44 5
6 5
3 5
23 5
4 5
4 5
1 5
2 4
20 4
4 5
0 5
5 5
3 3
9 5
3 5
5 5
1 4
5 5
0 5
1 4
7 4
0 4
22 5
0 4
3 5
183 4
7 4
7 5
8 5
3 2
0 4
10 4
4 4
1 5
9 5
1 4
1 3
31 4
3 4
6 5
5 5
9 3
12 5
3 4
6 5
7 5
37 5
7 5
2 5
1 4
8 5
0 4
1 5
7 4
1 5
2 5
3 5
5 5
5 4
2 5
4 4
16 5
0 5
0 4
2 5
15 5
95 5
1 5
1 5
0 4
4 5
37 4
138 5
1 5
4 4
0 4
5 5
26 4
5 5
3 5
9 5
4 4
10 5
3 4
19 5
6 5
3 5
7 5
22 5
19 5
15 5
78 5
6 5
2 5
4 5
48 5
21 5
121 5
13 4
1 5
3 5
2 5
47 5
8 4
2 4
17 5
6 5
15 5
4 5
1 5
23 4
1 4
14 5
11 2
3 4
3 5
0 4
2 5
2 5
12 5
0 4
4 5
0 4
18 5
13 3
3 4
11 5
22 4
14 4
19 5
3 5
7 4
28 5
9 5
1 4
3 5
7 5
5 4
2 5
4 4
22 4
358 4
3 5
4 4
3 5
4 5
46 5
6 5
1 5
3 4
2 4
28 4
13 4
19 5
6 5
1 5
4 4
1 5
6 4
13 5
108 5
7 5
28 5
3 4
13 5
1 5
1 5
2 5
56 2
3 5
4 2
9 5
3 5
5 5
18 5
76 5
0 5
23 5
4 5
4 5
1 4
0 5
1 4
23 5
3 5
1 5
1 5
26 4
2 5
7 5
7 5
16 4
4 4
5 2
26 5
38 4
6 5
6 4
0 4
1 5
1 4
3 5
13 5
6 4
13 1
5 5
1 4
2 4
6 5
57 5
48 5
3 5
4 5
5 1
5 5
12 5
5 4
13 4
4 4
2 5
1 4
1 4
6 4
3 5
1 5
0 5
11 4
2 3
2 5
17 4
14 4
1 5
16 4
12 4
1 5
1 5
31 5
21 5
44 5
56 5
9 4
7 4
6 5
12 5
3 4
4 4
40 5
5 4
37 4
4 5
16 5
10 4
17 4
11 4
3 5
9 4
16 4
7 5
13 5
127 5
4 5
16 5
3 5
5 4
21 5
5 4
31 5
3 4
4 5
15 5
27 4
256 5
131 5
18 5
140 5
6 5
7 5
0 4
4 4
0 4
6 5
10 4
19 5
2 4
