7 5
6 5
11 4
9 1
9 4
4 3
4 3
20 4
1 3
18 4
5 4
5 5
1 2
6 4
8 4
17 4
0 3
3 4
15 3
4 3
16 3
9 5
11 5
6 3
6 4
3 3
27 3
8 4
4 4
2 4
5 4
1 4
7 5
9 2
3 5
25 5
5 4
14 4
3 3
6 5
4 4
8 4
18 3
9 5
5 2
0 3
5 3
5 2
12 4
4 2
8 3
1 3
4 4
11 3
18 4
6 3
3 2
17 4
12 4
5 3
3 2
30 3
14 3
14 2
5 2
1 2
4 2
0 3
3 2
11 3
28 2
3 3
1 3
6 4
10 4
8 5
22 4
2 3
6 2
4 3
0 3
1 3
2 4
6 2
22 2
3 2
1 3
1 3
8 4
14 3
13 3
3 2
10 4
0 3
6 3
2 3
1 2
4 3
3 4
3 3
4 4
6 2
5 3
10 3
4 3
4 3
3 5
2 2
1 3
10 5
1 3
6 2
2 3
2 4
1 4
2 5
3 2
6 4
6 5
5 5
8 5
1 3
2 5
4 4
1 3
8 5
2 4
17 4
10 5
3 3
3 3
0 1
40 5
5 4
3 4
4 4
3 4
13 5
29 5
0 3
5 3
0 3
1 3
2 2
6 3
3 3
13 2
3 4
37 5
7 5
19 3
4 4
4 4
3 4
3 5
5 5
7 3
2 3
0 4
0 4
3 4
3 3
1 3
2 4
1 3
5 3
2 3
0 3
3 3
3 3
10 5
2 4
8 5
5 3
1 4
4 2
5 1
23 5
0 3
17 2
1 1
4 3
4 3
9 2
15 4
7 2
5 4
3 3
13 4
2 3
6 4
15 4
13 3
3 3
7 4
4 3
21 4
12 3
5 3
2 3
1 3
3 1
8 5
5 3
7 4
16 5
6 2
12 3
6 3
0 3
3 2
12 2
2 4
2 4
3 4
6 3
22 3
5 4
3 3
4 2
22 3
6 4
3 4
6 3
0 4
5 3
2 2
22 3
39 4
8 2
0 4
11 4
7 4
4 4
24 3
4 4
1 3
5 3
9 2
1 3
5 2
4 2
1 3
3 2
4 2
12 4
3 3
5 5
8 3
1 4
5 4
18 1
18 4
2 2
2 2
3 3
10 2
7 3
6 4
2 3
1 3
2 4
5 2
9 2
7 5
6 2
4 4
5 2
0 4
8 3
11 3
8 3
2 4
10 4
5 2
6 4
3 3
1 2
3 3
1 2
1 4
4 4
10 4
11 2
3 3
4 4
22 3
0 4
7 3
7 3
7 3
4 2
17 2
6 5
5 2
13 3
3 5
3 3
2 3
0 3
0 2
9 3
9 3
19 3
6 2
2 1
3 3
2 2
8 4
5 4
6 4
9 3
23 4
15 2
0 3
3 3
9 2
0 2
41 3
29 3
16 3
10 2
6 4
11 3
12 4
5 2
6 3
3 3
4 3
0 2
5 4
1 3
8 3
4 4
10 4
5 2
0 2
19 3
8 4
9 3
6 3
13 3
9 3
4 5
7 5
2 3
2 3
5 3
5 2
11 3
4 4
2 3
1 5
13 2
0 3
2 3
6 4
1 3
1 4
6 4
2 2
11 2
18 3
3 3
5 4
4 4
3 4
5 2
5 3
7 3
3 3
10 4
1 3
8 4
1 2
5 3
7 4
0 3
6 4
5 4
0 3
8 4
2 3
5 4
6 4
4 4
8 4
9 3
5 4
2 2
2 2
18 3
0 3
4 4
1 2
1 2
5 5
0 3
6 3
3 1
4 2
4 3
7 3
8 4
4 3
4 2
29 4
6 4
3 2
5 2
4 5
1 3
2 3
2 4
84 3
16 4
0 4
9 4
7 4
0 4
0 4
1 5
3 4
5 3
8 2
7 5
7 4
6 3
5 5
6 4
3 5
18 2
71 3
0 3
2 4
3 4
6 4
5 4
7 4
1 3
3 3
1 3
5 3
10 3
3 4
6 4
8 2
10 4
6 3
5 5
3 3
22 3
15 2
0 4
4 3
6 5
1 2
4 5
11 5
7 3
10 2
8 5
9 5
7 4
1 3
2 3
4 4
10 4
11 1
2 5
4 3
11 5
12 4
6 3
12 4
4 2
5 5
11 5
10 1
2 2
9 5
5 4
2 3
4 2
5 5
4 4
17 5
0 3
6 4
1 3
5 3
5 4
15 4
2 3
5 4
11 5
4 5
