19 5
98 5
10 5
7 5
14 5
3 5
12 5
7 5
7 5
7 5
66 5
44 5
7 5
14 5
6 5
11 5
18 5
86 5
19 5
10 5
5 5
14 5
29 5
0 5
15 5
35 5
1 5
3 5
0 5
43 5
55 5
17 5
24 5
3 5
45 5
14 5
12 5
31 5
63 5
8 5
24 5
27 5
0 5
48 5
3 5
6 5
5 5
71 5
15 5
1 5
15 5
11 5
44 5
57 5
8 5
13 5
68 5
1 5
16 5
14 5
21 5
26 5
1 5
12 5
26 5
26 5
10 5
2 4
11 5
34 5
6 5
7 5
30 5
21 5
32 5
23 5
54 5
8 5
2 5
0 5
3 5
29 5
10 5
42 5
14 5
21 5
0 5
6 5
28 5
2 5
3 5
4 5
14 5
30 5
37 5
17 5
1 5
9 5
184 5
10 5
13 5
51 4
149 5
5 5
21 5
13 5
32 5
4 5
13 5
6 5
10 5
12 5
4 5
6 5
46 5
7 5
53 5
31 5
102 5
5 5
14 5
14 5
21 5
8 5
164 5
14 5
12 5
25 5
11 5
6 5
17 5
6 5
121 5
24 5
16 5
24 5
3 5
29 5
36 5
16 5
10 5
20 5
5 5
15 5
5 3
18 5
10 5
9 5
23 5
12 5
2 5
2 5
7 5
59 5
56 4
8 5
13 5
10 5
20 5
5 5
12 5
10 4
4 5
36 5
19 5
67 5
58 5
77 5
602 5
18 5
5 5
6 5
6 5
15 5
9 5
43 5
56 5
90 5
8 5
4 5
8 5
6 5
22 5
9 5
5 5
8 4
47 5
20 4
8 5
19 5
16 3
2 5
3 5
40 5
5 5
8 5
10 5
6 5
6 5
18 5
33 5
33 5
13 5
21 5
5 5
3 5
1 5
1 5
5 5
30 5
11 5
3 4
9 5
13 4
13 5
12 5
23 5
21 5
3 5
13 5
10 5
15 5
7 4
9 5
3 4
13 5
4 5
8 3
24 5
26 5
230 5
1 5
21 5
11 5
27 5
5 5
15 5
45 5
45 5
12 4
9 5
11 5
9 5
29 5
12 5
7 5
13 5
4 5
3 4
64 5
4 5
9 4
19 5
25 5
38 5
21 5
13 5
11 5
4 5
33 5
7 5
3 5
19 5
8 4
7 5
6 5
12 5
21 5
28 5
20 5
3 5
2 5
28 5
6 5
22 5
12 5
12 5
2 5
3 5
3 5
14 5
11 5
5 5
4 5
22 5
5 5
7 5
11 5
5 5
12 5
148 5
40 5
4 5
6 5
12 5
36 5
41 5
61 5
1 5
15 5
8 5
15 5
16 5
5 5
15 5
50 5
15 5
2 5
27 5
14 4
52 3
8 5
77 5
21 5
52 5
18 5
21 4
3 5
43 5
10 5
34 5
13 5
31 5
26 5
9 5
27 5
21 5
1 5
4 3
9 5
20 5
6 5
24 5
27 5
8 5
10 5
4 5
62 5
15 5
15 5
11 5
36 5
21 3
21 5
4 5
48 5
18 5
5 5
8 5
12 5
22 5
7 5
20 5
9 5
41 5
1 5
11 5
13 5
29 5
0 5
11 5
1 5
20 5
16 5
4 5
6 5
3 5
21 4
8 5
2 5
16 5
10 5
136 5
20 5
12 5
2 5
5 5
4 5
36 5
7 5
115 5
12 5
14 5
12 5
5 5
30 5
10 5
7 5
55 4
2 4
18 5
0 5
25 5
4 5
3 5
4 5
4 5
6 5
21 5
12 5
3 5
21 5
5 5
8 5
1 5
9 5
13 5
1 5
9 5
236 5
45 5
6 5
6 5
14 5
72 5
22 5
7 4
8 5
1 5
69 5
17 5
24 5
7 5
10 5
3 5
27 5
22 5
5 2
4 5
4 5
14 5
0 5
6 5
23 3
7 5
8 5
14 5
49 5
6 5
40 5
3 4
4 5
6 5
13 5
2 5
26 5
26 5
4 5
42 5
28 5
14 5
28 5
2 5
10 5
2 5
6 5
6 4
5 5
10 5
19 5
5 4
10 5
9 5
3 5
10 5
2 5
7 5
31 5
3 5
60 5
3 5
80 5
11 5
18 5
4 5
14 5
7 5
14 5
20 5
3 4
8 5
13 5
4 5
9 5
14 5
8 5
25 5
10 5
1 3
9 5
4 5
10 5
7 5
2 5
26 5
11 5
26 5
9 5
10 5
132 5
20 5
3 5
4 5
31 4
8 5
7 5
2 5
1 5
20 5
14 5
3 5
27 5
37 4
10 5
8 5
4 5
3 5
7 5
3 5
17 5
2 5
15 5
27 5
73 5
24 5
6 5
6 5
4 4
10 5
8 5
37 5
7 5
18 5
0 5
4 5
15 5
30 5
0 5
6 5
13 5
10 5
15 5
11 5
11 5
0 5
10 5
25 5
5 5
4 5
2 5
18 5
5 5
12 5
56 5
31 5
2 5
7 5
4 5
5 5
17 5
15 5
6 5
7 5
8 5
0 5
34 5
3 5
10 5
9 5
5 5
5 5
1 5
7 5
14 5
12 5
3 5
29 5
11 5
10 5
17 5
10 5
12 5
1 5
0 5
14 5
1 5
35 5
2 5
5 5
9 5
3 5
16 5
16 5
8 4
16 5
6 5
4 4
12 5
40 5
6 5
6 5
15 5
20 5
7 5
68 5
22 5
8 5
9 3
59 5
2 5
13 5
60 5
3 5
5 5
9 5
7 5
2 5
27 5
12 5
133 5
11 5
16 5
51 5
39 5
19 5
3 5
4 5
19 5
22 5
0 3
1 5
3 5
16 5
0 5
23 5
12 5
16 5
25 5
2 5
2 5
11 5
20 5
16 5
3 5
5 5
21 3
22 5
13 5
4 5
29 5
12 5
11 5
13 5
22 5
4 5
36 5
5 5
42 5
66 5
13 5
6 5
0 5
4 5
41 5
7 5
24 5
13 5
27 5
14 5
21 5
28 5
20 5
13 2
3 5
11 5
11 5
7 5
11 5
9 5
22 5
8 5
2 5
1 5
8 5
14 5
21 5
15 4
8 5
0 5
7 5
10 5
17 5
155 5
2 5
1 5
112 5
105 5
3 5
2 5
42 5
3 5
33 5
2 5
22 5
3 5
45 5
5 5
7 5
5 5
35 5
11 5
19 5
66 5
22 5
10 5
16 5
7 5
13 5
8 4
15 5
1 5
6 5
14 5
13 5
14 5
4 4
7 5
38 5
7 5
3 5
4 5
15 5
2 4
18 4
3 5
7 5
6 5
4 5
2 5
9 5
8 5
4 5
2 5
0 5
3 5
20 5
8 5
27 5
9 5
1 5
2 5
13 5
2 5
21 5
21 5
68 5
12 5
9 5
4 5
16 5
1 4
11 5
85 5
3 5
11 5
17 5
6 5
9 5
51 5
59 5
9 5
3 5
8 5
13 5
12 5
64 5
19 4
13 5
5 5
8 5
6 5
35 5
28 5
7 5
3 5
93 5
9 5
9 5
5 5
6 5
22 5
13 5
9 5
27 5
1 5
26 5
54 5
131 5
23 5
5 5
7 5
0 5
24 5
49 5
11 5
5 5
27 5
5 5
3 5
5 5
1 5
13 5
28 5
26 5
16 5
20 5
10 5
31 5
7 5
4 5
54 5
34 5
36 5
107 5
1 5
4 4
19 5
55 5
2 5
5 5
10 5
5 5
54 5
8 5
18 5
32 5
16 5
7 5
25 4
19 5
6 5
7 5
28 5
4 5
0 5
13 3
10 5
11 5
37 5
23 5
18 5
1 5
11 5
5 5
9 3
6 5
25 5
32 5
56 5
25 5
30 5
21 5
11 5
6 5
18 5
134 5
80 5
5 5
3 5
88 5
25 5
16 5
3 5
9 5
11 5
17 5
40 5
81 5
8 5
54 5
13 5
135 5
18 5
28 5
17 5
2 5
12 4
12 5
6 5
3 5
32 5
5 4
36 5
8 5
5 5
4 5
14 5
5 5
3 5
10 5
7 5
5 5
40 5
25 5
13 5
44 5
23 5
24 4
12 5
32 5
30 5
51 5
6 5
18 5
24 5
10 5
12 5
11 5
57 5
20 5
11 5
145 5
13 4
6 5
30 5
37 5
15 5
378 5
33 5
10 5
28 5
42 5
12 5
22 5
11 5
8 5
14 4
30 5
5 5
22 5
22 5
4 5
28 5
34 5
12 5
34 5
2 5
36 5
3 5
22 5
18 5
3 4
3 5
20 5
11 5
15 5
63 5
35 5
26 5
11 5
6 4
17 5
26 5
39 5
8 5
7 5
9 5
13 5
4 5
21 5
15 5
12 5
4 5
51 4
21 5
20 5
57 5
33 5
13 5
26 5
27 5
3 5
155 5
94 5
15 5
8 5
11 5
10 5
17 5
2 5
27 5
48 5
51 5
11 5
19 5
2 5
