5 4
16 4
3 5
3 5
1 5
3 5
15 4
5 5
17 3
22 4
6 5
4 5
22 4
1 3
5 4
3 4
4 4
2 4
1 4
9 4
10 5
9 2
2 5
2 4
0 5
3 4
20 4
2 4
2 3
2 4
2 3
1 4
1 4
3 5
2 3
9 5
1 4
6 4
4 4
6 5
8 4
2 3
9 5
1 4
3 2
5 3
6 1
6 5
18 4
4 5
4 4
1 5
5 3
1 4
6 4
5 4
6 4
0 1
3 5
1 5
2 2
2 4
1 3
3 4
5 4
3 5
2 4
2 4
2 4
1 4
8 4
4 3
8 1
3 2
0 5
8 5
4 3
0 2
1 4
0 3
1 4
3 3
4 5
0 4
5 4
3 5
0 4
4 4
4 5
0 3
2 4
6 3
2 4
2 3
2 5
1 5
2 5
0 3
31 4
7 3
2 3
8 3
8 4
2 5
1 5
15 4
3 4
5 4
1 4
5 5
2 5
5 1
10 4
6 3
1 2
2 3
7 3
4 4
9 5
2 3
4 4
2 4
1 5
4 3
4 2
0 1
0 1
0 4
0 5
0 4
1 3
18 5
6 5
5 5
8 5
3 5
8 4
2 2
7 4
2 3
3 5
9 4
4 4
13 4
5 5
4 5
3 5
2 4
6 5
3 3
16 4
3 5
0 3
1 4
3 3
0 3
7 4
0 4
6 4
2 4
8 4
2 5
15 4
2 5
3 4
4 1
3 4
2 3
23 5
5 4
5 4
5 5
2 4
5 3
4 3
3 5
1 4
2 4
3 3
19 5
1 2
12 5
9 4
7 5
0 4
3 4
3 4
1 4
7 5
0 5
1 4
8 5
9 2
3 5
2 4
3 4
0 4
0 4
8 5
4 4
5 4
9 5
4 5
0 4
10 5
2 5
5 5
3 5
5 5
5 5
6 2
3 5
1 4
5 3
7 5
1 4
1 4
3 3
4 2
2 5
2 3
34 5
9 4
12 5
0 5
22 5
1 2
3 3
2 4
7 4
3 4
0 3
1 4
3 4
2 4
0 5
3 4
8 4
1 5
1 4
4 3
0 5
4 3
5 4
4 3
3 5
0 4
3 4
4 3
20 4
0 4
2 5
34 5
5 4
2 4
0 4
5 5
1 5
17 4
5 4
1 5
6 4
1 5
3 5
5 3
1 3
1 5
25 4
5 5
2 4
1 5
6 3
4 4
4 5
1 3
2 3
11 4
4 4
2 5
2 5
1 4
7 4
0 3
1 4
3 5
0 3
2 5
1 4
6 4
8 5
2 3
2 4
1 4
2 3
6 5
3 5
0 5
1 4
0 5
3 4
0 4
8 5
3 4
0 4
2 5
1 4
2 3
1 4
4 4
5 5
6 5
8 4
1 3
9 5
3 5
1 4
2 4
2 4
2 4
3 4
6 5
5 3
1 5
6 5
4 5
3 3
1 3
3 3
4 4
3 5
5 5
3 5
18 4
6 4
1 4
0 4
2 5
5 3
4 4
4 4
1 4
6 5
0 4
0 4
7 3
0 3
2 4
4 3
5 4
1 4
1 5
4 4
4 3
1 4
6 5
6 3
1 4
1 4
2 4
0 4
0 4
0 4
4 5
2 3
4 3
0 1
7 4
7 3
0 4
0 3
3 3
4 3
1 5
5 3
6 5
3 5
4 4
2 4
3 4
3 3
2 4
19 5
2 4
6 5
0 4
0 5
2 5
2 3
6 4
5 5
3 5
2 4
3 4
3 4
7 3
7 5
36 5
2 3
2 4
0 5
3 4
1 3
1 4
2 3
16 4
1 4
1 4
1 4
1 3
6 5
4 3
4 5
1 4
4 4
3 3
1 4
2 3
12 5
4 5
1 4
19 5
7 4
7 3
1 3
21 3
1 4
4 5
5 5
0 5
3 5
55 4
6 5
7 3
5 5
4 1
4 4
1 4
3 5
1 4
4 5
6 5
12 5
6 5
12 4
9 4
2 4
1 4
7 5
31 3
3 5
7 3
2 4
2 5
4 4
9 5
3 4
5 4
0 5
7 3
1 4
11 4
4 3
6 4
3 4
3 5
6 5
10 5
2 4
4 4
2 4
5 4
24 5
22 5
0 4
2 4
0 5
33 5
0 5
2 4
2 4
1 3
7 3
0 4
7 5
1 4
7 4
0 3
5 2
0 4
1 3
21 5
9 5
3 3
3 4
6 5
4 5
0 5
4 5
0 5
0 5
2 5
11 5
2 5
