4 5
7 5
3 4
0 3
4 4
1 3
71 4
24 3
57 5
5 4
6 5
26 4
202 5
9 4
19 5
8 4
16 4
1 4
8 5
17 3
3 5
36 5
8 5
23 3
7 4
252 5
12 4
32 4
7 5
4 5
16 5
6 3
9 4
28 4
7 5
23 4
2 5
2 5
10 3
8 4
13 5
64 5
97 4
11 5
74 3
5 3
1 4
4 5
11 5
13 5
12 5
10 4
2 5
15 3
5 4
28 5
8 5
1 4
4 4
25 5
3 5
9 4
1 5
46 3
3 4
5 5
5 4
4 3
4 4
9 4
2 4
1 4
6 5
9 5
5 4
12 4
7 4
13 5
4 5
4 5
3 3
5 4
50 3
144 5
6 4
7 4
16 4
107 5
5 4
2 4
4 5
28 5
4 4
3 3
13 5
9 5
4 5
2 4
16 5
0 5
7 4
10 4
3 4
5 4
21 5
3 5
2 5
6 4
11 4
1 4
6 4
10 5
2 3
3 4
23 4
11 5
6 4
9 3
2 4
65 5
2 4
5 5
22 3
1 4
12 4
52 5
0 5
6 4
2 5
3 3
6 5
0 3
6 3
5 3
5 4
0 5
81 5
3 5
1 3
3 4
4 5
4 3
4 5
1 4
5 4
6 4
3 4
5 3
9 4
30 5
0 4
3 5
4 3
4 5
3 5
21 5
0 4
7 2
4 4
6 5
6 3
4 4
19 5
6 3
7 5
14 5
0 4
1 4
21 5
1 5
3 4
13 3
14 4
11 5
27 3
8 5
11 5
8 4
1 4
5 3
44 4
2 3
2 3
5 5
136 5
4 3
3 3
4 4
2 4
37 5
4 4
2 3
3 5
1 4
0 5
50 3
19 5
3 5
8 4
11 5
3 5
5 5
5 3
7 4
4 4
14 5
1 4
8 3
3 3
1 5
7 2
6 4
15 3
28 5
7 4
2 3
16 5
28 4
18 3
7 4
1 3
3 4
6 3
0 3
3 2
1 5
16 5
1 5
0 5
1 4
7 5
6 3
13 5
1 3
7 5
5 5
8 5
3 4
7 4
18 4
2 5
11 3
0 4
30 5
2 4
8 4
1 3
7 5
0 4
23 4
9 5
6 5
22 5
1 4
23 5
6 2
31 4
11 4
0 4
5 4
4 5
7 4
86 5
6 5
4 5
0 5
2 5
0 4
16 5
2 5
2 4
5 3
1 4
9 3
1 5
12 3
3 3
3 4
15 3
8 3
19 4
1 3
10 4
4 3
2 5
9 5
3 3
9 2
8 4
3 4
5 5
4 5
6 3
14 5
8 5
40 3
14 3
9 4
3 2
52 5
5 3
24 3
7 5
68 4
2 2
21 5
7 4
2 5
10 4
5 3
125 5
1 3
2 5
2 4
15 3
6 4
13 5
6 3
2 2
9 5
2 4
12 5
13 4
1 4
23 5
10 4
12 3
0 4
15 5
7 3
3 4
12 4
8 3
1 5
22 3
5 5
2 4
4 4
3 5
3 5
6 3
3 5
2 3
2 4
4 4
2 3
0 3
5 5
22 3
9 5
2 4
1 5
6 4
9 3
10 5
1 4
1 5
8 2
9 4
5 3
6 3
11 4
1 5
6 5
10 5
1 4
10 4
3 2
1 3
6 2
0 4
21 3
19 3
1 4
149 4
0 5
20 5
27 5
21 3
2 3
24 4
4 3
6 5
4 4
5 5
7 4
5 5
4 5
5 3
9 5
10 4
0 5
8 4
5 5
2 4
0 3
5 3
1 4
15 3
4 3
25 5
4 3
7 3
20 3
23 5
6 5
5 3
1 3
3 2
7 3
2 4
8 4
16 2
4 4
7 2
7 5
5 4
20 2
12 4
32 3
15 4
70 4
70 4
7 2
10 4
0 4
1 4
7 4
22 2
3 3
11 4
13 3
0 4
39 3
26 4
3 4
19 5
3 4
22 5
4 3
4 3
6 4
6 4
13 4
28 5
19 4
40 5
4 3
2 4
8 3
3 4
2 3
6 5
19 4
1 5
5 4
1 2
52 5
9 5
7 5
3 3
5 5
4 4
23 4
0 5
2 4
8 3
1 3
12 3
1 4
34 4
15 5
3 4
5 3
4 4
3 4
11 2
6 4
20 3
28 3
5 4
7 4
6 2
4 4
21 4
4 5
9 3
1 3
1 3
6 5
2 4
5 4
38 3
15 4
1 4
1 4
5 5
8 5
83 5
4 4
2 2
8 4
1 5
0 4
14 4
4 4
46 3
0 4
5 5
3 4
14 5
1 3
1 2
22 4
61 3
8 2
1 4
0 4
7 3
18 2
6 3
31 3
13 2
9 3
11 4
5 3
10 4
5 3
7 4
11 4
23 3
3 4
12 3
14 4
13 2
1 3
4 4
6 4
8 3
13 4
1 4
1 4
5 4
3 2
1 3
0 4
2 3
4 3
8 4
3 2
1 4
1 4
0 4
2 3
3 2
1 5
3 2
2 4
12 2
0 4
1 4
6 3
0 3
5 5
0 4
0 4
1 4
