1 4
3 5
29 4
10 5
36 5
37 5
6 4
2 3
87 5
10 3
4 4
36 5
7 4
219 5
1 4
56 4
60 5
44 5
19 5
4 4
4 3
10 5
1 3
46 4
2 4
3 3
5 4
8 2
2 2
37 5
10 5
62 5
5 5
65 5
10 5
5 5
6 5
2 5
3 4
11 4
109 5
31 5
9 3
9 3
29 5
29 3
15 4
2 5
20 4
6 4
35 4
4 4
2 5
5 5
32 4
2 2
3 5
7 4
3 4
7 4
45 5
5 1
18 5
75 4
16 5
22 5
16 5
5 5
123 5
8 5
2 5
121 5
12 4
4 3
11 4
27 5
75 5
23 5
16 3
45 5
46 5
16 4
10 5
43 3
3 4
11 5
27 5
122 5
6 5
3 5
4 5
3 4
9 5
28 5
310 5
3 4
3 4
17 5
1 3
5 5
5 3
8 5
5 5
267 5
5 5
5 5
4 3
7 4
14 5
21 2
39 5
68 3
9 4
13 1
4 4
2 5
3 4
3 5
8 5
4 5
36 5
5 5
10 5
16 5
10 4
22 4
9 4
4 3
0 4
2 5
15 5
6 5
3 5
6 5
85 4
2 5
2 5
29 1
3 5
27 5
2 4
47 4
8 5
29 5
3 5
85 5
92 5
7 3
3 4
8 4
73 5
3 4
1 5
6 5
117 5
10 5
4 5
18 5
2 5
0 5
7 4
6 4
7 5
56 2
3 4
9 5
9 4
0 4
10 5
6 5
1 4
9 5
19 2
2 4
14 3
12 5
7 5
3 4
9 5
3 3
8 5
4 4
88 3
107 4
24 5
3 5
15 5
17 5
3 5
7 5
6 4
0 4
5 5
0 4
1 4
34 5
4 5
4 5
4 5
10 5
4 5
0 3
12 5
0 4
12 3
11 5
3 5
19 5
7 3
6 5
1 5
7 5
4 5
3 5
3 5
3 5
6 5
2 4
10 2
29 5
3 5
9 5
41 4
6 5
4 4
6 5
7 5
6 4
10 5
60 5
5 5
12 5
12 5
25 5
8 5
20 5
5 2
2 4
5 4
2 5
7 5
7 5
63 5
10 5
7 4
9 4
7 4
16 5
82 4
9 3
54 5
6 5
248 5
40 5
11 5
5 5
5 3
3 4
30 5
8 4
5 4
2 4
3 5
84 5
36 4
77 5
26 5
17 5
5 5
8 5
55 5
62 4
15 4
1 4
5 5
87 4
5 4
11 5
2 5
15 4
71 5
2 4
402 5
13 3
21 4
11 4
78 4
48 4
4 5
18 4
12 5
155 5
134 3
43 5
13 5
80 4
9 4
23 5
1 4
66 5
60 3
327 5
163 4
13 5
138 3
8 5
9 4
8 5
3 5
19 5
7 5
46 4
49 4
4 4
62 5
3 4
31 4
15 4
16 4
15 4
15 5
28 5
7 4
6 3
137 4
9 3
3 3
71 5
4 4
36 5
21 3
17 5
23 1
30 5
35 4
98 5
32 5
109 4
4 3
27 4
86 5
10 5
23 4
2 5
5 5
14 5
8 5
10 5
3 5
7 5
3 4
9 5
10 5
42 4
2 4
60 5
4 4
16 2
4 5
3 4
7 5
47 4
6 5
11 2
3 4
51 3
4 5
3 5
6 5
2 5
4 5
11 5
2 5
7 5
20 5
10 4
1 5
29 5
38 5
7 4
22 2
40 5
12 4
10 5
16 4
50 4
18 3
0 5
1 5
6 5
12 5
18 5
57 5
17 5
2 4
27 4
372 4
15 5
6 5
227 4
224 5
69 4
7 5
202 5
8 5
16 5
19 4
5 4
1 5
7 4
82 4
5 4
33 5
42 5
4 5
28 5
8 5
5 5
33 5
10 5
0 5
21 5
21 5
2 4
5 4
40 5
7 4
3 4
107 4
3 4
23 4
11 5
5 5
4 3
77 4
17 3
52 5
19 5
9 5
13 4
1 4
10 5
48 5
3 4
32 4
137 5
6 4
5 5
649 5
21 5
11 4
3 4
4 4
4 4
9 4
7 5
17 5
11 4
72 4
4 4
12 5
16 4
12 1
14 4
10 5
9 5
29 5
6 4
33 4
2 4
23 4
7 5
40 4
9 4
66 5
9 4
5 4
20 5
4 4
40 5
47 5
2 5
13 3
7 5
370 1
33 2
6 5
15 5
67 5
17 4
46 4
10 4
1 4
32 3
5 4
3 4
14 2
2 4
27 5
52 5
2 4
19 5
5 5
11 5
175 5
3 4
20 4
16 5
3 5
49 4
32 4
109 5
10 3
1 4
11 5
2 4
22 4
3 4
27 5
135 5
34 5
144 5
25 3
10 4
5 4
8 5
44 5
87 5
10 5
56 5
0 3
47 4
154 5
69 5
50 3
2 3
0 3
36 3
73 5
27 5
71 5
14 3
6 5
17 5
20 5
3 5
16 5
12 5
3 4
66 5
6 1
100 4
9 5
3 5
5 5
0 4
42 5
2 5
1 3
14 5
8 5
52 4
9 2
5 5
3 4
11 4
36 5
5 3
32 4
10 5
573 5
8 2
11 4
165 5
15 4
56 5
17 4
7 4
110 4
13 4
14 5
8 5
32 5
7 1
148 5
29 4
4 4
8 5
4 5
1 4
8 5
2 5
2 3
48 5
5 4
131 5
5 4
2 2
5 5
1 5
96 4
64 4
75 5
3 4
3 4
8 1
2968 5
39 4
15 5
1 4
119 5
1 5
211 5
15 2
6 5
20 5
325 5
3 5
18 5
