11 5
3 4
4 4
12 5
9 5
23 5
17 4
6 4
2 5
6 4
5 5
18 5
19 5
102 5
12 5
1 5
8 5
3 5
8 5
2 5
8 5
2 5
7 5
18 5
1 5
17 5
10 5
12 5
10 5
19 5
2 4
3 5
9 5
0 5
9 5
2 5
5 5
8 5
5 5
8 5
9 5
45 5
1 5
4 5
31 5
2 4
8 5
11 5
9 5
2 4
3 5
11 5
7 5
0 5
1 4
12 5
8 5
17 5
11 5
13 5
140 5
12 5
26 5
7 5
1 4
7 5
18 5
6 5
11 4
6 5
2 5
3 5
7 5
9 4
1 5
12 5
7 5
0 4
8 5
7 5
2 5
2 5
4 4
1 5
2 5
1 4
1 4
7 5
0 5
1 5
4 5
0 4
1 5
13 5
13 4
1 5
5 4
25 4
8 5
2 5
7 5
16 4
76 5
2 4
9 5
32 5
6 4
15 4
29 4
0 4
5 5
1 5
4 4
8 5
5 4
12 4
1 5
5 5
3 5
3 5
6 5
4 5
3 5
3 5
9 5
7 5
0 5
21 5
5 5
7 5
0 5
20 5
0 5
1 5
58 5
5 5
18 5
5 5
2 5
2 5
42 5
10 5
3 5
7 5
1 5
10 5
6 5
43 5
5 5
16 5
4 5
11 5
1 5
23 5
57 5
148 5
9 5
3 5
4 5
1 5
18 5
4 5
36 5
4 5
3 5
9 5
0 5
0 5
1 5
12 5
12 5
14 5
12 5
24 5
2 5
0 5
16 5
2 5
4 5
28 5
9 5
10 5
1 4
0 5
7 5
0 5
0 5
2 4
9 5
49 5
9 5
13 5
8 5
13 5
2 5
7 5
2 5
7 5
8 5
8 5
8 5
20 5
2 5
23 5
3 4
0 5
42 5
1 5
2 5
7 4
0 5
7 5
6 5
1 4
3 5
47 5
49 5
5 5
5 5
5 5
32 5
3 5
21 5
7 5
1 5
3 5
15 5
3 5
9 4
12 5
1 5
25 5
7 5
3 5
3 5
3 5
1 5
6 4
1 5
1 5
3 5
2 5
5 5
3 5
24 5
12 5
0 5
8 4
8 5
35 4
3 5
1 5
6 5
7 5
4 4
27 5
11 5
4 5
4 5
2 5
8 5
2 5
34 5
12 5
18 5
15 5
15 5
21 5
0 5
4 5
10 5
14 5
20 5
13 5
3 5
13 5
26 5
34 5
2 5
5 5
5 5
5 5
5 5
3 5
1 5
3 5
19 5
3 5
10 5
2 5
4 5
4 5
7 5
25 5
42 5
74 5
3 5
0 5
0 5
51 5
12 5
1 5
0 5
0 5
2 5
18 5
5 5
8 5
16 5
2 5
4 5
7 5
4 5
5 5
6 5
11 5
4 5
17 5
1 5
7 5
6 5
5 5
14 5
0 5
5 5
96 5
4 5
13 5
1 5
29 5
7 5
20 5
0 5
0 5
9 5
0 5
6 5
24 5
2 5
0 5
22 5
34 5
1 5
0 5
0 5
36 5
2 5
7 5
23 5
4 5
2 5
23 5
0 5
5 5
4 5
1 5
1 5
2 5
8 5
0 5
11 5
0 5
4 5
0 5
2 5
0 5
0 5
7 5
5 5
14 5
8 5
1 5
0 5
3 4
3 4
2 5
9 5
15 5
0 4
0 5
3 5
3 5
34 5
1 5
1 5
16 5
1 5
0 5
16 5
0 5
5 5
17 5
4 5
82 5
4 5
1 5
6 5
0 5
7 5
52 5
4 5
5 5
11 5
0 5
0 5
9 5
6 5
13 5
0 5
0 5
0 5
0 5
0 5
0 5
7 5
0 5
2 5
8 5
3 5
5 5
1 5
1 5
8 5
0 5
13 5
0 5
13 5
6 5
0 5
0 4
1 5
0 5
0 5
0 5
5 5
0 5
1 5
0 5
0 5
0 5
0 5
1 5
2 5
0 5
12 5
0 5
1 5
204 5
2 5
0 5
7 5
3 5
16 5
9 5
2 5
71 5
4 5
12 5
17 5
2 5
1 5
6 5
14 5
5 5
10 5
3 5
3 5
19 5
3 5
134 5
4 5
3 5
12 5
0 5
6 5
2 5
28 5
5 5
7 5
0 5
0 5
6 5
0 5
15 5
0 5
0 5
1 5
0 5
3 5
1 5
13 5
1 5
0 5
21 5
6 5
4 5
0 5
18 5
0 5
11 5
11 4
7 5
17 5
7 5
96 5
3 5
32 5
4 5
56 5
24 5
1 5
2 5
1 5
4 5
3 5
28 5
0 5
1 5
47 5
21 5
4 4
2 5
3 4
2 5
0 5
4 5
4 5
10 5
24 5
11 5
6 5
0 5
7 5
9 5
6 5
0 5
3 5
53 5
1 4
0 5
2 5
4 5
0 5
12 5
0 5
1 5
3 5
11 5
46 5
3 5
1 5
4 5
5 5
1 5
1 5
3 5
4 5
3 5
1 5
16 5
5 5
7 5
11 5
2 5
28 5
7 5
2 5
3 5
4 5
9 5
32 5
32 5
8 5
7 5
1 5
1 5
1 5
8 5
17 5
5 4
15 5
36 5
4 5
1 4
54 5
11 5
11 5
21 5
7 5
6 5
2 5
8 5
2 5
5 5
15 5
2 5
4 5
8 5
1 4
1 5
47 5
13 5
0 4
1 5
17 5
1 5
3 5
9 5
38 5
13 5
5 5
13 5
0 5
3 5
17 5
1 5
17 5
4 5
20 5
4 5
3 5
11 5
11 4
16 5
4 5
0 5
15 5
11 5
134 5
13 5
10 5
7 5
1 5
0 5
0 5
6 5
13 5
8 5
2 5
3 5
1 5
6 5
16 5
9 5
3 5
6 5
0 5
2 4
83 5
10 5
4 5
1 5
6 5
6 5
3 5
2 5
4 4
8 5
4 5
42 5
3 5
1 5
47 5
0 5
3 5
1 5
5 5
12 5
0 5
12 5
1 5
9 4
3 5
1 5
2 4
5 5
5 5
0 5
2 5
2 5
17 5
0 5
5 4
2 5
1 5
1 5
18 4
4 5
5 5
1 5
4 4
1 5
20 5
9 4
11 5
2 5
4 5
1 4
10 5
16 5
11 5
78 5
34 5
17 5
10 5
11 5
73 5
14 4
2 4
14 4
