8 4
4 3
14 4
27 3
10 5
1 5
1 5
29 4
4 4
9 4
3 4
1 4
1 4
4 4
2 3
8 4
6 4
1 5
2 4
2 4
3 5
6 4
1 5
0 5
5 5
3 4
11 5
2 4
19 4
2 4
2 5
10 5
8 4
1 2
2 4
1 5
21 5
4 4
126 4
2 4
4 3
1 5
1 4
3 4
2 4
0 4
11 4
1 5
4 4
1 4
10 3
2 4
6 5
5 4
11 4
7 3
18 4
9 4
2 4
10 4
3 3
1 4
4 2
5 4
1 3
4 5
18 4
5 4
0 4
1 4
4 3
2 4
0 4
2 4
3 4
2 4
0 4
1 5
6 4
9 2
4 5
1 4
8 4
2 4
12 4
7 4
1 3
10 5
33 5
2 4
0 4
2 4
3 5
1 4
3 5
8 2
5 4
4 4
1 4
0 5
1 4
3 4
3 4
8 4
2 3
1 4
1 4
3 5
0 4
3 5
2 3
0 3
0 4
7 5
16 5
1 5
0 3
2 4
2 3
8 4
5 3
1 4
11 4
4 4
6 4
5 4
2 4
5 4
5 5
1 4
1 4
3 4
2 4
0 4
1 5
5 3
2 5
7 4
5 4
1 4
2 4
2 4
1 4
4 4
1 4
4 4
1 3
0 4
11 3
5 3
1 4
2 5
2 5
1 5
1 4
2 5
4 5
3 4
1 4
51 5
3 5
4 4
2 4
0 4
1 4
3 4
5 3
2 4
1 4
9 4
3 4
1 5
2 4
1 4
2 4
6 4
7 4
45 2
0 5
3 3
8 4
4 3
3 4
4 4
4 5
31 4
1 4
0 4
9 4
3 4
5 4
22 2
3 4
17 5
4 3
5 5
1 4
3 5
1 3
13 4
8 4
8 3
9 4
28 4
5 4
1 5
2 5
5 5
11 5
17 5
4 5
0 4
0 5
2 4
2 5
3 5
0 4
1 4
1 5
5 5
1 5
2 4
4 4
2 4
2 4
14 4
1 4
3 4
0 4
10 3
5 4
15 2
1 4
7 3
5 5
0 4
4 2
9 3
2 4
1 5
2 4
0 5
2 4
2 4
2 4
0 4
11 4
0 4
2 4
0 3
6 5
1 3
6 4
4 5
3 4
5 3
29 5
2 4
1 4
3 4
0 4
0 4
28 5
3 3
5 5
1 5
29 5
2 5
2 5
7 3
6 5
11 2
0 4
1 4
0 3
0 3
3 5
1 4
9 4
3 3
2 5
1 4
4 4
2 4
3 4
1 4
1 4
4 4
1 4
6 4
4 4
0 4
2 2
21 5
2 5
9 4
5 5
10 3
0 4
1 4
5 4
1 4
1 4
1 5
5 4
2 4
1 3
4 4
0 4
4 3
0 4
10 4
2 5
15 4
1 4
1 5
5 4
9 5
0 4
11 4
5 4
13 4
5 5
0 4
6 4
1 4
3 4
4 5
9 4
5 4
39 5
2 3
0 4
1 5
5 4
6 4
37 5
5 4
9 5
1 4
4 4
1 5
3 5
1 4
6 4
1 4
1 5
4 4
0 4
4 3
6 4
6 5
0 3
21 5
2 4
5 5
0 4
2 4
0 5
0 4
0 4
2 3
2 4
7 4
3 4
5 4
7 4
14 3
15 3
1 4
0 3
3 4
0 3
2 4
2 5
2 4
1 4
1 4
1 4
7 4
2 4
5 3
0 4
0 4
5 4
0 4
1 3
8 4
0 4
5 5
2 4
49 5
3 5
0 3
6 5
2 5
8 3
0 4
3 5
5 5
0 4
35 5
2 3
5 4
4 4
0 4
1 4
2 4
0 4
3 4
2 5
4 4
8 4
9 3
2 5
4 3
0 5
3 4
9 4
1 5
6 5
0 5
2 4
1 4
1 4
4 4
4 5
2 4
4 5
0 4
13 4
3 4
7 4
1 4
4 4
1 4
6 5
2 4
6 3
12 5
5 4
4 4
1 4
9 4
3 4
5 4
47 4
0 3
2 5
2 5
9 4
2 4
0 4
3 4
1 3
3 5
4 4
7 4
10 4
6 4
12 5
1 4
6 4
2 5
5 4
6 5
3 4
5 4
3 4
3 4
8 5
6 4
5 4
4 4
11 5
0 4
2 5
4 4
0 4
4 4
3 5
17 5
7 4
4 4
0 4
3 4
4 3
1 4
4 4
4 4
3 3
1 4
8 4
1 4
1 4
1 4
10 5
2 4
0 4
4 4
7 5
4 4
2 4
0 4
2 5
2 4
5 5
1 3
0 4
9 4
0 5
1 4
0 5
2 3
0 4
0 5
2 4
0 4
8 5
0 5
1 4
5 5
7 5
0 4
5 5
6 5
2 5
1 4
0 4
2 4
16 5
3 4
0 4
1 3
9 5
5 4
1 4
9 5
1 4
1 4
1 4
2 4
0 3
0 4
2 5
2 4
3 4
4 4
0 5
8 5
1 4
0 4
13 5
14 5
1 4
6 3
2 4
0 4
1 4
17 5
5 4
5 4
4 4
7 4
11 4
2 4
0 4
3 4
0 4
13 5
4 4
11 4
3 4
4 4
1 3
3 3
4 4
0 4
3 5
0 4
6 5
85 5
1 4
4 4
8 5
5 5
0 4
3 4
1 4
11 4
3 4
5 5
8 4
0 5
2 5
1 3
2 4
1 3
2 4
4 4
4 5
8 4
0 4
3 4
9 5
3 4
0 4
0 4
3 4
2 4
11 4
22 4
5 5
3 5
3 3
7 3
2 5
5 4
7 4
0 5
3 4
1 4
4 3
2 4
2 4
1 4
2 4
10 5
46 4
16 5
11 4
5 3
1 4
11 5
2 4
0 4
5 5
3 4
4 4
6 4
3 5
0 5
10 5
4 4
11 4
27 5
6 5
15 5
20 4
20 4
1 4
2 4
22 4
6 4
5 5
2 5
49 5
11 4
3 3
6 4
2 3
4 4
6 4
6 5
2 5
3 3
4 4
9 4
26 4
25 4
5 3
0 3
0 4
4 5
2 5
13 5
14 5
4 4
10 5
0 5
8 4
4 5
0 5
