19 5
42 4
17 4
22 5
19 5
6 4
34 5
30 4
1 4
11 5
12 5
24 5
4 3
18 5
8 3
20 3
13 5
0 5
153 3
294 5
10 5
2 2
8 3
3 3
7 5
9 4
59 4
21 4
40 5
39 4
31 4
4 4
2 5
11 5
7 3
0 4
6 2
42 5
11 5
3 5
19 5
0 4
10 4
37 5
8 4
18 4
13 4
99 3
35 5
19 4
10 3
7 5
113 5
10 4
20 4
18 4
31 4
8 4
12 4
96 5
37 4
2 4
3 5
8 5
8 4
10 4
3 5
18 4
3 4
38 3
17 4
77 4
26 3
33 3
14 5
38 4
1 3
9 5
5 4
3 4
5 5
4 5
26 4
4 3
16 5
5 5
10 4
11 4
14 3
17 4
49 5
8 5
36 3
3 4
4 5
15 5
4 3
56 5
8 4
5 5
26 5
24 3
39 5
111 5
58 4
1 3
14 5
5 5
5 4
14 5
113 4
51 4
5 4
11 5
13 4
26 5
14 4
18 3
8 5
17 4
26 5
3 3
1 5
24 5
11 5
3 5
4 5
3 5
2 4
9 4
40 5
8 3
13 5
32 4
3 4
21 4
3 4
25 4
45 5
42 4
74 5
26 5
12 4
167 4
9 4
6 4
23 3
3 4
19 3
79 3
25 3
41 5
13 5
8 4
3 5
13 5
22 5
18 4
150 5
54 5
30 5
19 3
326 4
37 5
5 4
13 4
21 4
9 2
62 4
22 5
7 4
7 4
1 4
20 5
19 5
8 3
13 5
26 4
52 4
73 5
99 4
47 4
38 4
7 4
27 4
9 4
388 5
6 5
22 4
1 4
19 5
3 4
48 4
21 4
26 5
23 4
18 5
81 3
9 4
52 4
5 4
6 3
5 5
7 3
8 4
3 3
30 5
11 4
12 3
19 4
13 5
22 4
21 5
54 4
9 3
238 4
17 3
256 5
474 5
16 5
37 4
10 4
5 4
5 3
20 5
16 4
35 4
33 5
31 5
12 5
43 5
33 4
31 5
5 4
12 5
2 5
2 5
5 4
13 4
249 5
1 5
22 4
2 4
7 4
9 5
13 5
3 4
28 5
57 5
3 5
56 5
18 5
26 4
7 4
23 5
33 5
13 4
39 4
3 3
2 5
17 5
4 5
5 5
44 5
83 5
17 5
9 5
11 4
31 5
23 5
39 3
8 5
36 3
72 5
59 2
15 5
37 2
723 5
38 4
6 5
75 5
3 3
39 4
15 5
6 5
7 5
3 5
25 4
250 5
77 5
22 5
16 4
25 5
58 5
0 4
25 4
20 5
15 5
2 5
9 4
8 5
211 5
27 4
6 3
304 5
7 3
8 5
10 4
10 5
33 3
31 5
5 4
24 3
26 4
78 5
32 5
51 4
69 5
2 5
8 5
12 3
99 5
139 4
41 5
41 5
33 4
20 4
0 3
4 5
12 3
6 5
26 5
17 4
11 4
55 5
11 5
8 5
50 4
20 5
202 5
40 4
12 5
223 5
7 5
41 5
25 3
93 5
13 5
11 4
45 5
239 5
36 5
7 4
25 5
46 5
58 5
8 4
42 5
137 5
43 4
37 5
23 4
85 4
21 4
14 3
14 5
2 4
6 3
24 5
3 3
106 5
10 4
64 5
7 5
21 4
59 5
6 5
21 5
20 3
5 5
47 5
27 4
41 4
20 5
4 4
50 5
7 5
6 3
22 5
46 5
18 5
18 5
15 4
13 4
9 4
27 5
24 5
30 4
27 5
8 3
17 5
14 5
19 5
8 5
2 4
9 5
9 4
26 5
2 4
8 5
150 5
6 5
16 4
64 4
81 4
8 5
50 4
7 4
7 5
3 5
6 5
4 4
22 5
32 5
4 4
31 5
23 5
21 4
9 5
8 4
4 3
21 4
14 4
15 5
12 4
7 5
14 3
184 5
75 5
35 4
8 4
68 4
18 5
45 5
6 4
20 5
53 4
50 5
23 5
25 3
7 3
3 4
12 4
5 4
15 3
13 4
8 4
20 3
4 4
10 5
30 5
13 3
11 5
73 5
3 3
33 5
13 5
23 5
53 5
55 4
1 4
13 5
9 4
161 3
10 5
5 4
7 5
27 5
7 5
159 5
9 4
26 4
5 4
19 5
13 3
17 5
9 4
14 5
50 3
46 5
73 5
23 5
37 5
30 5
116 3
87 5
13 4
28 5
12 4
8 4
0 3
0 3
9 3
0 3
33 4
47 5
97 4
10 4
56 5
31 5
8 4
19 4
1 3
6 4
131 5
3 2
13 4
43 5
10 4
3 5
31 4
8 4
50 5
46 4
94 3
55 5
16 4
7 5
10 4
57 4
153 5
28 4
12 3
10 4
15 3
22 3
14 4
9 3
68 3
41 4
7 4
101 4
19 5
4 5
4 5
106 4
17 4
68 4
3 3
20 5
3 5
14 5
7 3
106 4
3 4
8 3
14 5
8 4
22 3
10 4
37 4
56 4
9 5
27 5
6 4
75 4
42 4
30 4
44 4
9 4
57 5
6 4
14 5
19 4
19 4
35 4
18 5
61 4
33 5
24 4
32 4
2 3
6 4
2 4
119 5
4 3
6 3
14 5
13 5
14 5
38 5
30 5
36 4
10 4
28 4
146 5
176 4
13 5
3 3
10 4
13 4
12 5
5 5
17 5
8 5
13 5
24 5
29 3
31 3
7 4
16 4
35 5
14 4
7 4
9 4
11 5
35 5
39 5
71 5
18 5
11 3
15 5
16 4
20 4
14 5
124 4
5 3
14 4
25 5
4 5
15 5
4 5
25 5
19 4
6 5
20 5
36 5
1 4
34 5
5 5
3 5
15 4
9 3
1 5
4 3
49 5
18 3
7 4
10 5
6 5
20 5
32 5
10 5
1 5
32 5
8 5
8 4
19 5
6 4
12 5
2 4
11 4
15 5
9 5
17 5
9 5
9 5
48 2
35 5
1 5
12 4
36 5
15 5
20 5
78 5
22 5
23 5
35 5
6 4
19 5
61 5
9 5
1 3
9 5
11 4
13 5
36 5
13 5
9 5
23 5
2 5
3 3
12 3
4 5
9 5
9 5
21 5
