7 4
1 5
13 3
16 4
10 3
10 4
134 5
5 5
272 5
8 5
23 4
1 5
3 5
8 5
2 5
12 5
1 5
39 5
22 4
3 4
8 4
9 2
14 3
13 5
14 4
4 4
107 3
17 2
7 3
5 5
11 5
5 5
360 5
4 5
3 4
45 5
45 5
5 5
35 5
6 4
22 5
15 4
29 4
15 2
8 4
2 5
10 2
4 2
2 4
4 5
3 5
0 5
60 5
19 4
6 4
33 5
5 5
27 4
5 5
4 4
6 5
6 5
37 4
182 5
5 5
9 4
15 4
10 3
117 4
1 5
21 4
14 1
13 4
6 4
2 3
10 5
9 3
10 4
5 4
4 3
3 5
40 3
21 4
11 3
20 3
13 4
52 4
58 5
11 4
16 3
87 4
15 4
34 5
44 5
4 3
3 4
11 4
19 5
4 4
3 4
29 4
27 4
6 2
12 1
23 4
16 5
14 4
48 5
9 4
0 5
122 5
392 5
7 4
16 4
24 5
14 3
43 4
4 4
4 5
15 1
11 2
33 3
67 4
3 5
30 4
3 4
12 3
67 5
13 2
11 5
13 5
6 4
10 4
2 3
0 4
1 2
12 4
1 5
7 4
1 3
8 4
5 4
0 5
1 4
4 4
3 3
7 5
3 4
14 2
34 2
6 3
4 5
6 1
4 3
10 4
6 4
9 3
9 4
9 5
5 4
9 4
21 5
3 3
5 5
12 3
10 5
1 4
39 4
24 4
4 3
7 3
5 5
2 3
16 4
10 4
0 5
5 5
35 4
4 3
0 3
2 3
3 5
16 4
4 4
0 3
8 3
5 3
2 4
6 4
4 2
2 3
7 4
3 3
5 3
15 3
4 3
7 5
8 1
9 4
3 5
0 3
17 4
40 5
29 5
1 5
20 4
10 5
2 5
11 5
9 4
20 3
1 4
2 4
1 4
3 2
13 3
1 3
6 4
2 4
18 4
8 4
13 4
3 5
2 4
6 4
10 4
0 4
22 4
7 5
1 4
11 4
4 3
1 4
14 3
8 5
6 5
1 5
8 5
1 3
2 5
4 5
6 4
9 3
8 5
11 5
5 3
8 4
1 4
1 3
3 3
4 4
1 4
5 5
2 3
15 4
4 3
5 3
19 5
7 3
10 4
20 4
9 4
16 3
4 5
33 5
9 4
6 4
27 4
10 4
0 2
2 2
4 4
4 5
6 3
26 4
1 4
19 5
4 5
16 5
5 3
6 4
9 3
19 5
32 5
48 5
9 4
11 2
8 1
15 4
3 3
8 5
3 4
11 4
5 5
3 1
21 2
8 4
0 5
76 5
2 3
2 4
4 4
4 4
9 3
10 4
3 3
3 4
12 2
5 4
3 4
15 4
2 4
2 3
3 5
0 4
1 4
0 4
1 4
4 5
0 4
0 3
0 4
0 3
35 3
0 4
1 4
0 4
0 4
0 4
6 3
0 4
1 4
8 5
3 5
20 1
3 4
2 5
14 4
8 4
4 3
11 4
4 4
12 5
20 4
19 4
6 4
3 4
14 4
5 4
6 5
8 5
3 4
1 3
4 5
4 4
6 3
3 5
1 4
5 5
1 5
10 4
4 4
3 2
4 4
28 5
7 5
3 5
5 3
6 4
11 5
0 4
4 4
1 3
3 4
3 4
3 3
9 4
0 4
2 4
1 2
4 4
49 4
12 4
16 1
39 4
3 4
12 4
26 4
13 4
4 5
5 3
1 4
0 4
10 5
1 4
2 4
0 4
50 5
4 4
1 5
5 5
7 5
3 5
1 5
10 5
4 5
11 5
12 5
3 5
8 5
11 5
4 5
70 4
21 5
7 4
7 4
13 5
8 5
3 4
12 5
2 4
5 4
10 1
56 5
5 4
140 5
20 5
33 5
28 5
7 4
2 4
6 4
36 4
3 4
7 4
5 5
14 2
1 3
5 5
8 5
3 5
29 5
12 5
4 3
17 5
1 4
11 5
9 5
31 5
6 5
41 5
2 4
3 5
2 4
2 2
3 5
31 4
5 5
4 5
0 5
3 3
9 3
4 5
2 5
8 1
31 5
1 4
2 4
7 4
1 5
2 5
16 5
2 5
2 5
2 5
0 4
2 5
116 5
3 5
18 5
3 5
5 5
92 5
69 5
7 5
6 5
7 5
2 5
1 5
0 1
4 5
7 5
3 5
1 5
13 5
7 4
7 4
9 5
0 5
14 5
3 5
2 5
4 5
8 5
107 5
6 5
0 5
22 5
11 3
9 2
5 1
16 2
3 5
2 5
3 5
3 2
0 3
6 5
4 5
2 2
11 5
2 5
2 5
3 5
1 5
7 5
8 3
8 5
10 4
5 5
8 5
0 5
14 5
1 4
5 4
10 4
2 4
13 5
55 4
2 5
4 5
3 5
0 5
215 5
0 5
2 5
4 5
5 5
24 5
3 5
8 1
1 5
3 5
3 4
17 5
4 5
2 5
10 5
11 5
6 4
4 5
10 3
2 4
23 5
9 5
5 1
1 5
17 5
71 5
4 5
3 5
6 5
5 5
3 5
4 5
7 5
8 5
1 5
1 4
12 4
0 5
16 5
0 5
3 5
4 5
9 5
5 4
0 5
4 4
4 3
2 5
