3 5
7 5
2 5
3 5
1 5
8 4
4 4
2 2
8 2
5 3
2 4
0 4
6 4
14 4
1 4
4 5
6 4
12 5
6 4
6 4
37 4
7 5
3 1
4 4
7 4
1 5
10 5
5 5
9 5
0 5
10 4
58 5
1 4
0 4
7 4
5 5
4 4
12 5
1 4
14 5
7 5
10 3
5 4
1 3
11 3
62 5
4 5
6 3
2 5
3 4
13 5
31 5
5 5
22 5
6 4
32 2
2 3
6 3
105 5
8 2
8 3
1 2
5 2
2 5
5 4
0 3
14 4
3 4
111 5
2 5
17 5
3 5
5 2
12 3
18 5
3 3
9 5
31 4
3 5
16 5
14 4
6 4
39 4
0 3
9 3
19 4
8 4
17 5
54 3
0 3
3 5
143 3
6 3
26 5
3 2
1 4
17 4
6 4
6 3
3 5
7 3
1 5
9 5
5 5
10 5
5 5
35 4
5 5
0 5
7 5
40 4
0 5
5 4
4 5
4 5
2 3
4 4
12 3
1 2
7 4
3 4
5 4
6 5
11 4
8 4
0 3
13 5
36 2
7 4
30 5
25 5
28 4
3 4
12 4
3 3
4 2
7 5
0 2
2 5
137 5
25 5
85 5
7 5
1036 4
5 3
3 2
3 4
4 5
4 4
2 2
5 4
4 3
30 4
23 4
18 4
2 3
10 3
7 3
14 2
8 4
67 4
7 2
3 3
3 3
7 4
4 5
0 5
0 4
2 2
5 1
21 2
6 4
4 4
0 5
7 5
1 4
2 4
15 4
1 4
48 2
31 1
9 5
1 4
13 3
7 2
7 4
9 5
37 5
3 4
2 4
28 5
2 1
2 5
310 5
5 4
11 4
82 5
12 4
1 4
17 5
3 4
28 3
13 3
0 3
7 4
24 5
24 1
8 4
2 3
2 3
0 5
13 5
7 3
1 3
3 3
3 5
13 4
13 5
29 1
17 2
20 3
9 4
30 4
4 5
3 2
24 4
2 5
0 3
2 3
25 5
46 5
8 5
2 5
4 4
0 5
125 3
227 5
28 4
0 5
3 4
0 5
7 5
1 5
3 2
9 5
1 5
1 5
3 2
2 5
2 5
15 5
4 5
25 5
3 5
3 5
0 5
12 4
5 5
3 5
0 5
0 4
5 5
10 5
14 4
21 5
217 4
70 3
9 4
13 5
2 5
14 5
0 5
1 4
9 4
28 5
37 4
3 5
3 4
3 4
11 4
1 5
1 5
0 5
7 5
0 4
1 5
24 5
2 5
4 5
6 5
49 4
23 5
2 5
22 5
0 4
31 3
0 5
1 4
56 4
0 5
33 4
0 3
9 3
9 5
4 5
6 5
0 5
6 4
0 5
1 4
6 5
0 5
4 4
1 5
14 3
3 4
2 4
1 5
16 5
0 3
0 4
3 5
0 5
1 4
28 5
9 5
1 4
0 5
1 5
10 5
3 5
3 1
2 4
4 5
5 3
4 5
0 5
0 5
38 4
1 5
6 5
4 5
0 4
1 5
3 2
8 3
7 4
18 5
1 3
40 5
14 5
3 5
21 3
26 5
28 5
9 4
16 5
23 4
12 4
26 5
53 5
1 3
5 5
86 4
155 5
0 4
11 4
4 4
2 3
11 4
0 5
3 5
1 4
0 5
1 5
4 5
3 5
1 5
3 4
0 4
2 4
7 3
3 4
8 4
8 5
3 5
11 4
8 4
1 3
2 4
1 4
10 5
0 5
3 5
0 5
1 4
8 3
1 4
7 4
10 5
1 5
1 5
0 4
5 5
2 5
0 5
7 4
0 4
1 5
0 3
3 3
2 5
0 5
7 5
6 4
8 4
0 5
0 5
7 2
49 3
8 5
1 5
6 3
24 5
1 4
4 4
2 4
1 3
7 4
7 4
3 5
2 5
13 5
2 5
2 4
1 2
15 5
16 4
25 5
281 3
26 3
0 5
2 3
39 3
178 4
0 5
107 5
24 5
2 4
5 3
7 5
13 5
8 5
117 5
4 5
2 5
3 5
1 5
22 5
6 5
11 3
5 2
20 5
26 5
102 5
0 2
7 4
1 5
39 5
7 5
6 3
32 5
8 5
9 1
6 5
15 5
1 5
2 5
13 4
1 3
2 5
0 4
23 1
1 2
9 5
2 5
5 5
0 3
8 4
22 5
11 3
11 5
1 4
46 5
3 5
16 3
1 2
11 4
7 5
8 4
4 5
2 5
22 5
9 4
3 5
7 5
2 2
10 5
6 3
2 5
38 4
1 5
35 5
2 5
6 5
40 5
26 5
19 4
13 5
43 5
0 4
5 3
10 4
6 4
5 5
1 5
62 5
0 4
1 3
21 4
15 5
2 4
15 5
3 4
3 5
22 5
12 5
72 5
10 4
1 5
1 5
10 5
13 5
30 3
6 2
4 3
10 3
0 4
3 5
5 5
19 4
2 2
3 5
8 5
8 4
1 5
24 5
3 3
2 2
41 4
3 4
9 5
1 4
8 5
30 4
22 5
11 5
2 5
32 4
0 4
5 1
0 3
2 2
0 5
18 5
20 4
8 2
0 5
7 4
12 3
9 3
3 4
20 4
49 5
0 4
9 5
12 3
20 4
15 4
8 2
5 1
24 5
0 4
17 2
1 3
10 5
2 4
4 2
0 3
11 4
6 5
5 4
7 4
4 4
19 5
1 4
1 3
3 5
12 3
4 5
6 5
4 5
4 4
6 3
4 4
9 5
18 4
11 2
4 5
14 4
15 5
6 4
2 3
55 5
2 4
6 3
0 4
14 5
2 5
40 5
10 3
21 3
9 5
11 5
16 5
11 5
7 5
10 3
2 5
0 5
7 4
8 4
4 4
15 3
1 4
4 4
2 5
7 4
1 3
11 5
7 5
0 3
4 1
0 5
