2 5
0 4
0 5
67 5
0 5
0 4
4 4
3 4
4 3
1 4
6 5
1 5
3 5
15 5
3 5
14 5
2 3
6 5
4 4
11 5
5 5
4 4
104 5
1 4
12 4
0 3
25 4
11 5
9 5
60 5
18 5
3 3
0 5
9 5
3 5
3 5
6 5
2 5
15 5
14 4
8 5
10 5
0 3
6 5
3 3
1 4
1 4
11 5
11 5
12 5
4 5
6 3
2 3
9 4
8 5
2 5
22 5
11 5
3 5
15 5
0 5
3 5
11 5
1 5
2 5
9 5
6 5
3 5
1 5
0 4
2 5
0 4
4 5
1 4
1 5
1 4
7 5
7 5
7 4
2 5
0 4
0 5
1 5
7 3
11 5
8 5
1 5
13 5
1 4
3 3
2 3
28 5
17 4
1 5
1 4
7 4
5 5
18 5
2 5
0 5
0 5
1 5
0 4
0 4
6 5
0 4
4 4
0 4
47 5
0 3
0 3
4 5
1 3
0 5
0 5
0 5
2 5
0 4
0 4
0 4
1 4
2 5
2 5
3 5
1 5
0 4
1 4
0 4
1 5
2 2
1 5
6 5
8 5
0 3
0 4
0 4
7 5
5 5
5 5
4 5
6 5
3 3
3 4
3 5
8 4
0 4
9 5
6 3
0 3
1 4
3 4
5 4
1 5
5 5
5 5
2 4
3 4
0 3
5 5
2 5
0 5
2 5
2 5
0 5
0 4
0 4
7 2
5 4
1 4
3 5
1 5
0 4
2 5
2 4
4 5
4 3
2 4
0 5
3 4
0 4
14 5
2 3
1 4
4 3
14 2
3 4
7 4
2 5
0 4
1 4
1 2
7 4
2 4
3 5
28 5
2 4
7 5
1 5
1 4
2 4
4 3
0 3
10 5
2 3
3 5
4 4
6 4
1 4
4 4
1 4
2 4
3 4
2 4
5 5
7 4
6 4
0 4
1 5
0 4
4 4
1 4
2 5
4 3
0 3
2 4
16 3
0 4
5 4
2 5
9 5
9 4
13 3
18 4
3 4
3 5
4 4
1 4
0 4
0 5
11 4
2 5
44 5
1 4
12 5
4 5
7 4
0 3
13 2
7 5
0 4
4 5
2 4
1 4
1 4
15 4
8 5
0 5
3 4
5 5
4 5
1 4
1 4
6 5
0 3
14 4
0 5
9 4
22 5
5 5
0 4
2 4
4 4
3 3
9 4
3 4
7 4
8 4
3 4
18 5
2 4
2 2
2 4
3 3
2 4
2 4
3 4
7 4
7 3
2 3
1 3
1 5
9 4
24 5
1 5
1 4
3 5
4 3
3 5
7 3
3 5
6 3
2 5
7 5
5 4
0 5
6 5
3 5
3 5
1 4
2 5
0 4
10 2
2 5
14 4
0 5
1 4
10 4
2 4
2 4
2 3
5 4
4 5
1 3
13 5
4 5
2 4
3 4
4 5
5 5
3 4
5 4
9 5
5 4
4 4
5 3
1 5
7 4
10 4
5 5
0 4
1 4
3 5
2 4
4 4
9 5
27 4
3 4
20 5
1 4
3 4
27 5
64 4
9 5
10 5
2 4
7 5
5 4
5 4
9 5
3 4
5 2
2 4
5 5
0 3
9 5
0 4
6 4
3 4
31 5
0 3
1 3
0 5
0 5
3 4
1 4
7 5
1 5
5 4
4 3
1 4
1 3
2 4
2 4
3 3
2 5
17 5
2 5
4 3
10 2
7 4
10 4
1 4
2 3
6 3
1 4
0 3
2 3
1 4
4 4
1 4
2 4
1 3
1 5
1 5
1 5
0 5
1 4
0 4
3 5
3 3
5 3
4 5
6 3
4 4
1 5
4 3
2 2
9 5
9 3
1 4
7 5
45 4
7 3
27 3
0 3
6 4
0 5
0 4
2 5
6 4
1 4
0 4
6 4
3 4
2 4
3 2
1 4
5 4
1 4
9 3
1 3
5 4
1 4
1 3
5 4
6 4
3 3
1 3
3 5
0 4
1 4
3 3
7 5
1 3
15 5
1 4
1 5
0 4
6 4
8 4
3 4
2 4
1 3
0 3
4 3
5 5
6 4
1 3
2 3
3 5
5 5
14 3
2 5
1 3
5 3
0 4
3 4
0 5
1 5
0 5
12 5
3 3
10 4
1 4
1 4
2 5
1 4
9 4
4 5
5 3
0 3
1 3
4 4
3 5
1 4
1 3
0 4
6 4
2 4
2 5
5 5
1 3
4 3
2 4
9 5
0 2
0 3
68 5
0 4
4 5
1 4
2 3
7 5
0 4
2 3
5 5
0 5
1 4
1 5
0 5
4 4
8 4
19 5
10 4
2 4
0 5
21 4
0 5
26 4
5 5
1 5
4 4
23 3
0 5
9 5
6 5
0 4
