20 4
12 5
22 5
10 4
5 4
5 4
8 4
16 5
6 5
7 5
9 5
3 4
8 5
26 5
2 5
22 5
11 5
8 4
11 4
11 5
16 5
23 5
54 5
19 4
11 5
6 4
30 5
16 4
0 5
33 5
6 5
4 5
7 5
7 4
40 5
21 5
9 5
6 4
4 5
13 4
13 4
16 5
8 4
4 5
7 5
4 5
3 4
8 4
3 5
12 5
24 5
3 5
14 5
16 5
14 5
8 5
11 4
0 4
6 5
31 5
14 5
9 4
0 5
3 5
112 5
32 5
9 5
5 5
9 5
15 4
12 5
35 5
6 4
17 4
29 5
8 4
85 5
0 4
0 4
7 5
1 5
0 4
5 5
0 4
1 5
16 4
2 4
6 4
11 5
5 4
9 5
3 5
4 5
13 5
10 5
7 4
25 5
4 5
8 5
12 4
7 4
4 5
10 4
3 5
10 4
23 5
9 4
1 4
1 4
8 4
12 4
10 5
28 5
43 5
2 4
16 5
0 3
11 5
13 4
38 4
1 4
11 5
8 5
27 5
10 5
5 5
17 5
13 4
9 5
7 4
7 3
20 5
11 5
1 5
0 4
5 5
3 5
0 5
0 5
0 4
0 4
2 4
2 5
6 5
3 5
0 5
3 5
4 5
28 5
5 5
9 5
2 4
3 4
2 5
3 4
11 5
4 4
1 4
12 5
1 5
19 5
11 5
24 4
1 3
7 4
4 3
8 4
20 5
0 3
6 5
3 5
23 5
3 5
7 5
21 4
9 5
23 5
0 4
38 4
3 3
2 4
4 4
4 3
13 5
8 5
1 5
5 4
7 5
14 5
4 5
12 5
2 4
5 5
7 5
6 4
14 5
4 4
14 4
15 4
6 5
17 5
3 5
4 4
7 4
2 4
8 5
5 5
32 5
12 5
16 4
13 5
14 5
5 5
32 5
1 5
11 5
3 5
4 5
8 5
7 4
9 4
3 5
5 5
4 5
12 5
27 5
12 5
11 5
32 5
5 5
9 5
22 4
9 5
16 5
11 5
5 4
58 5
6 5
9 4
4 4
8 5
18 5
5 4
26 5
5 5
7 5
22 5
63 5
3 5
0 3
3 3
1 5
95 5
1 5
16 5
3 5
1 5
7 5
72 5
2 5
1 4
24 5
1 5
0 3
1 5
11 5
9 5
0 5
0 5
5 5
26 5
0 3
7 5
3 5
2 3
16 5
6 5
2 4
4 5
3 5
3 4
4 5
3 5
20 5
28 5
1 5
10 5
1 5
3 4
1 5
2 5
1 5
1 4
0 5
15 5
3 3
3 5
1 5
4 5
8 5
29 5
15 5
7 5
11 5
43 5
1 5
4 4
65 5
11 5
51 5
4 5
1 5
7 5
9 5
12 5
7 5
2 4
14 5
29 5
10 5
1 3
18 5
7 5
37 5
150 5
7 4
28 5
10 5
3 5
10 5
11 3
83 5
28 5
11 3
5 5
22 5
14 5
64 5
1 5
7 5
1 5
1 4
8 5
49 5
50 5
5 4
6 5
4 4
5 5
10 5
7 4
20 5
11 5
40 5
17 5
33 5
1 5
19 5
3 5
13 5
5 5
2 5
1 5
6 5
12 5
7 5
0 5
0 5
2 5
24 5
7 5
6 4
5 5
16 5
0 5
0 5
2 5
4 5
24 5
1 5
1 5
1 5
8 5
2 5
8 4
15 5
3 5
1 5
2 5
21 4
1 5
34 5
2 4
3 5
3 5
1 5
6 5
4 5
34 5
6 5
5 5
3 4
9 5
45 5
3 5
2 5
4 5
4 5
1 5
0 5
7 5
13 5
16 5
39 5
8 5
4 5
20 5
39 5
7 5
7 5
29 5
31 5
7 5
10 5
13 5
187 5
9 5
6 5
6 3
27 5
8 5
8 5
20 3
22 5
1 5
2 3
0 5
39 5
5 5
85 5
2 5
4 5
6 5
3 5
3 5
1 5
12 4
16 5
5 5
3 5
42 5
6 5
30 5
8 5
16 5
5 1
2 5
44 5
25 4
5 5
3 3
4 5
1 5
11 5
7 5
1 5
2 5
3 5
17 5
12 5
0 5
3 5
10 5
7 5
10 5
5 5
3 5
6 5
2 5
1 5
8 5
3 5
41 5
10 5
7 5
2 5
11 4
9 5
73 5
7 5
11 5
27 5
24 5
24 5
5 5
66 5
7 5
11 5
38 5
21 5
1 5
0 4
8 5
41 5
77 5
19 5
14 5
1 5
6 5
5 5
1 5
4 5
5 5
9 5
1 5
4 5
16 5
2 5
1 5
13 4
2 5
6 5
5 5
2 5
1 5
0 5
2 5
7 5
1 4
4 5
3 5
1 5
4 5
1 5
1 5
14 5
9 5
3 5
9 5
9 5
23 5
9 5
4 5
2 5
9 5
4 5
34 5
3 5
0 4
1 5
20 5
34 5
3 5
4 5
2 4
31 5
3 5
7 5
9 5
4 5
30 5
8 5
1 5
2 5
7 5
8 5
20 5
1 5
34 5
11 5
5 5
13 5
6 5
9 5
2 5
14 5
8 5
14 5
11 5
13 5
73 5
8 5
66 4
4 3
2 4
3 5
8 5
11 4
41 5
9 5
12 5
2 5
4 5
17 5
4 4
13 5
2 5
59 5
6 3
24 5
5 4
7 5
3 5
34 5
13 5
5 5
32 5
1 5
7 5
22 5
12 5
38 4
11 3
11 3
7 5
3 4
6 5
0 5
6 5
13 5
4 5
8 5
40 5
2 3
8 5
0 3
12 5
19 5
11 3
0 5
5 4
7 5
16 5
16 3
0 5
14 5
73 5
6 5
18 5
1 5
20 5
5 2
18 5
7 5
12 5
85 5
29 5
10 5
18 5
28 5
26 3
7 4
4 5
16 5
28 5
1 5
4 5
1 5
37 5
70 5
2 5
3 5
5 5
11 5
2 5
7 5
18 5
22 5
6 5
14 5
2 5
0 5
9 5
4 5
7 5
9 3
4 5
18 5
9 5
12 5
28 4
11 5
34 5
5 5
9 5
2 5
13 5
0 5
7 5
3 5
12 5
1 5
17 5
8 5
4 5
5 5
1 3
1 5
7 5
18 5
32 5
0 5
26 5
12 5
3 5
20 5
2 5
8 5
16 5
30 5
27 5
2 5
2 5
209 5
5 5
13 5
6 5
7 5
69 5
30 5
12 5
15 5
60 5
7 4
19 5
31 5
18 5
11 5
17 5
174 5
32 4
7 5
3 3
27 5
18 5
2 5
12 5
21 5
10 4
17 5
2 2
27 4
10 5
8 5
