7 5
28 5
47 5
10 4
36 5
0 3
117 5
4 3
13 5
10 5
6 5
16 5
4 4
3 5
5 5
29 5
17 5
12 5
10 4
7 5
11 5
6 5
8 4
7 2
0 5
3 5
21 5
10 5
11 4
6 5
9 5
2 3
2 5
3 5
4 5
38 5
1 5
6 5
8 5
16 5
20 5
3 5
5 4
9 5
28 5
9 5
1 3
4 5
2 5
1 5
46 4
12 5
4 5
3 5
17 5
6 5
4 4
4 4
11 4
1 4
5 5
19 5
20 3
8 5
18 5
18 5
49 5
4 4
5 5
6 4
2 5
7 5
42 4
27 4
5 5
2 4
5 5
136 5
10 4
1 5
7 5
6 5
7 5
101 5
3 4
4 5
13 5
12 5
94 5
2 3
2 5
11 4
27 5
11 4
7 5
4 5
1 5
4 5
26 5
12 5
61 5
4 4
5 5
1 2
4 5
1 5
6 5
6 5
7 4
15 5
0 5
9 5
3 5
2 4
6 5
2 5
5 5
5 5
2 4
8 5
34 5
0 5
0 2
22 4
3 5
4 5
68 2
0 4
5 2
11 5
21 5
10 5
1 5
13 3
11 5
5 5
22 4
45 4
3 5
1 5
68 5
33 5
0 5
67 5
43 4
11 5
17 3
6 4
2 3
10 5
4 5
20 5
4 5
5 3
1 4
14 4
6 5
3 5
9 5
14 4
4 4
6 5
3 5
1 5
22 5
2 2
29 5
5 5
7 5
4 5
3 5
5 5
6 5
1 5
2 5
4 4
4 5
2 4
11 5
2 5
2 5
9 5
3 5
4 2
4 5
4 5
24 5
4 4
3 4
23 5
30 5
5 5
14 5
2 5
2 4
2 4
10 5
8 5
5 5
5 5
8 5
3 4
39 3
23 5
8 5
5 5
10 5
52 5
16 4
1 5
3 5
4 5
31 5
3 5
0 2
15 4
14 5
0 5
0 5
13 4
4 4
16 5
3 4
5 5
12 5
4 5
11 5
3 4
6 3
4 5
6 4
9 5
1 5
62 5
44 4
7 5
43 5
1 4
31 5
11 4
6 5
6 5
13 5
25 4
25 4
2 4
11 5
9 5
6 3
6 5
2 4
89 5
7 5
13 5
14 5
34 5
28 5
3 3
14 5
12 4
13 4
5 5
35 5
19 4
2 5
11 5
9 5
8 3
1 5
45 4
14 4
65 4
9 5
38 5
94 5
15 5
14 5
3 4
4 5
9 4
6 5
16 5
0 5
13 4
5 5
22 5
33 5
1 5
0 4
2 4
7 5
2 4
1 5
1 5
1 4
4 4
7 5
0 4
0 5
14 4
10 5
1 5
1 4
33 5
4 5
1 5
1 5
0 4
11 5
10 4
49 5
0 4
9 5
0 5
2 3
3 5
3 4
10 5
11 5
1 5
15 5
2 4
4 5
5 5
7 4
7 5
9 5
16 5
5 5
23 5
9 5
3 3
0 5
1 5
1 4
2 5
6 5
14 4
6 4
52 5
3 4
10 5
0 4
1 5
3 4
4 4
0 5
0 4
1 5
2 4
11 5
2 5
18 5
2 5
9 5
8 4
10 5
2 5
0 5
20 3
8 5
1 4
12 4
3 4
9 5
2 4
6 5
6 5
0 5
1 5
2 5
1 5
1 5
3 5
2 5
81 4
3 5
4 5
11 5
34 4
7 3
21 4
9 4
13 5
5 4
9 5
10 5
14 5
70 5
3 4
9 4
11 4
6 2
4 5
3 4
73 4
3 5
16 4
13 5
14 5
3 5
9 5
3 4
2 5
9 5
18 5
1 5
7 5
14 4
86 5
0 5
29 5
3 5
13 5
11 4
52 5
10 4
3 5
1 2
0 4
4 3
3 4
0 4
32 5
4 3
8 5
0 5
47 4
18 3
22 5
17 5
55 5
0 5
7 4
7 5
2 4
0 5
5 5
1 5
24 4
5 4
5 5
1 5
16 4
2 3
3 4
1 4
95 5
20 5
176 4
65 4
2 5
0 5
5 5
0 5
38 5
7 4
16 4
4 3
224 5
20 4
14 5
7 5
1 5
13 5
2 5
8 4
3 5
4 5
2 5
2 5
0 5
3 4
13 5
12 5
3 5
1 5
2 5
1 4
3 5
5 5
86 5
3 4
20 4
2 4
14 5
15 5
20 5
7 1
4 5
1 5
28 5
7 5
4 4
20 4
12 3
32 5
0 3
2 4
22 4
49 5
7 5
45 5
9 5
1 4
1 5
9 4
16 4
2 3
3 4
4 5
66 5
16 4
110 3
0 5
8 4
6 5
45 5
1 5
32 5
3 5
25 5
12 5
2 4
43 5
5 1
10 5
9 5
33 3
0 4
3 4
7 5
12 4
113 5
4 5
2 5
34 3
2 3
8 5
7 5
1 3
11 4
1 4
21 5
108 5
1 5
2 4
15 5
5 5
69 4
3 5
4 5
0 2
9 5
10 5
4 5
4 5
3 5
31 2
4 4
12 4
4 4
4 4
52 5
4 5
5 5
32 4
7 5
3 4
8 2
13 4
6 5
2 5
11 5
5 5
0 5
7 5
0 5
8 5
3 4
45 5
6 5
5 5
1 5
2 4
4 5
2 5
22 5
24 3
1 2
2 5
9 4
31 5
2 5
4 5
3 5
30 5
1 4
4 5
0 5
49 4
520 5
2 4
6 4
2 5
4 5
8 5
19 5
4 4
1 5
2 5
3 5
3 5
5 2
3 5
434 5
44 5
10 4
19 5
30 5
10 4
2 4
10 5
13 4
5 3
12 5
53 5
102 5
29 5
7 5
5 5
16 2
47 5
4 5
7 5
109 5
24 5
8 5
9 4
6 5
8 5
4 5
32 5
6 3
3 5
8 5
85 5
88 5
23 4
5 1
9 4
13 5
16 5
10 5
15 5
10 5
12 5
7 4
48 4
125 5
5 5
3 5
4 4
15 4
24 5
5 4
56 4
23 5
11 4
9 3
21 5
30 5
7 5
4 4
14 5
12 4
4 4
15 5
20 4
399 5
33 4
75 5
37 5
10 5
10 5
7 4
11 5
8 5
3 5
36 5
16 5
13 4
6 5
31 5
5 4
2 5
167 5
21 5
19 5
4 4
3 4
4 5
69 4
2 4
41 5
6 4
13 5
7 5
2 5
12 4
1 5
1 5
43 5
10 5
11 5
0 5
17 4
3 5
7 5
4 5
6 4
1 4
3 5
0 4
4 5
0 4
32 5
2 3
1 4
48 4
41 5
15 5
5 5
2 5
5 5
0 4
15 4
1 5
6 5
6 5
31 5
9 5
2 4
4 5
11 5
12 5
0 4
6 5
2 4
1 4
4 5
1 4
4 1
147 5
5 5
3 5
8 5
21 5
3 5
4 5
3 5
12 5
5 5
0 5
1 5
5 5
11 5
3 5
10 5
6 5
39 5
36 5
2 4
27 5
113 5
5 5
3 5
0 5
2 5
6 5
7 4
3 5
5 5
9 5
0 4
0 5
10 5
4 5
14 5
11 5
6 5
2 4
30 5
3 4
11 5
4 5
10 5
88 5
2 5
30 4
6 4
2 4
36 4
1 5
7 5
2 5
1 5
26 5
6 5
4 5
4 5
2 5
11 5
9 5
2 5
4 4
32 5
4 5
2 5
5 5
24 5
8 5
7 5
14 3
0 5
3 5
17 4
10 5
18 5
3 5
20 5
9 5
3 4
5 5
31 4
10 5
2 5
21 5
7 5
7 5
6 5
4 2
3 4
24 4
13 5
4 5
1 5
214 5
4 4
2 5
7 5
11 5
157 5
11 4
4 5
32 4
2 5
4 5
4 5
2 5
24 5
18 5
16 5
2 5
2 5
19 5
9 4
8 5
8 5
26 5
8 5
13 4
10 5
33 5
0 5
10 4
40 5
14 5
39 5
92 5
4 4
14 4
1 5
4 5
3 5
20 4
20 4
12 5
22 5
52 4
5 5
20 4
12 5
2 4
17 5
19 5
5 5
10 5
7 5
7 4
7 5
14 4
4 5
22 4
43 5
6 4
57 5
3 5
9 5
4 4
7 5
3 5
155 5
5 3
21 5
1 3
21 5
2 5
11 5
19 4
26 5
3 4
4 5
4 5
6 5
43 4
2 5
2 5
6 5
91 5
1 5
0 5
17 2
3 5
4 5
5 4
1 5
2 4
224 4
13 5
17 5
12 5
8 4
4 5
14 4
6 4
12 5
40 5
2 5
3 5
24 5
1 4
8 4
33 5
40 4
6 5
19 5
5 5
30 5
13 5
100 5
14 5
9 4
21 5
2 5
8 5
4 4
7 5
1 5
7 4
6 5
5 5
5 5
55 4
12 5
67 5
4 5
23 4
5 5
22 5
3 4
26 4
6 5
10 5
16 5
33 5
8 5
3 5
30 5
9 5
4 4
24 4
6 5
37 5
1 4
1 2
15 5
41 5
15 5
20 5
144 3
36 5
2 5
35 4
29 5
42 5
30 5
8 4
8 5
3 5
29 1
6 5
3 4
16 5
24 5
13 5
32 5
9 5
33 5
19 5
22 5
28 4
1 5
26 5
19 3
51 5
9 5
10 2
17 5
2 5
126 5
2 4
35 5
7 5
1 3
67 1
10 5
11 5
6 5
