8 3
23 3
2 4
0 4
1 2
1 5
20 3
3 4
3 4
5 4
5 4
4 3
7 5
2 4
25 2
3 3
2 3
6 2
8 5
4 5
30 1
1 3
5 4
14 4
12 5
22 4
2 2
12 3
8 4
6 4
3 4
9 3
2 5
4 5
2 4
3 3
60 3
11 3
5 5
18 5
13 5
4 4
32 4
14 4
7 5
4 5
2 4
4 5
16 4
8 4
6 4
2 3
1 2
6 5
2 5
0 5
1 4
3 4
15 4
7 5
6 5
3 5
8 4
8 3
5 4
4 4
3 5
13 4
37 5
4 3
4 5
8 3
0 4
0 3
2 4
0 3
1 4
1 4
11 4
3 5
6 5
9 3
5 4
8 4
2 3
9 4
4 5
9 3
5 4
1 5
5 4
8 5
1 5
7 5
2 4
4 4
9 5
12 5
5 3
7 5
4 4
2 2
26 5
10 3
0 4
9 4
12 3
22 4
10 5
0 4
4 4
4 4
89 3
8 2
8 5
5 4
9 4
1 4
1 3
13 5
14 4
5 4
3 5
5 3
43 5
12 4
28 4
5 3
3 4
3 5
3 5
3 5
4 5
0 3
3 4
32 3
1 5
3 4
11 5
3 4
5 5
2 4
1 4
27 4
24 4
40 5
28 4
21 5
0 3
2 5
0 4
4 4
7 4
1 3
0 4
11 4
2 4
11 1
3 3
6 5
10 4
2 4
11 4
13 4
6 3
3 5
30 5
4 2
1 4
1 5
4 3
2 4
1 4
5 4
13 4
13 3
6 4
0 5
12 3
7 2
2 4
6 3
4 5
6 4
25 4
11 5
28 3
25 4
3 5
11 2
3 2
21 4
6 2
1 5
19 4
17 4
5 5
4 5
15 3
3 3
23 4
1 4
28 5
1 4
1 3
10 3
38 5
19 4
110 3
3 5
8 4
4 5
5 3
10 4
15 4
0 4
3 4
2 5
23 2
7 5
0 5
8 4
3 3
3 4
23 3
29 4
4 5
4 5
1 3
4 3
3 5
15 5
2 5
11 4
11 4
7 2
3 3
3 3
1 4
1 3
2 5
23 5
11 4
13 5
1 4
2 4
3 5
12 3
0 4
11 2
7 5
6 2
15 3
6 3
6 4
2 3
2 5
12 4
51 4
9 2
7 5
0 2
6 5
20 4
8 4
18 5
2 4
24 4
7 5
5 3
2 4
6 5
2 5
2 3
7 4
2 4
2 4
23 5
6 5
0 3
4 3
5 5
11 4
11 4
1 4
42 5
19 3
4 5
1 4
2 3
4 5
5 4
3 5
2 5
7 4
12 1
13 2
0 4
60 4
29 5
6 5
0 4
2 4
14 5
1 4
14 5
23 4
5 4
33 3
6 5
8 4
1 4
4 4
7 3
11 5
52 5
91 4
28 4
1 4
3 4
6 4
16 5
10 3
5 5
19 4
1 3
6 5
1 4
29 3
0 4
2 5
1 3
2 4
22 4
7 4
2 4
0 4
4 3
50 5
37 5
30 2
6 3
2 5
4 4
5 3
8 4
0 2
28 4
2 5
19 5
16 4
4 3
6 3
21 5
11 4
8 4
5 4
55 5
2 1
0 4
5 5
6 4
1 4
1 4
3 4
4 5
12 5
13 4
3 4
10 5
0 4
4 1
5 3
1 4
18 3
13 4
5 4
0 3
10 4
8 4
2 3
13 5
0 4
4 5
9 4
2 5
14 4
1 4
2 2
2 5
2 4
9 3
0 4
3 3
1 4
13 3
4 3
0 4
4 2
7 4
0 3
2 2
3 4
1 4
3 3
5 3
5 4
0 4
3 4
1 4
5 5
4 4
1 3
8 4
3 4
0 5
6 5
1 5
3 4
14 5
7 5
11 4
3 4
9 5
5 3
13 5
2 4
3 4
1 3
21 5
14 4
2 4
8 3
10 4
18 4
6 4
25 4
14 4
3 5
19 5
6 4
10 4
36 2
7 3
0 4
3 4
8 4
15 4
5 4
7 5
6 5
4 3
6 4
17 3
6 3
7 4
6 5
10 4
11 4
1 5
5 3
10 3
7 4
8 4
3 5
7 2
2 3
10 4
18 3
4 4
8 5
4 4
5 5
4 4
4 3
7 4
3 3
5 4
1 5
6 3
3 4
3 2
28 3
6 4
3 5
0 2
7 4
1 1
1 2
8 2
3 5
4 5
37 4
2 4
0 3
0 3
4 4
1 4
29 5
2 3
2 5
10 5
6 4
1 3
3 4
24 5
