13 5
156 5
3 5
15 4
72 5
20 5
37 5
10 4
88 4
17 4
86 5
18 4
38 4
31 4
11 4
1 3
2 5
4 3
5 4
41 5
12 3
11 4
3 4
194 5
10 5
2 4
115 5
13 1
98 5
1 3
14 5
11 4
12 5
42 5
8 4
20 5
39 5
22 5
30 4
6 4
4 4
15 5
1 5
22 4
9 5
3 4
12 4
3 5
19 5
1 5
21 5
18 5
22 5
0 4
3 5
10 3
1 4
18 4
0 5
6 4
14 4
11 4
3 5
20 5
1 2
4 4
1 5
0 5
12 3
27 5
21 4
3 5
3 3
4 4
32 4
4 5
9 4
3 3
0 3
6 4
35 5
11 4
8 5
1 5
0 5
17 5
10 5
6 3
5 5
7 5
4 5
49 5
12 3
7 2
1 4
7 4
1 4
15 5
50 5
17 5
82 5
0 4
4 4
80 3
4 3
3 3
2 3
32 5
2 4
36 4
11 5
123 5
12 2
2 3
3 4
0 4
17 3
9 4
9 4
20 5
17 3
42 5
4 4
30 4
15 4
95 4
30 5
1 4
439 5
62 4
49 5
112 5
681 5
2 4
8 5
6 5
110 5
6 5
4 4
5 5
66 2
4 4
9 3
82 5
27 5
10 3
10 4
40 5
24 5
7 4
20 3
58 5
44 5
8 5
28 4
31 4
10 5
1 5
7 4
8 5
15 5
11 2
10 4
10 4
171 5
3 3
10 5
25 5
10 5
32 5
6 5
2 5
37 4
3 4
5 5
65 5
24 4
47 4
70 5
4 5
194 5
72 5
4 4
5 3
20 4
15 4
6 4
7 5
12 5
4 4
9 5
6 5
110 5
40 5
69 5
62 4
88 5
29 5
13 4
6 4
7 4
10 4
264 5
6 4
96 5
104 5
20 5
2 4
8 2
142 5
90 5
2 4
297 5
125 4
9 5
66 5
6 4
73 5
4 3
26 4
2 4
96 4
70 3
4 4
10 5
186 5
94 4
36 4
14 5
15 5
1 5
192 4
32 5
56 5
7 4
31 4
8 4
0 5
2 5
241 5
21 4
109 5
13 5
373 5
29 4
95 5
5 3
2 4
140 4
35 5
296 5
127 5
12 3
13 5
16 5
6 4
26 5
13 5
14 2
192 5
66 5
39 5
38 4
10 4
41 4
76 5
157 5
6 4
41 5
7 5
7 4
61 5
5 5
31 4
8 3
533 5
20 4
13 5
2 4
17 4
87 5
32 3
69 4
12 5
6 4
11 4
186 4
6 5
10 4
355 5
78 2
12 1
41 5
9 4
3 4
11 4
52 5
28 5
21 5
8 4
5 4
35 5
7 3
4 4
47 4
15 2
8 4
6 3
0 3
2 3
17 4
4 3
22 5
10 4
2 4
33 4
20 4
27 2
17 3
8 4
46 5
117 4
211 4
8 4
4 3
1 4
19 5
62 5
6 3
6 3
4 5
23 3
28 5
91 4
13 5
28 4
42 5
3 4
9 5
177 5
57 5
17 5
25 4
14 4
15 4
10 4
7 4
21 4
5 3
137 5
18 5
65 4
46 4
12 4
16 4
31 4
8 3
6 3
15 4
410 4
19 2
28 4
39 4
31 3
13 2
18 4
10 3
19 5
17 4
2 4
13 4
117 5
39 4
9 4
94 5
25 5
8 5
4 4
316 4
134 5
14 5
60 5
10 5
11 5
6 4
15 5
78 5
20 4
17 4
5 4
8 5
15 3
94 4
0 5
68 5
5 3
2 5
54 4
73 4
174 5
4 5
3 3
337 4
23 3
269 5
84 4
18 5
26 1
724 4
39 5
9 2
12 4
35 4
9 5
22 4
8 5
16 3
5 5
63 4
5 4
22 3
1 5
61 3
13 3
70 4
2 3
15 4
2 4
33 3
0 4
49 5
57 3
10 4
22 5
10 4
7 3
55 4
35 5
7 4
83 3
28 3
21 2
74 3
27 5
41 5
195 4
151 4
34 4
4 4
5 4
67 4
20 2
15 4
37 3
27 3
48 3
95 4
102 4
8 2
4 3
3 3
29 5
64 5
242 5
13 3
94 4
38 4
16 4
42 4
27 4
9 4
31 3
56 4
35 4
10 5
103 5
63 3
26 2
22 4
44 5
16 5
2 3
16 5
12 3
19 5
61 4
7 4
7 4
