18 5
0 5
2 5
0 4
4 4
1 4
0 5
9 4
2 4
28 5
0 5
2 5
7 4
25 4
8 5
13 4
39 5
3 5
234 5
1 4
1 5
2 4
8 5
10 4
17 5
4 3
6 5
7 2
15 4
6 4
10 5
6 5
51 5
6 5
7 3
6 4
4 4
10 5
7 4
24 4
21 4
12 5
2 4
15 5
13 3
7 5
3 5
8 5
4 4
17 4
1 3
20 3
7 4
12 3
1 3
19 5
0 4
21 1
4 5
14 1
15 3
10 3
5 4
20 3
4 4
6 5
9 5
4 5
1 4
3 5
11 5
18 5
21 4
7 5
11 5
1 3
20 5
8 5
9 5
0 3
3 4
3 5
50 5
6 4
2 5
1 5
56 5
9 4
142 5
13 4
14 3
1 4
25 3
6 5
26 1
11 5
15 5
2 5
13 5
96 3
9 5
23 5
5 5
25 5
59 3
7 3
0 5
22 4
6 4
54 5
10 4
337 5
23 5
5 4
6 3
21 5
25 1
23 4
23 5
57 3
7 5
7 5
14 5
6 4
11 4
24 5
7 3
2 2
22 5
81 5
4 2
1 4
66 1
20 2
17 2
4 4
8 4
5 4
6 2
105 5
41 1
32 5
6 5
8 5
9 5
15 1
25 2
4 5
7 2
9 3
10 4
103 5
6 3
9 2
12 5
9 3
30 1
9 5
10 4
19 5
8 5
10 5
3 5
5 3
7 3
11 3
21 1
88 5
31 3
0 4
9 5
32 5
6 2
7 4
25 1
9 3
3 5
6 2
3 5
44 4
10 5
2 5
1 4
11 2
36 5
2 5
2 4
12 4
61 5
1 5
8 4
79 5
7 5
14 3
16 5
6 4
24 5
81 5
3 5
12 5
25 5
7 5
59 5
9 2
2 3
11 2
7 2
9 4
6 3
2 5
10 3
13 4
6 4
6 4
28 3
93 5
22 2
28 5
4 3
26 5
86 5
4 4
7 3
0 5
15 5
14 5
34 5
1 3
9 5
2 3
3 3
29 4
40 5
7 5
9 1
73 5
3 3
17 3
22 5
0 5
3 5
12 5
524 5
6 3
5 5
7 5
12 2
130 5
6 3
2 5
3 3
26 5
4 5
2 4
10 4
6 4
32 4
4 4
17 4
69 5
14 5
4 5
11 3
22 1
20 3
5 3
3 5
19 5
27 2
17 4
9 4
5 3
10 4
617 3
4 4
24 1
38 5
3 3
6 5
58 5
2 5
8 5
26 5
147 5
24 5
5 4
62 5
4 4
10 4
1 4
3 4
15 4
23 5
6 5
43 4
27 5
36 5
30 5
14 5
2 4
6 4
26 5
31 2
56 4
13 3
6 4
55 5
8 5
6 5
7 3
12 4
30 5
24 2
3 5
4 4
2 5
7 3
67 5
16 5
5 2
8 5
2 4
10 4
25 5
148 5
7 5
46 5
15 3
40 5
26 2
5 4
18 5
17 4
7 4
11 5
33 4
4 3
28 4
40 5
1 5
90 5
4 4
7 3
35 5
2 4
1 5
60 5
13 4
96 5
15 1
7 5
4 4
105 1
12 3
43 5
13 3
197 2
19 4
6 4
44 5
5 4
8 4
205 5
41 5
2 4
24 4
16 5
6 5
10 5
7 4
2 5
28 5
31 4
36 5
20 5
40 5
23 4
6 3
2 4
23 5
6 5
0 4
3 4
1 3
9 3
3 4
8 4
16 5
7 5
82 4
6 4
25 5
3 5
5 5
8 3
4 4
9 4
11 3
14 4
25 5
2 5
1 4
3 3
28 5
28 4
21 4
53 3
13 5
4 5
31 2
7 2
19 4
7 3
37 5
1 3
22 4
5 4
40 5
11 3
18 5
23 5
18 5
4 3
22 5
33 4
64 5
47 5
54 5
36 4
39 5
13 4
5 3
28 4
7 5
2 4
61 5
25 5
11 4
51 5
11 5
14 3
87 5
8 3
15 4
9 3
6 5
6 2
8 3
17 3
99 5
0 4
17 1
6 3
24 5
4 5
22 5
29 5
9 4
14 5
9 5
4 3
38 5
28 5
2 5
2 4
37 4
1 5
154 5
12 5
19 4
4 5
24 5
20 5
4 4
9 5
5 3
13 5
10 5
15 5
12 5
3 4
2 4
8 3
40 5
13 5
15 3
28 4
36 4
7 5
28 5
4 5
89 3
7 4
7 4
19 5
40 5
22 5
8 3
3 4
4 4
2 3
8 4
19 5
18 3
8 3
43 1
7 3
3 3
10 3
67 5
6 5
32 5
2 3
12 5
8 5
3 3
6 5
7 3
31 5
21 5
11 4
2 3
4 4
9 4
124 5
2 4
7 4
10 4
52 5
4 3
187 5
14 5
29 4
21 3
7 3
17 1
6 5
6 5
28 5
335 5
32 1
18 4
4 3
31 5
32 5
10 3
49 5
9 3
4 2
12 2
5 5
11 2
14 4
43 5
10 3
38 4
11 2
5 3
3 3
71 5
21 4
16 5
4 2
14 2
22 1
4 3
1 5
0 4
12 3
2 5
5 2
4 3
3 2
7 3
52 5
3 5
48 1
10 2
2 3
19 3
5 4
4 4
9 3
5 3
8 5
5 3
30 2
2 3
2 5
1 3
1 4
8 5
17 5
21 1
12 3
9 2
6 1
5 2
0 5
2 3
7 2
2 4
12 5
3 5
1 5
4 2
6 3
8 1
34 4
5 3
5 2
0 5
2 5
0 4
51 5
3 5
16 5
13 1
10 1
5 5
1 5
2 4
2 2
2 4
14 2
7 4
9 3
50 5
21 5
82 1
4 5
15 3
7 3
81 5
95 5
2 3
46 1
36 2
32 2
22 5
50 5
8 3
11 5
2 5
57 1
17 4
8 5
8 3
64 4
8 4
91 1
20 1
12 5
44 1
18 3
15 5
5 4
8 5
10 4
28 5
0 4
20 5
53 4
53 5
2 3
2 4
3 3
3 3
29 5
5 5
111 5
11 3
3 4
7 3
5 4
21 3
4 3
4 3
19 5
2 3
11 4
14 3
4 3
4 3
20 3
3 3
7 5
1 4
15 5
4 5
11 3
20 3
0 4
4 3
18 4
3 4
9 5
4 3
5 4
9 4
3 5
2 3
85 5
3 3
30 5
45 5
5 3
2 3
0 3
2 4
12 5
1 3
0 4
6 4
13 5
39 4
30 5
8 4
20 3
9 4
4 5
0 5
42 5
8 4
57 5
134 5
8 5
3 4
24 4
5 4
4 4
5 3
9 4
2 4
3 5
8 5
10 3
28 4
5 5
2 3
5 4
8 3
11 5
6 5
18 5
41 5
5 3
22 2
6 2
9 2
0 5
28 4
26 1
22 3
11 2
18 4
2 3
14 3
72 5
9 4
7 4
12 5
30 4
32 5
11 3
12 5
10 5
7 5
0 5
6 3
0 3
11 4
16 5
59 4
5 3
100 5
6 3
52 5
85 5
59 5
20 5
1 5
42 5
18 5
2 3
1 4
4 4
21 3
5 5
21 2
4 3
24 5
332 5
3 5
12 3
12 3
19 5
1 3
66 5
48 4
28 5
8 2
1 4
9 5
5 4
30 5
9 2
3 5
10 5
9 4
2 3
1 5
29 3
0 5
11 5
0 5
2 4
5 4
3 3
0 5
69 5
3 5
4 5
14 5
8 3
34 5
12 4
12 4
43 4
0 5
10 2
5 5
11 2
2 5
82 4
7 3
32 4
16 5
4 2
6 2
5 4
32 5
16 2
27 4
