15 5
4 4
5 5
18 5
27 4
54 5
5 4
15 4
2 3
2 4
7 4
6 3
0 4
3 3
2 5
12 4
13 5
3 4
28 5
11 4
1 4
8 4
43 5
16 5
18 2
8 3
10 4
3 4
15 2
2 4
8 5
2 4
11 3
36 4
3 4
7 5
31 4
9 4
6 3
4 3
8 4
17 4
0 3
13 3
2 5
8 4
10 5
11 5
10 5
27 3
12 4
8 3
12 3
4 3
24 3
15 5
7 4
8 4
3 3
19 4
1 4
7 3
7 5
13 2
74 5
14 4
15 3
4 3
13 4
2 3
312 4
9 5
7 3
5 3
9 5
1 3
1 4
10 3
9 3
3 4
13 4
3 5
8 3
6 5
5 3
15 4
0 3
51 4
1 3
5 3
1 5
25 4
12 3
27 4
7 3
14 4
8 3
37 2
4 4
6 4
14 3
5 3
1 4
3 3
6 2
60 5
1 5
50 5
120 3
14 4
1 5
3 3
7 5
0 5
65 4
21 3
11 4
32 3
22 3
8 4
5 4
7 5
9 1
3 4
12 3
5 5
20 5
5 5
7 5
11 4
18 4
1 4
15 3
7 4
34 3
4 3
12 4
29 3
4 2
5 3
7 3
32 4
5 3
2 3
1 3
6 3
13 4
43 5
10 3
42 5
2 3
5 4
52 4
6 2
12 5
10 3
5 4
37 4
4 3
2 4
14 2
74 4
2 4
2 3
11 5
1 5
6 3
2 5
0 4
5 5
14 3
14 3
30 5
0 3
2 5
5 5
10 4
1 3
1 3
14 4
8 3
4 4
19 5
8 5
3 4
20 5
4 2
0 4
0 4
11 4
5 5
13 5
0 3
0 3
5 3
6 3
2 3
1 4
9 3
5 3
8 5
13 5
4 3
2 2
9 3
3 5
3 4
12 5
16 4
15 1
3 5
13 2
14 5
10 3
2 5
17 3
11 2
0 5
14 4
3 3
1 3
8 2
1 4
22 2
2 4
26 5
9 4
12 3
4 5
9 5
1 3
6 4
8 5
14 5
265 3
16 5
25 5
2 3
19 3
3 3
2 3
9 4
6 5
2 5
6 5
2 3
23 2
1 3
14 3
4 5
41 3
3 4
5 3
1 5
14 4
6 3
6 4
39 3
3 3
34 5
0 4
19 3
3 5
2 4
0 3
54 5
2 5
1 4
2 4
0 5
2 4
40 5
13 4
1 2
0 3
0 5
1 3
4 3
3 3
12 3
3 5
10 5
0 3
5 2
7 3
0 2
5 3
12 4
28 2
5 3
1 5
2 2
8 4
17 3
3 5
7 4
5 4
7 4
1 3
8 2
7 4
2 3
17 5
11 3
4 5
23 5
2 5
1 2
4 5
1 5
20 2
57 5
5 3
4 4
0 4
3 5
10 5
54 5
10 3
7 4
21 1
7 5
9 3
0 3
1 3
1 3
13 1
10 5
1 5
5 2
6 5
17 4
108 2
4 2
9 3
2 3
2 3
3 2
14 4
9 4
1 4
8 3
10 3
34 5
11 3
22 3
7 5
2 5
21 4
1 5
3 3
1 5
9 5
3 3
6 3
3 4
1 5
6 3
2 4
4 4
0 2
0 4
9 5
2 4
2 4
1 4
1 5
10 3
0 5
0 3
8 5
0 4
5 5
5 5
1 4
2 4
1 2
3 5
9 3
5 5
1 4
2 5
1 5
4 5
2 3
3 4
3 5
2 4
5 5
15 5
1 5
0 3
4 4
11 3
1 5
33 5
1 5
18 2
6 4
15 3
13 5
1 5
14 2
18 5
2 3
3 2
10 4
4 4
3 5
1 5
1 4
2 5
3 4
2 3
8 2
29 4
4 5
2 5
3 3
7 4
5 4
10 3
10 5
1 3
6 4
6 3
0 4
6 2
0 3
2 2
5 5
4 5
2 3
8 2
8 2
3 2
5 3
12 4
20 4
13 5
9 4
5 1
0 5
2 2
17 5
0 1
1 5
1 4
0 5
2 4
1 3
1 5
1 5
4 4
36 5
7 5
23 5
8 5
9 3
50 1
2 4
6 4
1 3
1 4
1 5
10 2
1 5
2 5
4 4
1 5
0 5
9 1
0 2
0 2
16 3
1 5
3 2
4 1
4 4
2 4
2 4
3 4
0 3
8 5
3 4
0 2
0 3
0 4
3 5
1 4
11 1
1 2
2 4
3 5
0 5
1 4
6 2
4 5
2 4
38 3
1 2
0 3
11 5
2 2
8 5
6 2
23 4
11 4
0 3
8 2
3 2
0 5
0 2
12 3
1 4
2 5
4 4
4 5
6 2
0 4
0 3
3 4
0 5
1 2
2 3
12 5
13 2
11 2
9 5
5 4
5 5
2 2
18 4
16 3
15 1
18 1
1 3
4 2
3 4
2 4
2 5
4 2
9 4
3 5
2 4
3 4
4 5
3 5
1 3
8 5
18 4
7 4
0 5
6 3
0 5
2 5
14 5
17 4
5 5
2 4
0 4
2 3
2 3
1 4
2 5
11 5
5 5
7 5
4 5
10 4
4 3
1 5
4 2
0 5
1 5
5 5
13 2
4 2
0 4
16 3
14 5
0 4
2 3
5 3
2 4
0 4
0 5
7 5
5 4
1 5
11 5
14 4
19 5
9 1
6 4
