6 5
49 5
3 5
2 5
5 5
0 5
7 5
4 5
4 5
5 5
8 5
4 4
2 5
0 5
13 5
0 5
5 5
84 5
3 5
7 5
8 5
3 5
18 5
5 5
3 5
5 5
1 5
212 5
0 5
1 5
1 5
20 5
16 3
13 5
6 5
27 5
11 5
7 5
14 5
25 5
4 4
0 5
8 5
0 5
0 5
55 5
15 5
11 5
0 5
21 5
102 5
3 5
14 5
0 5
5 5
18 3
2 5
0 5
39 5
189 5
69 5
0 5
1 5
2 5
0 5
1 5
18 5
9 5
15 5
7 5
2 5
15 5
20 5
7 5
8 5
3 5
4 5
5 5
5 5
30 5
4 5
8 5
6 5
47 5
2 5
1 5
23 5
4 5
0 5
1 5
2 5
5 5
47 5
13 5
8 5
86 5
3 5
9 5
2 5
9 5
13 5
26 5
0 5
0 5
17 5
4 5
26 5
151 5
0 5
14 4
6 5
5 5
37 5
28 4
7 5
6 5
23 5
4 5
17 5
0 5
3 5
4 5
8 5
10 5
10 5
79 5
0 5
5 4
4 5
8 5
10 4
67 5
6 5
171 5
12 4
21 5
0 5
21 1
107 5
0 5
20 5
4 5
28 5
4 5
7 5
5 5
19 5
0 5
5 5
4 5
6 5
3 5
7 5
11 1
2 5
8 4
43 4
15 1
5 5
17 5
0 5
3 5
8 5
6 5
8 5
7 3
1 5
6 5
5 5
0 5
1 5
0 5
14 5
0 5
2 5
3 5
2 5
2 5
4 5
2 5
2 5
1 5
2 5
14 4
1 5
5 5
4 5
0 5
3 5
28 5
1 4
23 5
5 5
16 5
4 5
20 5
6 5
8 5
2 5
11 5
12 5
84 5
17 5
11 5
14 5
0 5
20 5
57 5
164 5
5 5
7 5
29 5
5 5
20 5
14 4
14 5
22 5
52 5
3 5
23 4
2 4
0 5
4 4
3 5
2 5
10 5
18 4
6 5
9 5
3 5
4 5
16 5
7 5
79 5
23 5
1 4
4 5
0 5
17 5
68 5
0 5
8 5
0 5
0 5
9 4
11 5
3 5
3 5
2 5
12 5
18 5
6 4
0 5
25 5
0 5
31 5
18 5
0 3
3 5
5 5
0 5
5 5
32 5
2 5
4 5
97 5
0 5
0 5
23 5
36 5
2 5
3 5
0 5
0 5
0 5
0 5
1 4
8 5
3 5
3 5
2 5
3 5
35 5
4 5
0 5
0 5
1 5
0 5
28 5
6 5
99 5
2 5
2 5
4 5
1 5
5 4
13 5
14 5
3 5
7 5
25 5
30 5
1 5
3 5
2 5
3 5
1 5
37 5
7 5
1 5
2 5
8 5
6 5
1 5
17 5
216 5
1 5
53 5
6 5
2 4
12 5
0 5
48 5
2 4
2 5
1 5
33 5
2 5
12 5
8 5
16 5
32 5
6 5
6 5
4 5
3 5
3 5
11 5
5 5
5 5
0 4
2 5
41 5
78 5
40 5
2 5
2 5
26 5
60 5
22 5
138 5
0 4
1 5
21 5
1 5
6 5
31 5
6 5
6 5
0 5
4 5
2 5
0 5
5 5
10 5
42 5
7 5
1 5
6 5
35 5
0 5
14 5
9 5
0 5
8 5
2 5
4 5
0 5
8 5
5 5
16 5
8 5
14 4
16 5
6 5
1 5
8 5
15 5
3 5
9 5
48 5
8 5
1 5
83 5
19 5
5 5
4 5
24 5
14 5
26 5
16 5
4 5
8 5
6 5
7 5
4 5
1 5
10 5
2 5
23 5
22 5
11 5
8 5
6 5
59 5
6 5
11 5
9 5
12 5
23 4
43 5
37 5
5 5
14 5
11 5
0 4
6 5
12 5
10 5
11 5
13 5
22 5
1 5
12 5
565 5
126 4
17 5
7 5
4 5
12 3
6 3
6 5
15 5
7 5
10 5
2 5
12 5
11 1
48 5
40 5
14 5
5 5
16 5
13 5
17 5
10 4
4 5
36 4
3 5
37 2
1 4
4 1
12 5
86 5
4 5
4 5
39 5
30 5
109 5
5 5
75 5
11 5
17 5
11 5
1 5
1 5
3 5
9 5
8 5
28 5
11 5
7 5
5 5
21 5
17 5
18 4
6 4
1 1
4 5
3 5
5 5
18 5
70 5
29 5
13 5
1 5
8 5
9 4
120 5
32 5
6 5
136 5
3 5
3 5
4 5
7 5
2 5
3 5
25 5
11 5
8 5
2 5
52 5
7 5
93 5
11 4
45 5
2 5
2 5
32 5
16 5
2 5
12 5
8 5
6 5
1 5
18 5
4 5
8 5
5 5
8 5
10 3
28 5
7 5
43 5
3 3
217 5
44 5
5 5
7 5
20 5
1 5
37 5
11 5
49 5
15 5
17 5
4 5
2 5
0 5
13 5
2 5
10 5
1 5
15 5
13 5
1 5
5 5
16 1
4 5
6 5
7 5
12 5
38 5
5 4
26 5
10 5
12 5
24 4
25 5
5 5
60 1
48 5
16 5
9 5
63 5
4 5
18 5
4 4
9 5
0 5
23 5
7 5
15 5
34 5
59 5
24 5
0 5
3 5
23 5
24 1
18 5
3 5
12 5
3 5
8 5
13 5
21 5
3 5
4 5
0 5
3 5
146 5
71 5
16 5
182 5
22 5
21 5
2 5
5 5
14 5
3 5
1 5
28 5
12 5
12 5
2 5
2 5
2 5
32 5
18 5
372 5
69 5
0 5
99 5
10 5
50 5
1 5
227 5
13 5
2 5
4 5
20 5
15 5
2 5
0 5
0 5
28 5
3 5
25 5
13 1
20 5
3 5
17 5
3 5
173 5
3 5
22 5
14 5
24 5
50 1
0 5
