9 5
13 4
7 5
20 5
11 5
11 4
18 5
7 5
13 4
18 4
2 5
3 5
42 4
27 5
20 5
11 4
44 5
127 5
31 4
65 4
5 5
5 5
4 5
6 5
12 5
7 5
56 5
17 5
70 5
143 5
16 5
17 5
23 5
11 5
11 5
14 5
14 5
17 5
12 5
12 5
14 5
19 5
30 5
16 5
17 5
17 4
15 5
19 5
15 5
13 5
203 5
17 4
15 5
19 5
17 5
14 5
11 5
0 5
16 4
20 4
100 4
17 5
71 5
16 5
14 5
21 4
79 5
24 4
42 5
10 5
79 5
16 5
22 4
51 5
16 4
10 5
21 5
34 5
971 5
683 5
11 5
7 4
37 5
17 5
65 4
13 5
16 5
10 4
11 5
22 5
200 5
18 5
14 5
17 4
6 4
19 5
18 5
42 5
28 5
19 4
31 5
25 5
33 5
31 5
14 5
39 5
9 4
13 5
7 4
16 4
26 5
17 5
23 5
31 5
6 5
8 5
14 4
12 3
65 5
21 4
10 5
25 5
24 5
14 5
20 5
43 5
12 5
27 4
73 5
18 5
17 4
14 5
12 5
34 4
11 5
34 5
17 5
14 5
32 5
9 5
7 4
9 4
27 5
41 5
9 4
25 4
27 5
17 5
57 3
135 5
54 5
14 5
23 5
14 5
121 5
11 5
33 4
11 5
11 4
24 4
42 5
6 5
5 5
9 5
7 5
13 5
13 4
14 5
23 5
15 5
42 5
20 5
13 5
5 4
6 4
137 5
83 5
15 5
13 5
16 5
18 5
12 5
8 5
15 4
33 4
4 4
16 4
43 5
7 5
7 5
29 4
19 5
10 4
21 5
10 5
11 4
8 4
44 4
10 5
119 5
8 1
124 5
9 4
241 5
44 4
30 5
22 4
14 5
28 4
33 4
12 5
13 5
34 3
21 5
10 4
25 2
16 5
14 4
16 4
8 5
10 5
26 4
4 5
95 5
11 5
48 4
19 4
15 4
190 5
13 5
41 5
15 5
138 5
7 5
8 3
22 3
44 5
10 5
50 5
8 5
10 4
12 4
18 4
12 4
7 4
44 5
10 4
17 5
29 4
33 4
75 5
41 5
7 5
11 5
12 5
18 5
30 5
11 5
8 5
31 5
11 5
15 5
44 3
15 4
12 4
23 5
7 4
4 4
18 4
7 4
84 4
23 5
14 4
15 5
131 5
28 5
20 4
9 5
22 5
124 5
43 4
81 5
73 5
54 5
145 5
21 3
9 4
5 4
4 4
9 4
16 4
8 4
11 4
8 5
6 5
51 5
2 5
9 4
19 5
30 5
15 5
67 5
37 5
13 5
14 5
28 4
64 5
22 4
21 4
90 5
22 5
13 4
356 5
16 5
99 5
20 5
25 5
21 5
80 5
54 5
21 5
30 5
25 5
16 5
27 5
21 5
43 5
14 5
31 5
25 5
19 5
157 5
53 5
9 5
36 5
24 4
79 5
10 5
13 2
5 5
37 5
16 4
33 5
8 5
43 5
37 5
116 5
61 4
32 5
6 5
56 5
70 5
23 5
77 5
18 5
17 5
35 5
20 5
10 5
12 5
36 5
46 1
21 3
12 1
19 5
13 5
38 5
42 5
7 5
32 5
11 4
8 5
24 5
7 5
21 5
63 5
21 5
133 4
57 5
32 1
28 5
62 1
11 5
53 4
39 5
32 4
53 4
14 5
29 5
30 5
60 5
213 5
106 5
36 5
49 5
84 5
27 5
37 3
56 5
51 5
507 5
68 4
82 5
35 3
51 5
59 5
40 5
60 5
67 4
20 5
36 5
14 5
58 4
59 5
41 4
31 5
24 5
2 5
20 1
13 5
23 5
40 5
25 5
41 5
51 5
25 5
37 5
19 5
65 4
22 4
118 1
31 5
29 4
33 5
20 5
37 4
19 4
24 5
44 5
65 5
22 4
92 5
43 5
35 2
650 5
41 5
59 4
117 4
125 5
40 4
56 4
19 5
1 5
41 5
84 5
97 5
204 4
18 4
22 5
76 4
14 4
16 4
0 4
28 5
22 4
42 4
19 5
28 4
25 5
79 5
31 5
135 5
79 5
15 5
28 5
177 5
56 5
35 4
33 4
23 5
35 5
27 5
30 1
42 4
59 5
28 4
112 5
28 5
7 5
88 5
62 5
17 5
114 5
43 5
47 5
16 5
2 5
52 5
29 5
62 4
39 5
53 5
30 4
47 4
38 4
43 5
17 5
51 4
19 4
51 5
93 5
17 4
135 5
41 5
204 5
13 5
137 1
160 3
63 4
11 5
84 5
50 5
136 5
104 5
129 5
66 5
200 5
26 5
66 5
156 5
31 5
14 4
69 5
