9	5	10	0.9
13	4	13	1
7	5	8	0.875
20	5	20	1
11	5	13	0.846154
11	4	16	0.6875
18	5	22	0.818182
7	5	10	0.7
13	4	20	0.65
18	4	20	0.9
2	5	3	0.666667
3	5	4	0.75
42	4	46	0.913043
27	5	34	0.794118
20	5	25	0.8
11	4	14	0.785714
44	5	53	0.830189
127	5	148	0.858108
31	4	34	0.911765
65	4	72	0.902778
5	5	5	1
5	5	5	1
4	5	5	0.8
6	5	7	0.857143
12	5	14	0.857143
7	5	8	0.875
56	5	60	0.933333
17	5	17	1
70	5	80	0.875
143	5	167	0.856287
16	5	17	0.941176
17	5	17	1
23	5	30	0.766667
11	5	11	1
11	5	11	1
14	5	15	0.933333
14	5	15	0.933333
17	5	17	1
12	5	12	1
12	5	12	1
14	5	15	0.933333
19	5	20	0.95
30	5	31	0.967742
16	5	16	1
17	5	17	1
17	4	17	1
15	5	15	1
19	5	19	1
15	5	15	1
13	5	13	1
203	5	221	0.918552
17	4	17	1
15	5	16	0.9375
19	5	19	1
17	5	17	1
14	5	14	1
11	5	11	1
0	5	0	0
16	4	16	1
20	4	20	1
100	4	104	0.961538
17	5	22	0.772727
71	5	83	0.855422
16	5	17	0.941176
14	5	19	0.736842
21	4	23	0.913043
79	5	86	0.918605
24	4	30	0.8
42	5	54	0.777778
10	5	10	1
79	5	93	0.849462
16	5	20	0.8
22	4	23	0.956522
51	5	54	0.944444
16	4	24	0.666667
10	5	11	0.909091
21	5	25	0.84
34	5	34	1
971	5	1138	0.853251
683	5	746	0.91555
11	5	12	0.916667
7	4	7	1
37	5	38	0.973684
17	5	22	0.772727
65	4	108	0.601852
13	5	15	0.866667
16	5	16	1
10	4	10	1
11	5	11	1
22	5	24	0.916667
200	5	211	0.947867
18	5	23	0.782609
14	5	14	1
17	4	17	1
6	4	7	0.857143
19	5	21	0.904762
18	5	19	0.947368
42	5	50	0.84
28	5	29	0.965517
19	4	20	0.95
31	5	35	0.885714
25	5	28	0.892857
33	5	35	0.942857
31	5	35	0.885714
14	5	18	0.777778
39	5	40	0.975
9	4	9	1
13	5	15	0.866667
7	4	7	1
16	4	17	0.941176
26	5	27	0.962963
17	5	18	0.944444
23	5	25	0.92
31	5	35	0.885714
6	5	6	1
8	5	8	1
14	4	14	1
12	3	13	0.923077
65	5	70	0.928571
21	4	29	0.724138
10	5	11	0.909091
25	5	25	1
24	5	25	0.96
14	5	15	0.933333
20	5	20	1
43	5	54	0.796296
12	5	13	0.923077
27	4	28	0.964286
73	5	80	0.9125
18	5	19	0.947368
17	4	20	0.85
14	5	16	0.875
12	5	12	1
34	4	38	0.894737
11	5	12	0.916667
34	5	38	0.894737
17	5	18	0.944444
14	5	14	1
32	5	33	0.969697
9	5	9	1
7	4	10	0.7
9	4	9	1
27	5	27	1
41	5	41	1
9	4	13	0.692308
25	4	27	0.925926
27	5	28	0.964286
17	5	20	0.85
57	3	92	0.619565
135	5	156	0.865385
54	5	60	0.9
14	5	17	0.823529
23	5	31	0.741935
14	5	21	0.666667
121	5	126	0.960317
11	5	13	0.846154
33	4	35	0.942857
11	5	11	1
11	4	11	1
24	4	27	0.888889
42	5	46	0.913043
6	5	8	0.75
5	5	7	0.714286
9	5	11	0.818182
7	5	8	0.875
13	5	13	1
13	4	14	0.928571
14	5	19	0.736842
23	5	26	0.884615
15	5	15	1
42	5	47	0.893617
20	5	22	0.909091
13	5	13	1
5	4	7	0.714286
6	4	7	0.857143
137	5	142	0.964789
83	5	94	0.882979
15	5	16	0.9375
13	5	15	0.866667
16	5	17	0.941176
18	5	23	0.782609
12	5	13	0.923077
8	5	8	1
15	4	18	0.833333
33	4	33	1
4	4	4	1
16	4	16	1
43	5	52	0.826923
7	5	10	0.7
7	5	8	0.875
29	4	32	0.90625
19	5	20	0.95
10	4	13	0.769231
21	5	25	0.84
10	5	12	0.833333
11	4	11	1
8	4	8	1
44	4	49	0.897959
10	5	13	0.769231
119	5	125	0.952
8	1	12	0.666667
124	5	131	0.946565
9	4	9	1
241	5	264	0.912879
44	4	50	0.88
30	5	31	0.967742
22	4	28	0.785714
14	5	15	0.933333
28	4	34	0.823529
33	4	40	0.825
12	5	14	0.857143
13	5	13	1
34	3	51	0.666667
21	5	23	0.913043
10	4	11	0.909091
25	2	60	0.416667
16	5	24	0.666667
14	4	19	0.736842
16	4	19	0.842105
8	5	8	1
10	5	11	0.909091
26	4	27	0.962963
4	5	4	1
95	5	103	0.92233
11	5	13	0.846154
48	4	77	0.623377
19	4	20	0.95
15	4	22	0.681818
190	5	194	0.979381
13	5	14	0.928571
41	5	43	0.953488
15	5	15	1
138	5	153	0.901961
7	5	12	0.583333
8	3	8	1
22	3	35	0.628571
44	5	45	0.977778
10	5	17	0.588235
50	5	61	0.819672
8	5	9	0.888889
10	4	12	0.833333
12	4	14	0.857143
18	4	24	0.75
12	4	14	0.857143
7	4	7	1
44	5	45	0.977778
10	4	12	0.833333
17	5	19	0.894737
29	4	36	0.805556
33	4	33	1
75	5	79	0.949367
41	5	45	0.911111
7	5	7	1
11	5	11	1
12	5	12	1
18	5	19	0.947368
30	5	32	0.9375
11	5	15	0.733333
8	5	10	0.8
31	5	37	0.837838
11	5	11	1
15	5	20	0.75
44	3	88	0.5
15	4	17	0.882353
12	4	14	0.857143
23	5	25	0.92
7	4	8	0.875
4	4	4	1
18	4	23	0.782609
7	4	7	1
84	4	93	0.903226
23	5	23	1
14	4	17	0.823529
15	5	15	1
131	5	134	0.977612
28	5	31	0.903226
20	4	23	0.869565
9	5	11	0.818182
22	5	23	0.956522
124	5	140	0.885714
43	4	47	0.914894
81	5	98	0.826531
73	5	75	0.973333
54	5	59	0.915254
145	5	174	0.833333
21	3	25	0.84
9	4	9	1
5	4	5	1
4	4	6	0.666667
9	4	9	1
16	4	21	0.761905
8	4	8	1
11	4	13	0.846154
8	5	9	0.888889
6	5	6	1
51	5	51	1
2	5	4	0.5
9	4	9	1
19	5	19	1
30	5	33	0.909091
15	5	15	1
67	5	75	0.893333
37	5	38	0.973684
13	5	16	0.8125
14	5	15	0.933333
28	4	29	0.965517
64	5	65	0.984615
22	4	30	0.733333
21	4	21	1
90	5	106	0.849057
22	5	28	0.785714
13	4	17	0.764706
356	5	386	0.92228
16	5	18	0.888889
99	5	106	0.933962
20	5	21	0.952381
25	5	26	0.961538
21	5	24	0.875
80	5	86	0.930233
54	5	59	0.915254
21	5	22	0.954545
30	5	33	0.909091
25	5	30	0.833333
16	5	18	0.888889
27	5	40	0.675
21	5	21	1
43	5	45	0.955556
14	5	14	1
31	5	31	1
25	5	26	0.961538
19	5	23	0.826087
157	5	175	0.897143
53	5	55	0.963636
9	5	10	0.9
36	5	36	1
24	4	27	0.888889
79	5	127	0.622047
10	5	11	0.909091
13	2	17	0.764706
5	5	6	0.833333
37	5	38	0.973684
16	4	19	0.842105
33	5	34	0.970588
8	5	9	0.888889
43	5	56	0.767857
37	5	39	0.948718
116	5	136	0.852941
61	4	66	0.924242
32	5	42	0.761905
6	5	8	0.75
56	5	73	0.767123
70	5	79	0.886076
23	5	33	0.69697
77	5	78	0.987179
18	5	18	1
17	5	17	1
35	5	36	0.972222
20	5	21	0.952381
10	5	11	0.909091
12	5	12	1
36	5	37	0.972973
46	1	83	0.554217
21	3	25	0.84
12	1	16	0.75
19	5	20	0.95
13	5	13	1
38	5	42	0.904762
42	5	52	0.807692
7	5	9	0.777778
32	5	40	0.8
11	4	14	0.785714
8	5	9	0.888889
24	5	30	0.8
7	5	9	0.777778
21	5	26	0.807692
63	5	68	0.926471
21	5	28	0.75
133	4	154	0.863636
57	5	59	0.966102
32	1	38	0.842105
28	5	29	0.965517
62	1	92	0.673913
11	5	12	0.916667
53	4	55	0.963636
39	5	41	0.95122
32	4	34	0.941176
53	4	55	0.963636
14	5	14	1
29	5	32	0.90625
30	5	34	0.882353
60	5	64	0.9375
213	5	227	0.938326
106	5	116	0.913793
36	5	40	0.9
49	5	65	0.753846
84	5	89	0.94382
27	5	27	1
37	3	70	0.528571
56	5	59	0.949153
51	5	53	0.962264
507	5	520	0.975
68	4	71	0.957746
82	5	87	0.942529
35	3	54	0.648148
51	5	55	0.927273
59	5	66	0.893939
40	5	45	0.888889
60	5	62	0.967742
67	4	71	0.943662
20	5	21	0.952381
36	5	36	1
14	5	16	0.875
58	4	61	0.95082
59	5	64	0.921875
41	4	43	0.953488
31	5	32	0.96875
24	5	24	1
2	5	2	1
20	1	50	0.4
13	5	15	0.866667
23	5	28	0.821429
40	5	64	0.625
25	5	25	1
41	5	42	0.97619
51	5	55	0.927273
25	5	26	0.961538
37	5	38	0.973684
19	5	26	0.730769
65	4	69	0.942029
22	4	25	0.88
118	1	161	0.732919
31	5	31	1
29	4	31	0.935484
33	5	35	0.942857
20	5	21	0.952381
37	4	45	0.822222
19	4	19	1
24	5	31	0.774194
44	5	54	0.814815
65	5	89	0.730337
22	4	23	0.956522
92	5	94	0.978723
43	5	47	0.914894
35	2	62	0.564516
650	5	729	0.891632
41	5	43	0.953488
59	4	63	0.936508
117	4	126	0.928571
125	5	136	0.919118
40	4	41	0.97561
56	4	63	0.888889
19	5	21	0.904762
1	5	1	1
41	5	42	0.97619
84	5	85	0.988235
97	5	108	0.898148
204	4	220	0.927273
18	4	19	0.947368
22	5	22	1
76	4	81	0.938272
14	4	16	0.875
16	4	17	0.941176
0	4	0	0
28	5	29	0.965517
22	4	22	1
42	4	43	0.976744
19	5	23	0.826087
28	4	28	1
25	5	27	0.925926
79	5	83	0.951807
31	5	32	0.96875
135	5	136	0.992647
79	5	82	0.963415
15	5	16	0.9375
28	5	29	0.965517
177	5	190	0.931579
56	5	60	0.933333
35	4	35	1
33	4	37	0.891892
23	5	25	0.92
35	5	38	0.921053
27	5	28	0.964286
30	1	72	0.416667
42	4	45	0.933333
59	5	69	0.855072
28	4	30	0.933333
112	5	124	0.903226
28	5	29	0.965517
7	5	7	1
88	5	129	0.682171
62	5	64	0.96875
17	5	17	1
114	5	117	0.974359
43	5	47	0.914894
47	5	51	0.921569
16	5	16	1
2	5	2	1
52	5	59	0.881356
29	5	31	0.935484
62	4	63	0.984127
39	5	42	0.928571
53	5	57	0.929825
30	4	31	0.967742
47	4	55	0.854545
38	4	45	0.844444
43	5	45	0.955556
17	5	18	0.944444
51	4	52	0.980769
19	4	21	0.904762
51	5	52	0.980769
93	5	101	0.920792
17	4	22	0.772727
135	5	138	0.978261
41	5	46	0.891304
204	5	211	0.966825
13	5	14	0.928571
137	1	147	0.931973
160	3	252	0.634921
63	4	81	0.777778
11	5	12	0.916667
84	5	89	0.94382
50	5	56	0.892857
136	5	144	0.944444
104	5	106	0.981132
129	5	183	0.704918
66	5	67	0.985075
200	5	208	0.961538
26	5	28	0.928571
66	5	71	0.929577
156	5	168	0.928571
31	5	37	0.837838
14	4	25	0.56
69	5	75	0.92
