4 5
6 5
18 5
3 5
10 5
7 5
11 5
5 5
10 4
5 5
2 4
7 5
8 2
25 5
8 5
7 4
6 5
12 5
4 3
7 5
13 5
6 5
12 4
7 4
5 5
7 5
15 5
15 5
28 5
2 5
3 5
6 5
35 5
110 5
23 5
14 5
10 4
10 4
2 5
48 5
10 5
9 5
5 5
3 5
4 4
22 3
21 5
12 4
21 5
2 5
31 5
10 2
3 5
14 5
55 5
8 5
5 5
31 5
7 5
16 5
8 4
1 5
7 5
12 5
31 5
200 5
1 5
18 5
15 5
5 5
4 5
13 5
110 5
11 5
2 4
84 5
4 5
0 4
8 5
43 5
119 5
14 4
26 5
8 5
4 5
23 5
13 5
3 4
5 5
52 5
6 5
43 5
15 5
6 5
4 5
15 5
3 5
5 5
7 5
9 5
5 4
17 5
64 1
87 5
125 5
27 5
2 5
14 5
114 5
9 5
35 5
5 5
21 1
15 5
3 5
10 5
1 4
18 5
8 5
3 5
7 5
30 5
19 5
0 5
21 5
3 5
29 3
19 5
0 5
12 5
4 5
5 5
51 5
8 5
83 5
16 5
12 5
39 5
10 5
12 5
4 5
3 5
5 4
117 5
10 4
3 5
41 5
11 4
9 5
47 1
49 5
64 1
8 4
21 5
12 5
5 4
2 5
5 5
9 5
19 5
31 5
35 5
20 5
7 5
10 5
28 5
54 5
7 4
4 5
21 5
8 5
5 5
33 5
5 5
14 5
0 5
8 5
5 5
1 5
14 5
13 5
8 5
17 5
47 5
1 5
10 5
3 5
6 4
33 5
71 5
9 4
4 3
6 5
20 5
12 2
23 5
3 5
4 4
4 5
26 5
12 5
1 3
2 5
3 4
8 5
19 4
4 5
3 5
9 5
10 5
6 5
2 5
12 3
13 4
3 5
7 5
5 5
2 5
3 3
8 4
24 5
9 5
2 5
2 5
19 5
3 5
1 3
52 5
73 5
15 5
29 5
8 5
2 5
16 5
1 5
9 5
29 5
16 3
14 5
0 4
3 5
14 1
5 5
32 5
39 5
5 5
19 1
2 3
1 5
12 5
2 2
0 3
38 5
1 5
2 3
28 5
13 5
9 5
1 5
3 5
11 5
4 5
8 5
7 5
3 3
2 5
1 5
7 5
5 5
2 1
2 4
8 2
3 5
5 5
2 5
10 5
12 5
3 5
6 5
13 5
15 5
27 5
4 4
1 5
3 4
0 4
6 2
1 5
2 5
10 5
16 5
18 5
2 5
3 5
15 5
4 5
4 5
12 5
21 5
0 4
5 5
1 5
33 5
10 5
10 5
31 5
24 5
2 5
16 4
12 3
4 5
9 5
10 5
4 5
1 5
10 4
9 5
2 5
23 2
3 4
4 5
10 4
5 2
5 5
9 5
12 3
6 5
7 3
6 5
1 5
13 5
1 5
7 5
23 5
5 3
4 5
9 5
2 5
30 5
7 5
2 5
13 4
2 1
9 5
2 2
1 1
4 1
1 4
0 5
6 4
8 5
2 5
20 4
30 5
6 5
1 5
18 5
1 5
3 5
0 5
27 1
4 4
40 5
6 5
35 5
2 5
3 5
9 4
6 4
32 5
3 5
18 5
3 5
12 5
15 5
27 5
7 5
3 5
11 5
8 5
1 4
64 5
9 5
2 5
11 5
8 5
0 5
2 5
7 5
21 5
0 5
13 4
14 5
14 5
15 5
13 5
11 5
14 5
10 5
5 2
4 5
1 5
6 5
1 5
16 3
7 5
18 5
4 5
5 5
13 5
3 1
2 4
16 5
15 5
29 5
1 5
21 5
5 5
20 5
6 5
4 5
2 5
13 4
17 5
13 5
1 5
7 5
15 5
19 5
6 5
4 4
2 4
4 4
6 5
3 3
45 3
6 5
9 5
13 5
23 5
42 2
8 5
18 5
3 5
25 5
14 5
5 5
35 5
15 4
26 5
20 5
70 5
13 5
8 5
0 2
0 5
3 5
0 5
11 4
6 5
61 5
3 5
1 5
4 5
2 1
3 3
8 5
14 5
8 5
0 5
12 5
4 5
8 5
23 5
46 5
5 5
2 3
3 5
7 4
3 4
13 4
1 4
10 5
2 5
21 5
8 5
44 5
32 5
4 5
6 4
3 4
21 5
2 4
3 4
8 5
36 5
19 5
7 5
4 5
19 5
12 5
17 5
8 5
7 5
10 5
0 4
6 5
2 3
59 5
74 5
6 5
5 4
8 5
4 4
13 5
14 5
1 5
11 5
4 4
2 5
8 5
2 5
14 5
2 5
14 5
16 5
23 5
5 5
2 5
4 4
8 5
29 5
12 3
13 1
27 5
24 5
14 5
4 5
15 4
26 5
15 5
13 5
2 4
10 5
5 4
62 3
4 5
26 5
2 5
6 5
4 5
15 5
4 5
1 5
5 4
27 5
8 5
2 4
5 5
13 5
20 4
13 5
8 5
16 2
5 5
4 5
14 5
9 5
41 5
0 5
4 4
6 5
6 5
3 4
5 5
8 5
5 5
7 5
5 5
3 5
4 5
3 5
6 5
4 5
25 5
9 5
3 5
1 5
6 5
7 4
1 5
0 5
3 5
11 5
2 5
1 4
2 5
13 5
3 5
14 5
15 2
5 5
6 5
2 5
6 5
13 5
9 5
2 5
4 4
2 5
35 5
30 4
16 5
18 5
8 5
14 4
15 5
9 4
3 5
5 5
27 5
2 4
1 3
17 5
3 5
5 5
7 5
2 5
6 5
2 5
7 4
3 4
33 5
21 5
8 5
49 5
0 5
0 5
2 5
15 5
2 5
6 4
6 5
9 5
13 5
19 5
6 5
10 5
18 5
5 5
13 5
17 5
15 5
6 5
0 5
3 5
6 5
5 5
12 5
19 4
17 4
2 5
4 4
11 5
6 5
12 5
9 5
5 5
16 4
39 5
1 5
7 5
10 5
18 5
13 3
6 5
27 5
6 5
21 5
1 5
16 5
17 5
14 5
1 5
5 5
3 5
1 4
5 5
6 5
7 5
4 5
8 5
17 5
10 5
4 5
9 5
6 5
9 5
4 5
3 5
6 4
0 5
1 5
6 5
12 5
5 5
8 5
0 5
9 5
3 4
18 5
7 2
47 4
13 5
9 4
3 5
5 5
16 5
2 5
5 5
9 5
1 5
17 5
7 5
4 5
17 5
3 5
1 5
3 5
3 5
2 5
33 5
2 5
6 5
6 5
1 4
1 4
1 4
10 4
8 5
8 5
8 4
4 5
4 5
11 4
20 5
1 5
18 4
1 4
4 5
44 5
6 5
10 4
33 4
2 5
9 4
0 3
12 5
1 4
14 5
11 5
31 5
20 5
57 5
7 3
1 4
9 5
3 4
16 5
6 5
3 5
15 4
4 5
10 5
46 5
2 5
2 5
66 5
35 5
5 5
1 4
5 4
5 5
38 5
5 5
16 5
4 5
14 5
2 5
10 5
8 5
5 5
31 5
6 5
4 5
10 5
16 5
9 5
3 5
40 5
20 5
4 5
0 5
11 5
12 4
1 5
7 5
16 5
25 5
1 5
14 5
2 5
15 5
12 2
15 5
7 5
1 5
6 4
8 5
6 5
4 5
3 4
5 5
10 5
18 1
0 1
7 5
15 5
8 5
13 5
4 4
11 5
47 5
9 5
3 3
0 3
18 4
13 4
38 5
46 5
6 5
0 4
19 5
11 5
1 4
30 4
4 4
26 4
1 4
17 3
2 4
10 1
2 5
15 5
1 5
30 5
3 4
7 4
15 5
1 4
8 5
6 5
6 5
47 5
4 4
1 5
4 5
0 4
9 4
7 4
3 4
2 5
2 4
0 5
1 4
2 4
3 5
0 3
3 5
1 4
1 5
6 4
0 3
2 4
7 4
1 5
9 1
2 1
1 4
4 5
0 5
3 4
1 4
7 5
7 5
14 4
4 2
13 5
0 4
7 5
16 2
4 5
6 5
9 5
8 5
10 5
6 3
14 5
9 4
3 4
4 4
9 5
5 3
9 4
2 5
22 5
1 5
6 5
16 3
18 5
3 5
12 5
3 5
15 5
17 5
7 5
33 4
10 5
1 4
19 5
4 4
5 5
6 5
4 1
5 5
3 4
12 5
4 4
4 5
