5 5
33 5
3 4
8 5
7 4
7 5
32 5
20 5
39 5
29 5
3 4
14 5
6 5
2 4
2 4
5 4
3 5
10 5
19 4
20 4
12 5
2 5
23 5
1 3
7 4
8 1
10 5
92 5
11 5
26 5
5 5
2 5
3 5
5 5
7 5
9 5
12 5
6 5
11 5
3 4
8 5
5 4
16 5
13 5
9 5
4 5
11 5
16 5
15 5
2 4
23 5
7 5
22 4
6 5
2 3
41 4
4 5
8 5
7 5
2 3
19 4
2 3
20 5
6 4
6 4
3 5
4 5
7 4
2 4
20 5
8 5
3 4
18 5
26 5
26 5
2 4
3 5
11 5
11 4
1 3
15 5
7 4
2 4
10 5
12 5
3 4
3 4
18 5
24 3
20 5
28 5
5 4
6 4
4 5
1 5
21 4
6 5
5 5
19 4
5 5
5 5
16 4
25 5
5 5
2 5
23 4
6 3
5 4
9 4
16 5
16 5
14 4
4 5
24 3
9 5
14 5
3 4
1 3
6 5
7 5
4 4
7 5
7 5
4 5
11 5
3 3
25 5
21 5
17 5
9 3
21 5
0 5
19 5
41 5
3 5
6 4
3 5
7 5
1 5
5 5
4 5
14 5
14 5
0 5
1 2
14 5
7 5
5 4
11 5
1 4
12 4
1 5
2 5
4 4
19 5
4 4
1 4
7 5
6 5
1 5
13 5
3 5
2 5
3 5
4 5
2 5
0 5
2 3
2 4
9 5
10 5
4 5
7 5
7 5
8 5
6 5
3 5
5 5
2 3
3 5
3 4
4 4
5 5
2 5
6 4
2 4
9 4
45 5
1 3
3 4
2 4
1 5
5 5
8 5
9 5
2 4
6 4
1 5
2 4
6 4
7 5
16 5
33 5
4 5
9 5
15 5
9 5
6 5
21 5
6 5
8 5
2 5
6 5
10 5
11 5
1 5
10 5
6 4
10 5
8 3
3 5
7 4
2 5
7 5
4 5
8 5
0 5
8 4
5 4
4 5
74 5
4 5
0 5
14 5
0 5
2 5
24 4
56 5
2 5
3 5
9 4
2 5
6 5
11 5
13 4
6 5
32 5
13 5
5 4
2 4
4 5
4 5
1 5
7 5
1 3
0 5
3 5
24 5
14 5
5 4
3 5
71 5
1 3
21 5
3 3
24 5
15 5
3 5
2 5
0 4
25 5
5 5
14 5
6 5
0 4
4 5
2 3
8 4
0 4
27 5
8 5
38 5
4 3
22 5
10 5
0 5
0 4
0 4
90 5
2 5
2 5
5 5
9 5
1 3
9 5
4 5
40 5
13 5
35 4
3 4
1 5
2 5
24 5
7 3
7 5
3 5
66 5
48 4
5 4
81 5
17 5
10 4
9 5
3 5
0 5
5 4
0 4
1 5
4 5
4 5
30 5
34 5
11 5
3 4
97 5
4 5
13 4
5 5
3 4
4 5
23 5
26 5
5 4
4 4
28 4
4 4
0 5
14 5
19 5
4 5
72 5
20 5
8 5
5 4
4 5
4 5
26 5
62 5
0 4
1 4
9 5
42 5
10 5
3 5
7 5
6 5
7 5
12 5
2 4
18 5
1 5
6 5
4 5
2 5
1 5
36 5
1 3
3 5
15 4
5 5
3 5
18 5
5 5
83 5
6 5
9 5
7 5
15 5
17 5
6 5
5 5
20 5
3 5
6 4
4 5
1 5
3 5
5 4
16 5
4 5
1 5
25 5
1 5
6 4
6 5
42 5
36 5
5 5
14 5
3 5
6 5
1 4
11 4
5 5
4 4
3 5
8 3
23 5
2 5
3 5
1 5
18 5
44 5
1 4
10 5
6 4
8 5
7 5
10 5
10 5
5 5
14 5
21 5
46 5
8 5
3 5
3 5
0 4
36 5
6 5
4 5
6 5
1 5
5 4
31 5
2 5
2 4
9 5
12 5
4 5
7 5
3 5
6 5
47 5
9 5
3 4
44 5
6 4
30 5
17 4
1 5
0 5
4 5
15 4
7 5
44 5
78 5
10 5
1 5
4 5
5 5
0 5
18 5
8 5
6 5
13 5
7 5
4 5
70 5
3 5
5 5
15 5
4 5
35 5
5 5
32 5
7 4
0 4
5 5
6 5
6 5
45 5
15 5
11 5
4 5
6 5
2 4
43 5
3 2
13 5
3 4
4 5
3 3
5 5
5 5
40 5
5 4
8 4
4 5
6 4
37 5
29 5
1 4
10 5
26 5
14 5
15 5
26 5
4 5
10 4
10 5
6 4
42 5
7 4
5 5
4 5
1 5
14 3
15 5
11 3
26 5
16 4
38 5
3 5
7 3
3 5
11 4
25 5
12 4
3 5
70 5
1 5
9 5
5 5
3 4
2 5
7 5
16 5
7 5
21 5
11 5
6 5
5 5
4 3
1 4
13 4
3 4
18 5
29 5
10 4
1 5
30 5
154 5
2 3
9 5
11 5
5 5
2 5
9 5
2 4
31 5
20 5
5 4
12 4
3 5
10 5
69 5
3 5
4 5
8 5
3 5
5 3
3 3
10 5
7 5
6 4
30 5
6 5
11 5
3 4
28 5
48 5
4 5
7 5
10 5
17 5
5 5
5 5
19 5
3 4
2 3
17 5
9 5
8 5
7 4
4 4
9 4
4 5
1 5
20 5
7 5
8 5
2 5
6 2
4 5
95 5
9 4
8 5
25 5
5 4
1 5
14 5
5 5
1 4
0 4
3 4
4 5
2 4
4 5
8 5
3 3
4 5
13 5
6 5
1 4
2 3
2 5
40 5
8 5
7 4
5 5
4 5
6 5
17 5
6 5
0 4
5 5
33 5
9 5
2 2
7 5
9 5
30 5
11 5
5 5
31 5
7 5
2 3
7 5
29 5
13 4
6 5
3 4
4 5
50 5
4 5
7 5
2 5
9 5
4 5
2 4
30 5
15 4
15 5
7 5
3 1
16 4
3 4
25 5
11 3
7 5
4 4
9 5
12 5
11 5
5 5
19 5
102 5
15 4
8 5
19 5
22 5
4 5
10 4
4 4
4 5
3 5
36 5
15 5
5 5
34 4
7 4
2 5
11 4
11 5
6 3
8 4
78 4
17 5
31 5
19 5
5 4
22 5
8 5
10 5
6 5
48 5
9 5
30 5
5 5
69 5
5 2
28 5
17 5
21 2
9 5
15 5
6 5
4 5
6 5
11 5
34 4
7 5
3 5
4 5
43 5
2 4
2 5
5 5
3 5
3 5
27 5
5 5
8 5
5 5
