3 5
166 4
27 5
3 5
3 4
26 4
188 4
23 5
23 4
6 5
4 4
12 5
0 5
7 4
14 5
1 5
3 5
1 5
1 5
63 5
4 5
6 5
1 4
10 5
49 5
12 5
8 5
6 3
9 4
44 5
10 5
8 4
108 5
25 4
43 5
14 5
31 5
28 5
1 4
24 5
53 5
75 5
1 4
39 5
14 3
100 4
46 5
3 4
0 5
23 4
72 5
1 4
17 4
7 4
1 5
3 5
1 4
3 4
1 4
1 5
41 5
1 5
2 5
140 5
15 3
97 5
12 4
38 3
3 4
3 5
1 3
4 4
58 4
34 5
18 5
2 4
65 5
17 5
80 5
98 5
3 3
3 4
5 5
20 5
318 5
33 5
48 5
42 5
53 5
8 5
5 4
66 5
68 5
35 4
66 3
17 5
20 5
1 5
2 5
8 5
8 5
2 5
8 4
91 5
6 4
3 4
17 4
54 4
2 4
69 5
12 5
2 4
3 5
13 5
26 5
7 5
17 5
3 5
3 5
4 5
3 5
12 5
4 4
14 5
1 2
3 3
10 5
19 5
16 5
15 5
3 5
11 3
9 5
6 5
4 5
16 5
8 5
130 5
21 4
12 5
3 5
2 3
3 4
6 4
16 4
32 4
64 5
4 5
3 5
110 3
2 4
10 4
1 4
3 5
1 4
21 5
20 5
1 3
2 3
16 5
3 4
28 5
3 4
3 4
7 4
3 4
94 5
6 4
7 4
8 5
7 5
28 5
5 5
2 4
136 5
165 5
161 5
25 4
37 5
142 5
25 3
7 4
19 4
1 4
16 4
170 5
12 5
24 5
24 5
18 5
24 5
8 4
1 5
6 4
21 5
58 5
92 4
12 5
96 5
16 5
34 5
15 5
100 5
6 5
25 5
105 5
56 5
12 5
118 4
5 3
3 4
6 4
29 4
16 4
8 5
1 5
12 5
11 3
6 5
51 5
92 5
1 4
10 5
38 5
189 5
9 5
1 4
37 4
13 5
3 5
47 5
79 5
1 5
10 5
52 4
15 5
15 5
19 5
8 5
143 4
11 4
31 5
142 5
41 5
3 5
22 5
31 4
526 5
77 4
1 4
322 5
19 4
57 3
22 4
53 5
12 4
27 3
301 5
38 4
12 3
62 5
9 5
79 4
2 5
1 4
30 5
60 5
6 5
17 5
35 5
41 5
12 5
3 5
73 5
11 4
34 5
1 5
12 3
19 5
49 4
3 4
19 5
137 5
1 4
30 5
243 5
6 5
22 4
59 5
12 5
1 4
24 5
1 5
2 4
8 5
19 5
18 4
23 3
16 4
2 4
9 5
3 5
109 5
9 4
11 5
10 5
2 3
86 4
10 5
26 5
15 5
31 5
3 5
168 5
10 5
15 5
9 5
2 3
55 5
16 4
17 5
8 4
22 5
1 4
48 5
85 5
36 5
96 4
10 3
22 5
6 5
3 5
3 5
84 4
86 5
80 5
3 3
13 4
5 4
48 4
42 4
2 5
17 4
1 5
362 5
1 4
7 5
29 5
92 5
47 5
9 3
235 5
150 5
20 5
23 5
104 5
51 5
1 3
3 5
49 5
10 5
2 5
10 5
1 5
1 4
1 5
68 5
133 5
38 5
33 5
10 5
47 5
364 5
13 5
14 4
74 5
3 4
11 4
60 5
1 4
29 5
8 4
13 5
1 4
55 5
9 5
21 5
3 4
5 5
92 5
3 5
24 5
10 5
12 5
588 5
208 5
140 5
57 5
6 5
18 5
26 5
11 4
307 5
14 4
26 5
35 5
51 5
10 5
9 5
117 5
44 5
25 3
27 4
247 5
5 4
79 5
35 5
1 4
85 5
16 5
21 5
13 5
13 5
125 5
2 5
36 3
8 4
72 5
86 4
21 5
10 5
21 5
42 4
75 5
17 5
7 5
58 5
52 4
17 5
2 5
25 5
63 5
2 4
14 5
22 5
119 5
68 5
30 5
4 5
16 5
11 5
47 5
23 5
52 5
1 5
32 5
5 5
19 5
1 5
2 4
35 5
49 5
12 5
142 5
1 5
1 4
35 5
35 5
79 5
17 5
153 5
6 5
104 5
90 5
2 5
236 5
39 5
85 5
95 5
65 5
135 5
16 4
41 5
3 4
20 5
1 4
55 5
11 5
1 5
72 5
121 5
312 5
23 5
60 5
27 5
18 5
1 4
200 4
3 4
13 4
32 4
6 5
40 5
22 5
5 5
13 5
9 5
57 5
9 5
14 4
40 4
11 5
8 5
36 5
4 5
12 5
18 5
1 5
8 4
3 4
5 5
16 5
35 5
64 5
36 5
30 5
16 3
16 5
14 3
52 5
19 5
12 5
87 5
30 5
54 5
30 5
19 5
15 4
7 4
1 4
16 5
25 4
22 4
43 5
9 4
70 4
4 4
16 5
26 5
3 5
1 4
31 4
33 5
31 4
7 5
210 5
31 5
4 5
3 4
6 5
7 5
3 5
5 4
4 4
6 5
9 3
120 5
73 5
58 5
5 4
72 5
2 5
