3 4
3 5
1 4
2 5
12 4
8 4
7 5
97 5
2 5
3 5
23 5
11 4
11 5
15 5
3 4
12 5
7 4
31 5
32 5
9 5
2 4
6 4
12 5
2 4
1 5
7 5
13 4
7 5
5 5
17 5
0 5
44 5
8 5
6 3
10 5
1 5
2 4
26 5
31 2
26 4
3 5
6 4
19 4
18 5
21 5
18 4
3 4
17 5
10 5
12 5
7 5
1 5
30 5
5 2
5 5
24 4
5 5
22 4
2 4
13 5
40 5
36 5
2 5
8 5
4 5
9 4
1 4
14 5
13 5
18 5
2 5
2 4
16 5
17 5
28 4
25 4
1 4
6 5
2 4
25 5
2 5
55 3
27 5
5 4
10 5
5 5
12 5
3 5
40 4
7 5
10 5
2 4
12 5
1 4
8 5
8 4
1 4
5 5
88 4
0 4
26 5
6 4
11 3
14 5
5 5
6 4
16 5
3 5
6 4
50 5
11 5
3 5
2 4
11 4
9 5
16 5
9 3
16 4
10 4
1 5
19 3
16 4
7 5
3 5
2 4
10 5
1 5
34 4
43 4
2 5
10 4
5 4
13 5
9 5
23 4
5 5
170 5
2 4
24 4
25 4
1 4
3 5
39 5
4 4
1 5
15 4
29 5
19 5
3 5
7 3
5 5
1 4
11 4
12 4
15 5
4 4
8 5
17 5
1 5
4 5
4 5
6 4
20 4
3 5
54 5
8 4
1 4
25 5
3 4
2 4
5 4
14 5
52 4
1 4
5 5
13 4
17 4
2 4
2 5
1 5
16 5
1 5
1 3
14 5
35 5
15 4
1 5
1 3
5 4
1 4
61 5
6 5
3 4
8 2
1 4
1 4
0 5
4 4
2 4
63 4
4 5
3 4
16 4
0 5
16 3
17 5
11 5
4 5
27 3
14 5
1 5
38 4
3 5
2 4
2 4
5 4
4 4
2 5
3 4
18 5
8 5
23 4
4 4
31 4
1 4
7 4
21 3
16 5
4 4
6 5
3 4
8 5
4 5
1 5
48 4
20 5
28 4
1 4
14 4
1 5
0 4
3 3
2 4
3 5
3 5
0 4
3 5
4 5
11 4
0 4
7 5
32 5
9 5
17 4
2 5
54 4
0 4
0 4
16 4
12 4
18 3
13 5
5 4
4 4
2 4
13 4
9 4
3 5
1 5
5 4
8 4
37 5
4 4
0 4
5 4
7 5
12 4
5 4
2 4
0 4
5 4
39 4
7 4
8 4
67 5
5 4
12 5
20 5
14 5
2 4
2 4
13 3
3 4
5 4
13 5
5 5
22 4
10 4
3 5
3 4
57 5
19 2
4 4
7 5
14 3
4 3
11 4
9 4
9 4
12 5
105 5
9 3
2 4
12 5
2 5
5 5
3 5
1 5
4 5
4 5
6 5
2 4
26 4
20 5
53 5
4 4
3 4
7 2
10 4
5 4
3 5
29 4
4 3
7 5
5 5
14 4
16 5
21 5
8 3
1 5
4 4
1 5
13 4
7 4
21 5
5 4
47 5
17 4
10 5
14 5
7 4
4 4
45 5
13 4
12 4
1 4
8 4
14 4
9 5
9 4
10 4
3 4
3 4
3 4
7 5
10 5
28 5
3 5
0 5
5 5
7 5
5 5
27 5
0 4
6 5
12 5
6 5
6 5
4 5
19 5
9 4
4 4
2 3
1 4
135 5
3 4
1 4
2 4
16 4
6 5
11 4
2 4
1 4
2 5
6 4
1 5
5 5
20 4
8 5
2 3
17 3
7 5
7 5
6 5
5 4
7 5
1 4
5 4
4 4
3 4
7 5
7 5
1 4
63 5
83 5
6 4
40 5
5 4
1 4
5 4
34 5
1 5
4 3
33 5
11 5
42 5
6 4
3 3
5 4
2 5
7 5
10 5
4 4
1 3
1 5
6 4
6 5
14 4
25 5
30 5
3 5
3 5
5 4
268 5
3 4
9 5
2 4
7 5
5 3
8 4
6 4
2 4
2 5
11 5
1 5
9 5
3 5
2 4
49 1
8 4
2 5
2 5
3 4
1 5
4 4
12 3
32 3
1 4
3 3
109 5
27 4
2 4
8 4
2 4
35 5
4 4
57 4
1 3
12 5
14 5
3 4
7 5
104 4
5 4
12 4
7 5
12 5
1 5
4 3
11 5
20 4
8 2
16 5
4 3
2 4
4 4
2 4
2 5
1 5
80 5
4 5
36 4
1 4
4 5
86 5
10 4
1 5
6 4
52 5
9 5
15 5
1 4
7 3
2 5
3 3
0 4
3 4
3 4
2 5
0 3
2 2
2 4
2 2
2 3
0 3
1 2
0 5
2 4
12 4
4 4
4 4
4 4
0 4
1 2
3 5
0 5
0 5
3 4
10 5
8 5
1 5
1 2
6 5
1 3
4 5
28 5
13 4
7 5
5 5
64 5
2 5
1 5
2 4
2 5
5 3
12 5
55 5
2 5
13 4
1 4
52 5
47 5
6 4
3 5
32 5
8 5
7 5
7 5
4 5
14 4
4 4
0 3
1 5
1 4
8 5
1 5
0 5
1 5
7 3
13 5
1 5
6 4
12 4
4 3
9 4
8 5
8 5
6 5
15 3
29 5
4 4
0 3
0 4
3 5
6 5
6 4
2 4
5 4
2 5
