1 4
5 3
3 4
76 3
21 4
2 4
15 4
3 3
7 4
1 3
3 4
1 4
1 5
3 4
0 5
3 4
9 3
8 3
57 3
3 3
3 5
4 3
6 4
9 3
2 5
14 4
1 4
4 5
9 4
3 4
3 3
13 4
0 4
7 4
4 5
19 4
15 5
2 3
4 3
0 3
3 5
81 4
4 4
18 5
3 5
3 4
4 4
0 4
3 5
4 3
5 5
6 3
5 4
7 4
18 4
13 4
7 4
7 3
5 4
1 4
2 4
15 5
50 4
0 4
7 3
7 5
13 4
2 3
4 4
18 4
4 5
11 4
25 5
1 4
8 4
10 3
10 5
9 4
0 4
47 3
18 4
1 4
29 5
8 4
44 5
12 3
2 4
2 4
3 3
2 3
4 3
8 3
35 4
3 3
12 4
1 4
2 4
88 5
17 4
2 5
6 4
7 5
16 4
5 5
16 4
0 3
2 4
2 4
7 3
3 4
3 3
0 4
3 4
29 3
47 4
1 5
6 5
15 3
25 5
0 5
4 3
0 4
2 4
20 4
15 5
4 3
4 4
24 4
185 4
4 4
2 4
8 5
6 5
2 4
14 5
12 4
0 4
6 4
3 4
13 5
3 4
0 4
1 4
15 5
9 4
6 4
15 5
4 4
16 5
6 3
2 4
1 4
0 4
17 3
7 3
5 5
9 4
21 5
10 5
13 4
7 5
85 5
20 4
8 4
1 5
40 4
21 4
33 4
10 4
6 4
3 4
7 4
12 4
1 3
3 4
6 2
66 4
71 4
3 4
3 5
3 4
9 3
0 4
4 4
12 3
0 4
1 4
8 5
0 4
3 4
0 3
0 5
7 2
11 5
3 4
10 5
2 5
19 5
1 3
4 2
31 4
5 4
4 4
4 4
2 5
3 5
2 4
6 4
15 5
22 4
2 4
9 4
2 5
7 4
76 5
8 4
45 4
6 4
8 4
5 3
6 4
2 4
17 5
3 4
1 3
25 4
9 4
0 4
16 4
3 4
1 4
4 4
1 3
3 4
20 3
1 2
10 3
1 3
0 4
6 3
9 4
25 5
7 4
5 2
8 5
39 5
6 4
35 5
5 4
0 3
21 4
0 3
0 4
5 4
7 5
1 4
3 5
4 5
0 5
3 3
3 4
0 3
5 3
0 4
12 2
1 4
0 4
6 4
5 4
4 2
0 5
45 4
9 3
3 3
22 5
1 4
3 2
0 5
15 4
3 3
23 3
1 5
6 5
1 2
1 4
1 4
1 4
1 4
1 3
2 4
1 5
14 5
16 4
0 4
6 4
25 5
6 5
0 4
0 4
0 4
7 4
1 5
14 4
1 3
1 5
13 3
2 3
5 4
362 5
3 4
7 3
8 5
0 4
1 5
1 3
4 3
8 3
4 4
9 4
12 4
16 5
13 5
3 3
2 3
5 4
7 4
1 3
3 5
296 4
5 4
3 3
33 4
4 3
2 5
17 5
322 5
2 5
3 4
6 4
2 4
17 5
1 5
4 3
4 4
3 2
2 4
15 5
13 4
27 4
6 5
7 3
1 3
5 3
3 4
7 4
0 5
0 5
2 3
20 5
20 4
4 4
4 3
11 5
7 4
0 5
54 3
2 4
5 4
1 2
0 3
1 3
0 4
3 1
19 3
0 3
8 5
13 5
0 5
64 3
1 4
5 4
3 4
2 4
3 4
96 5
4 4
5 4
4 3
0 5
2 5
6 4
59 5
5 2
6 3
5 4
6 5
15 3
0 4
16 5
5 3
1 3
18 4
29 4
6 4
14 4
0 4
7 1
5 4
1 4
3 4
18 3
15 3
3 2
1 4
1 2
38 5
0 3
7 5
1 4
18 4
9 4
6 4
2 4
179 4
9 3
9 4
5 3
13 4
6 3
2 3
12 5
2 4
6 4
2 4
12 5
10 4
1 4
5 4
24 5
5 5
9 4
16 5
6 4
0 1
2 3
3 4
8 4
1 3
2 5
2 4
2 2
3 3
17 5
8 4
2 5
4 5
5 2
2 4
1 5
3 4
59 4
3 5
18 5
2 5
5 3
1 3
3 5
4 2
16 3
4 5
22 5
4 5
1 4
18 5
3 4
4 5
2 3
7 4
10 5
5 4
11 2
4 4
6 5
1 4
2 4
1 4
3 4
0 4
1 4
12 4
8 3
4 4
5 4
12 5
4 4
0 4
0 4
0 2
5 4
0 4
2 3
4 4
4 3
3 4
2 2
0 4
4 3
6 5
7 4
5 4
15 5
16 4
7 5
0 3
5 4
4 2
1 5
10 3
3 5
25 4
1 5
2 4
2 5
3 4
1 5
3 4
2 3
3 3
1 2
5 5
3 4
1 5
4 4
2 4
2 4
68 5
2 4
2 4
22 5
0 5
5 4
17 4
4 4
40 4
4 5
3 3
1 3
0 2
3 2
3 4
0 4
13 4
6 4
8 5
4 4
13 3
4 4
14 4
112 5
29 4
37 5
2 4
2 4
13 5
1 4
7 3
2 3
14 4
6 5
2 5
0 4
12 5
2 2
0 4
11 5
6 4
2 4
61 5
1 4
0 5
14 5
43 4
33 5
4 4
1 3
4 3
0 4
4 4
1 3
1 4
14 5
5 2
0 5
9 5
4 5
14 3
10 4
6 2
7 5
2 4
2 4
1 5
8 4
26 4
6 5
3 3
19 4
1 4
3 4
1 5
2 1
6 4
2 3
0 5
15 4
7 2
23 5
8 4
7 4
13 5
14 5
2 3
54 4
32 4
1 4
0 4
8 5
30 3
1 5
3 5
6 5
10 3
2 2
4 5
6 3
0 3
6 5
2 4
10 2
2 4
4 4
0 3
6 2
10 5
16 4
2 4
2 3
1 5
2 4
2 4
1 4
0 5
9 3
0 2
0 3
40 4
24 5
3 4
10 5
25 4
0 5
5 5
5 3
8 4
13 5
21 5
1 4
3 5
10 4
3 4
3 4
2 3
1 2
19 4
1 3
2 5
16 4
2 3
75 5
0 3
14 4
35 5
2 4
2 3
0 5
1 3
0 4
8 5
11 5
3 3
56 5
9 4
6 4
2 4
4 4
501 5
13 5
13 3
35 5
3 4
39 4
4 4
34 4
1 4
66 5
163 5
70 5
5 3
3 4
1 1
3 4
33 4
4 4
2 2
3 4
12 3
7 4
3 4
17 5
133 5
15 5
1 3
2 3
3 2
9 4
3 4
6 5
78 5
1 4
21 3
0 4
2 4
6 4
38 5
60 5
0 3
24 4
8 4
79 5
21 4
6 4
35 5
3 4
4 5
8 4
2 5
4 4
2 4
4 3
16 5
14 4
40 4
10 4
1 4
6 4
1 4
21 4
2 3
2 3
4 4
26 4
13 4
2 5
29 3
3 4
17 4
15 5
36 5
2 2
5 5
17 4
10 4
32 4
12 3
18 5
2 3
10 5
8 3
8 5
20 5
11 4
7 3
4 4
12 3
0 4
3 4
8 4
19 4
7 3
4 4
18 5
30 4
30 4
3 2
2 4
14 5
7 4
35 5
0 5
29 5
31 3
9 4
6 5
16 4
4 3
2 4
2 4
10 4
19 5
3 3
25 4
0 1
8 5
1 3
19 5
3 2
2 4
0 4
1 3
4 3
6 4
5 4
