25 5
18 5
7 5
0 4
2 4
2 3
0 3
3 4
0 4
4 5
1 4
35 4
9 5
12 5
15 4
2 3
2 4
2 3
6 3
7 4
3 5
36 5
0 4
2 4
30 5
6 5
3 4
4 4
0 4
35 5
0 5
3 4
6 4
3 5
3 5
2 2
13 4
1 5
5 5
4 5
4 3
1 4
2 5
3 4
11 5
3 5
1 5
12 5
6 5
9 3
10 5
5 4
3 3
4 5
7 5
3 3
8 4
3 5
3 3
17 5
2 5
2 4
8 5
9 5
0 5
6 2
19 5
32 5
102 3
4 5
1 4
21 5
7 4
3 4
19 5
3 4
4 4
12 5
0 4
15 5
1 2
17 4
38 5
4 4
8 4
4 4
47 4
48 5
0 4
9 4
17 5
7 5
6 4
12 3
19 5
32 5
22 4
73 5
12 4
1 4
4 4
4 5
65 4
2 4
22 5
6 5
3 4
2 5
5 5
35 4
2 4
4 3
3 5
6 4
14 5
10 5
27 5
2 3
12 5
150 5
6 4
8 5
0 4
4 2
5 4
0 4
6 5
1 4
10 2
3 5
3 4
1 3
3 5
1 3
0 3
0 4
1 5
3 4
15 4
35 5
342 5
2 4
6 5
22 5
2 5
2 3
3 5
6 3
5 3
11 5
6 3
93 3
1 4
31 3
73 3
2 4
14 5
28 4
427 3
6 3
5 4
3 4
13 5
12 5
9 4
9 4
12 4
8 4
19 5
9 5
199 5
215 5
6 3
203 5
13 5
18 4
13 5
4 4
0 5
3 2
22 5
5 5
9 5
3 5
19 5
1 5
0 5
3 5
6 4
4 5
5 3
25 5
5 4
5 5
9 4
3 4
21 5
21 5
23 5
17 5
28 4
17 4
2 5
3 4
3 5
3 3
2 4
2 5
4 4
3 3
3 4
28 5
14 5
4 5
0 3
6 4
727 4
5 3
18 5
15 5
5 3
17 5
6 4
7 5
6 3
5 4
37 5
1 4
29 5
37 4
2 4
8 5
25 5
4 5
1 5
4 5
4 4
5 5
1 4
2 3
6 5
4 5
1 3
1 4
5 4
5 4
144 5
6 5
12 5
16 5
12 4
5 4
14 4
4 3
2 3
2 5
0 5
7 5
44 5
36 5
13 5
4 5
2 5
10 5
25 5
1 4
2 3
1 4
8 5
4 5
1 3
5 3
1 3
2 5
3 5
6 4
6 5
3 5
4 5
1 5
1 5
2 5
8 4
61 5
4 4
36 2
3 4
3 4
5 4
3 4
6 5
17 4
1 5
9 5
1 5
0 3
1 4
2 5
0 4
0 4
4 5
9 5
6 5
3 5
2 5
2 5
2 5
9 5
1 5
17 5
4 5
4 5
1 5
4 5
0 5
2 4
19 5
79 4
3 5
1 5
3 5
1 5
6 5
1 3
4 3
7 5
5 5
0 5
0 3
1 5
1 5
3 5
0 5
7 4
3 5
0 4
0 5
5 5
0 5
2 5
2 5
2 5
0 5
0 4
3 4
1 5
0 5
0 5
0 5
1 5
0 5
2 5
0 5
0 5
0 5
0 5
5 2
0 5
5 5
9 5
1 5
1 5
6 5
3 5
0 5
0 5
1 5
0 5
1 4
0 5
0 5
6 5
0 5
0 5
8 5
6 5
0 5
0 5
1 5
5 3
0 5
0 5
3 5
0 5
5 5
1 3
0 5
0 5
0 5
0 5
2 5
1 5
0 5
10 5
2 5
0 5
0 5
2 5
45 5
5 5
3 5
4 4
4 5
3 5
2 5
1 3
1 5
3 5
0 5
4 5
1 4
13 5
6 5
3 5
7 5
8 5
1 5
3 4
3 3
5 5
1 4
15 5
10 2
1 4
12 4
25 4
24 5
2 3
6 5
16 5
129 5
16 5
78 5
1 5
4 4
3 5
66 5
3 5
12 5
5 4
8 5
4 5
0 5
22 3
40 5
5 5
15 3
3 4
4 4
21 5
2 3
11 5
9 5
8 5
15 5
13 5
1 5
7 3
2 3
1 3
54 4
3 4
8 3
2 4
0 4
5 5
79 5
4 5
3 4
6 4
1 4
7 5
3 3
0 5
5 5
9 5
4 5
3 3
21 4
3 4
21 4
1 3
0 5
9 4
11 5
10 5
4 5
1 4
1 5
4 5
2 5
20 5
0 5
3 5
10 3
4 5
1 4
8 4
30 3
6 4
16 4
6 4
14 4
4 4
38 3
8 5
19 3
17 4
4 5
5 5
0 5
15 5
10 5
3 5
3 5
0 5
1 4
13 3
14 5
0 5
2 3
4 4
3 5
7 5
19 4
2 4
7 4
5 4
2 4
3 4
87 5
1 5
0 3
9 5
2 5
18 4
6 5
1 4
1 4
31 3
5 5
1 4
18 5
152 5
17 4
6 4
3 3
5 5
4 4
4 4
10 5
1 3
21 5
13 4
18 3
3 4
10 5
6 3
14 4
4 3
27 3
58 5
1 3
1 5
1 4
5 3
9 4
2 5
1 4
17 5
172 5
20 5
0 4
3 4
2 3
2 4
4 4
2 4
28 5
5 5
3 5
3 3
18 5
3 5
41 2
44 3
4 5
2 3
74 5
9 4
20 4
9 4
3 4
6 4
35 2
8 5
3 5
10 3
5 5
24 5
5 3
10 4
3 2
5 3
37 5
6 3
4 5
4 5
16 5
9 5
8 4
11 5
21 4
4 5
10 5
41 5
3 3
1 4
16 4
0 5
0 5
12 5
7 5
0 5
2 4
3 5
2 4
18 4
19 5
7 4
10 4
10 3
5 5
8 5
22 5
22 3
16 5
12 5
23 3
5 4
8 4
3 2
9 3
4 4
2 4
8 5
3 5
13 3
34 5
3 5
6 5
3 3
666 2
0 4
5 4
65 5
8 5
7 5
2 3
25 3
3 4
9 5
22 3
9 5
1 3
6 4
4 2
101 5
2 4
1 5
11 5
10 5
1 5
20 5
4 5
4 5
3 5
10 5
9 5
6 5
12 4
6 3
3 4
2 5
8 5
5 5
11 5
11 5
32 5
9 5
1 4
1 5
2 5
13 4
1 5
3 5
1 3
1 5
3 5
1 4
1 4
0 5
0 5
5 3
0 5
3 5
2 5
0 5
8 5
4 5
4 4
4 5
1 3
7 5
4 5
3 5
0 5
27 2
6 5
5 5
6 3
317 5
2 3
5 5
4 5
4 5
3 5
19 5
2 5
1 5
27 5
42 5
20 5
135 5
26 3
26 4
113 3
16 5
0 3
23 2
5 5
0 4
6 5
4 5
20 3
1 5
5 5
41 5
2 5
3 3
4 3
5 5
20 4
14 4
7 4
1 3
16 2
77 5
13 5
20 5
11 5
1 5
0 4
12 5
8 5
1 5
6 5
53 5
5 3
3 5
4 5
1 5
5 5
3 5
4 5
3 5
14 4
5 4
12 5
3 4
18 5
3 4
3 3
10 5
3 3
31 5
9 4
8 4
30 5
18 4
4 5
0 3
0 5
41 5
7 5
0 3
2 5
2 3
0 4
9 5
0 4
26 5
4 5
9 2
85 5
7 3
2 3
5 5
0 5
6 5
8 5
8 5
0 5
1 4
0 5
2 5
4 5
22 5
3 4
16 5
32 5
0 3
5 4
3 5
1 4
0 5
0 5
0 5
0 5
4 5
0 3
15 5
5 5
7 5
60 2
10 5
12 3
1 5
21 5
84 3
10 5
34 5
11 4
49 5
40 5
4 5
3 5
1 5
66 5
4 4
37 4
2 4
59 5
1 4
19 5
12 5
17 5
81 5
72 5
4 3
4 5
4 3
26 5
1 5
0 5
2 5
43 5
10 5
17 5
5 4
7 5
15 5
11 5
8 5
5 5
3 5
1 5
3 5
7 4
12 4
1 4
70 5
4 4
166 5
4 5
16 5
43 5
3 5
11 5
4 5
12 3
12 3
6 5
12 5
21 5
3 4
29 4
7 3
18 3
5 5
4 5
7 5
5 5
0 5
12 4
4 2
3 4
52 5
241 5
18 5
34 3
11 4
19 5
73 3
9 5
444 5
97 5
1 4
31 3
6 2
2 5
20 4
48 5
35 3
14 3
4 3
29 5
0 5
765 5
11 5
23 5
1 5
65 3
9 5
5 4
1 4
17 4
6 4
11 3
142 5
152 5
38 5
1 3
0 3
99 5
9 3
21 5
68 5
32 5
17 5
4 2
16 3
7 3
14 5
7 5
3 3
12 5
3 2
15 4
8 4
7 4
10 4
72 5
3 3
6 5
27 4
21 3
10 4
13 4
9 3
13 3
3 3
9 5
18 3
6 3
22 3
70 4
2 3
24 5
51 5
6 5
1 3
37 4
3 5
4 3
4 1
112 4
16 2
615 3
12 4
9 4
0 4
108 4
9 5
13 5
14 3
52 5
111 5
3 4
31 5
20 4
8 2
49 5
23 4
1 5
19 3
25 3
24 4
13 4
9 3
12 4
241 2
30 3
3 3
32 3
28 2
55 5
45 3
3 5
0 3
18 4
14 3
62 2
79 1
16 3
267 5
15 5
21 5
19 3
8 5
91 5
19 5
23 3
8 3
10 5
14 3
13 3
9 4
320 4
90 5
18 4
105 4
49 4
5 5
64 4
65 3
9 4
5 4
31 3
17 3
7 3
42 5
78 5
15 4
9 4
5 2
21 5
7 4
3 5
44 5
18 4
7 4
1 4
7 3
3 3
29 4
716 4
133 5
6 5
4 5
13 3
76 2
10 5
8 3
1 5
4 5
33 5
16 5
51 3
8 5
7 2
26 5
145 5
1 3
3 5
8 5
14 2
8 2
23 3
96 5
32 5
7 4
4 5
231 5
4 3
12 5
27 5
4 2
0 5
5 5
234 5
9 3
6 5
8 4
25 5
16 3
52 5
20 4
16 5
204 5
11 2
228 3
121 5
24 3
16 3
40 5
24 5
8 5
31 3
38 3
9 3
5 4
4 5
239 5
101 3
8 5
7 4
10 5
3 4
36 5
15 5
4 4
79 5
15 4
11 5
6 4
16 5
16 5
18 3
41 4
48 4
256 5
17 4
18 3
43 3
10 3
85 5
1 4
84 4
29 5
5 5
188 5
60 5
19 5
57 5
21 5
47 5
18 3
18 3
86 3
3 3
28 5
5 3
9 4
24 5
8 5
21 5
7 5
1 4
2 3
35 4
35 3
12 3
332 5
46 5
14 3
16 3
16 5
54 5
6 4
2 3
13 5
10 5
23 5
12 5
27 5
0 3
55 5
20 3
29 4
14 4
4 3
1 3
6 3
3 5
29 3
69 4
8 4
19 5
3 4
66 5
3 5
13 5
19 5
0 5
12 4
23 4
36 3
15 4
23 5
3 5
63 4
9 5
2 4
7 3
102 3
403 3
60 5
8 5
91 4
3 5
2 5
9 4
6 5
4 5
15 5
4 5
15 3
7 5
103 5
8 4
50 5
7 5
6 5
7 5
15 5
5 5
11 5
2 5
77 5
11 5
25 5
80 5
13 4
0 5
53 5
33 5
28 4
5 3
79 5
316 5
11 4
14 5
21 5
58 5
12 5
9 5
36 5
1 5
17 5
20 5
8 3
9 4
9 5
7 3
14 5
11 5
16 5
3 5
2 3
34 5
18 5
0 4
18 4
10 5
2 5
11 5
8 5
4 3
1 2
156 5
8 5
5 5
6 4
29 5
13 5
6 4
33 5
6 4
2 4
42 3
15 5
77 5
3 5
7 3
5 4
10 4
10 5
11 5
4 5
7 5
15 4
2 4
12 5
38 5
2 4
2 3
2 5
3 5
1 5
12 2
20 5
4 4
30 5
17 5
6 5
108 5
5 2
17 5
30 4
7 4
4 3
12 3
6 3
2 3
11 5
13 3
9 4
4 4
142 5
15 3
5 5
51 5
15 5
42 5
1 4
3 4
49 5
290 5
16 5
18 5
82 5
2 5
37 5
55 4
19 5
5 4
20 5
8 3
27 4
22 5
15 5
10 4
2 5
18 5
5 4
6 5
23 5
4 5
57 5
12 5
3 5
3 5
15 5
4 4
2 4
3 5
7 5
4 5
15 5
10 5
4 5
7 4
2 3
120 4
14 5
15 4
4 2
8 4
28 4
13 5
65 3
20 4
27 3
50 5
42 3
123 5
40 5
220 5
11 4
4 3
99 5
93 5
23 4
7 4
2 5
53 2
24 5
20 5
18 5
0 3
15 5
16 5
22 5
21 5
31 5
14 5
105 5
65 5
8 5
8 4
31 5
7 4
3 5
35 5
51 5
4 4
2 4
15 5
15 3
25 5
24 5
14 5
83 5
12 3
20 5
27 5
17 5
4 5
9 5
3 5
63 5
89 5
34 5
15 5
99 5
38 5
8 4
19 5
1 5
12 5
6 4
3 4
77 5
104 4
2 3
7 5
23 4
22 4
13 3
143 5
17 5
4 5
22 5
21 3
6 4
6 5
8 5
0 5
11 4
9 5
23 4
17 4
11 5
27 4
2 4
19 5
17 5
27 3
41 5
35 4
7 3
51 5
3 5
7 3
13 5
21 5
11 5
14 4
8 5
748 4
16 5
60 5
13 5
9 1
21 5
24 3
19 5
24 4
49 5
12 3
45 5
19 4
22 5
64 5
18 5
180 4
29 5
5 4
31 5
11 5
14 5
6 4
1 5
8 4
45 5
67 5
14 4
43 5
39 5
54 5
5 5
25 5
35 5
13 5
5 4
1 4
11 3
26 5
5 4
2 3
34 3
3 4
112 4
39 5
1 3
11 2
8 2
4 5
6 4
25 5
11 4
4 5
16 4
5 5
205 3
102 4
21 3
5 5
13 3
34 5
13 4
8 3
7 3
33 4
6 3
10 5
15 4
10 1
0 5
14 4
9 4
23 5
10 3
11 5
21 5
103 4
27 5
4 5
4 5
28 5
6 4
11 5
2 5
13 5
17 4
0 5
8 5
3 4
11 3
6 4
15 5
20 5
111 5
50 4
8 5
22 4
10 5
93 5
9 4
37 5
28 2
2 2
18 5
3 3
13 5
12 5
27 5
4 5
208 5
4 5
8 4
14 5
15 4
9 5
6 3
118 4
8 5
30 3
10 3
5 3
14 5
26 2
2 4
25 5
3 4
13 3
3 3
13 5
4 5
14 5
46 4
7 5
10 5
26 5
4 5
28 5
26 5
6 5
10 5
6 5
4 5
4 5
9 5
54 5
51 3
237 5
26 5
37 5
15 3
5 2
14 3
14 5
7 5
7 5
66 5
7 5
28 5
12 3
16 5
94 5
9 5
10 5
4 5
7 4
33 4
13 4
18 3
23 5
14 5
45 5
39 3
37 5
20 5
24 5
24 5
18 5
35 5
45 5
163 5
15 5
23 5
23 5
1 4
41 5
25 5
4 5
18 5
2 5
285 5
9 5
154 5
3 4
21 5
34 5
1 5
13 4
22 5
10 5
5 5
7 5
38 5
52 5
4 5
12 5
38 5
39 5
20 5
11 5
13 4
7 4
9 5
2 5
38 5
25 3
11 5
656 5
8 3
35 5
17 5
4 4
5 5
8 5
10 3
9 5
113 5
1 5
17 5
37 5
5 4
11 5
6 2
14 5
15 5
1 5
11 5
14 5
18 4
19 5
18 5
24 3
3 5
8 5
9 5
14 5
4 4
13 4
23 5
100 3
31 3
14 5
15 5
5 5
50 5
39 5
8 5
4 4
1 5
6 4
20 4
21 2
3 5
35 5
17 5
4 4
26 4
18 5
17 5
10 5
33 5
62 5
16 4
7 4
31 5
18 5
27 5
105 5
11 5
6 4
53 5
44 5
13 5
63 4
3 4
8 5
29 5
126 5
13 5
19 4
11 5
10 5
25 4
3 3
6 5
18 5
5 5
5 5
5 5
3 5
1 4
154 5
5 4
5 5
15 5
18 5
28 5
10 3
45 3
16 5
21 5
133 5
5 5
8 5
54 5
1 4
14 5
11 5
29 5
25 5
2 5
29 5
29 5
48 5
20 5
10 3
13 5
59 5
23 5
8 4
51 4
11 5
1163 5
5 5
11 2
42 3
25 3
17 5
51 5
10 4
7 5
54 3
20 5
33 5
60 5
17 5
24 5
43 5
56 5
19 5
6 4
89 5
124 5
3 5
4 5
52 4
8 5
294 5
149 5
21 3
1 4
22 3
34 4
24 5
107 5
190 3
4 5
82 5
91 5
9 5
17 5
25 5
10 4
18 5
170 5
65 5
56 5
6 5
47 5
24 5
75 5
30 4
20 5
31 5
45 2
226 5
34 5
90 2
481 5
14 5
5 4
155 5
5 5
4 5
6 5
10 5
7 5
5 5
25 5
22 4
4 4
3 5
40 5
190 4
83 5
64 5
11 5
109 5
9 5
15 4
174 5
6 4
14 5
3 2
8 2
106 5
10 5
12 5
18 5
12 5
5 5
2 5
47 4
22 4
9 5
45 5
5 5
29 5
28 5
154 5
6 5
11 5
33 4
20 5
12 5
32 5
19 5
83 5
5 2
17 5
17 5
35 5
16 5
32 5
32 5
44 5
3 3
32 5
10 5
144 5
5 5
109 5
12 3
12 5
55 5
1 5
4 5
22 4
15 5
23 4
37 5
37 5
22 5
20 5
19 5
12 4
34 5
432 4
7 4
10 5
5 4
2 5
44 4
48 3
8 5
13 5
18 5
27 5
11 4
10 5
71 5
5 5
6 5
5 5
5 5
3 5
93 5
7 5
59 3
11 4
7 5
2 5
51 5
19 4
12 4
7 5
25 5
27 5
7 5
4 5
2 5
7 5
28 3
23 4
49 5
29 4
8 2
2 5
44 4
8 5
13 4
107 5
27 5
64 3
17 4
11 5
20 3
7 3
1 4
18 4
70 5
21 5
47 5
43 5
195 5
9 5
23 5
8 5
19 5
17 5
2 4
21 5
29 3
9 4
88 5
125 4
9 5
5 4
72 5
26 4
38 5
48 5
24 5
9 5
1 5
15 5
41 5
13 5
12 4
41 5
17 5
11 5
2 5
15 5
43 5
125 5
7 4
59 5
9 5
7 4
50 5
80 5
21 5
2 4
64 5
4 5
22 5
7 5
25 5
28 5
3 5
15 5
13 5
12 5
10 5
48 3
69 5
12 5
5 5
6 5
13 5
8 5
4 5
1 4
32 5
9 5
49 5
2 5
6 5
53 5
96 5
5 3
57 5
68 4
18 5
54 5
8 5
45 5
79 5
4 5
4 5
26 5
20 5
38 5
40 5
6 5
5 5
48 5
495 5
61 5
4 3
28 5
12 4
42 4
14 5
16 5
10 5
33 5
4 2
22 5
156 4
1 4
14 5
20 5
42 5
46 3
59 4
8 5
5 5
6 5
10 5
99 5
21 5
73 5
255 5
8 5
6 3
35 4
6 5
112 5
61 5
444 4
21 4
32 2
64 3
28 5
220 5
5 5
4 4
8 5
25 3
27 3
13 3
4 5
9 5
5 4
29 5
11 5
79 5
157 5
21 5
301 5
33 5
2 5
21 3
12 5
32 5
4 4
86 5
3 5
56 3
31 4
11 4
50 5
102 5
24 5
344 5
5 5
10 5
158 5
7 5
35 5
132 5
9 5
87 5
10 5
6 4
62 5
177 5
11 5
31 5
5 5
4 5
16 3
18 5
51 5
44 4
31 5
22 4
15 5
14 5
11 5
3 5
550 3
117 5
60 5
22 5
5 5
17 5
23 5
9 5
11 5
69 5
57 5
17 5
119 5
50 5
15 5
64 5
16 5
41 3
4 4
16 5
53 5
6 5
38 5
22 2
23 5
32 3
30 5
12 5
20 5
23 5
11 5
8 5
34 2
72 5
11 5
32 5
18 5
31 5
4 5
53 5
2 5
34 5
38 5
63 4
50 5
53 5
47 5
18 5
12 5
13 4
3 5
2 5
49 5
1 5
34 5
28 5
50 5
33 5
4 5
4 5
20 5
22 5
43 5
118 5
1 5
28 5
44 5
3 5
4 5
38 5
4 4
11 5
15 5
10 5
8 5
39 5
25 5
105 5
12 5
24 5
197 1
13 5
4 5
8 5
48 5
480 5
13 5
4 5
12 5
11 5
2 4
11 5
4 5
35 5
11 5
17 5
9 5
2 5
3 5
1 5
7 5
29 5
7 5
12 5
14 5
7 5
13 5
11 5
3 5
33 5
70 5
12 5
2 5
8 5
13 5
6 5
48 5
116 5
29 5
69 5
286 3
65 5
4 5
2 5
11 5
126 5
13 5
11 5
9 3
13 5
107 5
48 5
35 5
2 5
15 2
4 5
28 5
9 5
3 4
14 5
11 5
27 5
28 5
39 5
111 5
3 3
5 5
3 5
107 5
12 5
59 5
22 5
11 5
173 5
12 5
28 5
13 5
10 5
88 5
13 5
26 5
21 5
16 5
4 5
36 5
15 4
46 4
82 5
173 5
14 5
69 5
5 5
4 4
54 5
7 5
6 4
94 5
18 5
17 5
98 5
10 4
14 3
6 5
10 3
6 5
28 4
3 4
11 5
1 4
6 5
6 5
22 3
31 5
6 4
7 3
42 5
19 4
18 4
16 5
10 5
25 5
22 4
27 4
34 3
111 5
16 5
4 5
3 5
7 5
17 5
9 5
11 5
42 5
26 5
20 5
39 5
9 4
6 5
43 4
17 5
34 5
26 4
178 5
6 5
5 3
55 5
57 5
75 5
9 5
6 5
8 5
15 4
14 4
34 4
11 5
11 5
289 5
80 5
47 5
15 5
29 3
58 5
9 5
6 5
30 5
64 5
14 5
8 5
95 5
12 5
33 5
85 5
14 5
7 4
12 5
35 5
21 5
5 5
19 5
61 5
21 5
2 5
8 5
11 5
31 5
58 5
29 5
8 5
15 4
86 5
26 4
15 5
44 5
9 5
4 5
409 3
60 4
10 4
70 4
31 5
20 4
23 5
29 5
44 5
14 5
20 5
45 5
8 5
2 5
15 5
27 4
8 5
11 5
96 5
20 4
12 5
15 5
2 3
2 5
6 5
3 3
11 5
18 5
3 5
6 5
79 5
70 5
20 5
13 5
8 5
17 5
6 5
31 5
4 3
5 5
5 5
28 4
4 5
29 5
8 3
3 4
9 2
5 5
1 5
25 5
11 5
74 5
15 5
13 5
7 4
9 3
3 5
7 5
75 5
56 4
30 5
5 5
10 5
11 5
5 5
11 5
39 5
28 5
26 5
79 5
5 5
3 5
321 5
18 5
6 5
83 5
13 3
3 5
15 5
32 5
135 5
23 5
25 4
32 5
24 5
24 5
383 5
5 5
6 5
23 5
32 5
3 5
64 5
45 4
21 5
15 3
110 5
60 5
26 5
105 3
14 5
123 5
20 5
3 4
12 5
2 3
4 4
30 4
31 4
7 5
6 5
8 5
14 2
62 3
19 5
22 5
6 5
130 5
5 5
0 5
5 5
9 5
11 5
6 5
1 5
14 5
127 5
2 5
25 5
94 5
19 5
49 5
99 5
4 5
12 5
31 5
146 5
7 5
31 5
35 5
4 5
70 5
21 5
104 5
15 5
17 5
18 5
4 5
54 5
83 5
15 4
13 5
22 5
13 5
124 5
128 5
156 5
24 5
13 5
40 5
7 5
1 5
5 5
16 5
27 5
8 5
153 5
4 5
6 5
11 5
4 5
2 5
9 5
24 5
4 5
4 5
2 5
8 5
5 3
14 5
6 5
44 5
39 5
5 5
65 5
12 5
26 5
9 5
3 5
23 5
54 5
2 5
12 5
35 5
45 5
10 5
1 5
4 5
6 5
23 5
1 5
19 5
5 5
116 5
1 5
3 5
2 5
