9 4
4 5
4 3
82 5
5 3
5 4
33 5
3 5
2 4
2 5
11 3
13 4
8 2
6 5
45 1
3 5
8 4
239 1
3 3
8 5
6 4
32 4
9 5
8 2
16 3
1 5
7 5
5 3
7 5
8 2
1 4
16 3
1 5
3 5
1 5
11 4
8 3
7 5
4 4
45 5
8 5
2 3
10 3
6 3
6 5
3 4
4 2
28 2
2 5
13 4
8 5
10 4
9 4
2 4
18 3
7 4
21 5
26 4
4 5
12 2
2 5
2 5
26 5
11 5
13 4
10 3
11 2
26 4
8 2
28 5
3 4
23 5
12 3
8 3
1 5
32 4
23 5
7 4
1 4
8 5
8 5
19 4
3 2
0 3
4 5
4 5
6 5
3 4
10 5
5 4
6 5
8 4
23 3
76 5
4 3
7 4
2 3
17 5
7 3
10 4
28 4
46 2
9 5
3 4
21 5
25 4
3 4
19 5
47 3
10 2
16 3
11 4
5 4
13 4
1 5
38 4
12 4
12 5
26 5
4 4
53 3
5 4
2 4
4 5
18 2
4 4
67 4
2 5
6 5
2 5
7 4
7 5
17 3
8 5
9 4
15 5
11 3
9 4
5 4
8 4
20 5
3 4
8 3
8 5
2 4
3 4
7 3
14 5
10 4
6 5
3 5
31 3
12 4
75 4
10 4
7 3
8 5
13 4
38 5
16 3
13 3
10 4
4 4
35 5
10 3
21 3
15 5
5 4
17 5
3 5
10 5
6 5
9 4
14 5
2 4
77 4
2 3
100 5
20 4
10 2
15 4
37 3
39 4
0 5
0 4
32 2
51 4
9 3
5 5
90 5
4 3
28 2
14 3
4 5
9 4
64 4
19 5
8 2
19 2
10 5
248 2
117 5
34 3
2 1
6 3
3 2
9 4
19 1
0 3
6 4
11 5
47 5
68 2
14 4
6 5
5 3
4 5
9 3
1 5
4 5
8 4
10 3
11 3
7 5
31 4
16 5
1 2
2 3
8 4
11 3
38 3
15 4
7 4
11 5
43 3
12 5
32 4
12 5
2 4
1 4
11 4
2 3
6 5
102 5
0 4
3 2
5 4
10 3
20 3
7 3
32 4
0 4
66 4
6 5
8 5
10 4
0 3
7 5
3 4
15 2
5 3
59 3
15 5
19 5
4 4
6 5
33 5
45 5
3 4
14 4
15 5
3 4
4 4
0 4
8 4
2 3
3 3
27 5
3 4
38 1
19 5
11 3
4 4
3 5
5 5
67 3
13 4
7 3
35 4
39 3
5 2
31 4
14 3
4 2
2 5
6 4
47 5
0 4
38 5
26 4
9 3
20 5
9 5
4 4
45 4
2 4
3 4
21 2
19 5
9 3
2 3
10 5
0 3
18 5
27 4
7 5
10 5
9 5
79 5
31 4
78 5
17 5
7 4
39 4
11 4
67 1
96 5
78 3
5 2
2 5
10 3
2 3
164 5
13 4
12 2
4 4
22 5
451 3
22 3
4 5
21 5
24 4
65 4
25 4
0 5
17 5
6 5
18 5
15 3
31 3
32 4
35 5
5 4
36 1
3 4
3 4
52 3
12 2
7 4
22 3
65 5
55 4
5 5
28 3
16 3
6 4
26 3
13 4
16 5
4 5
25 5
10 5
8 3
35 2
6 2
16 4
12 5
43 5
27 4
8 4
10 4
32 5
13 3
14 5
6 4
53 5
6 3
8 3
14 3
9 5
3 5
66 3
0 5
1 3
23 3
3 5
24 4
174 3
6 5
82 1
5 5
41 4
176 4
4 4
8 5
1 4
22 5
5 5
38 4
1 4
12 5
5 5
5 5
3 3
47 4
99 5
12 4
12 3
14 5
4 2
11 5
5 4
42 1
0 3
34 5
11 4
6 4
5 3
44 5
85 4
41 3
22 3
4 5
454 2
4 3
7 4
71 4
14 3
110 2
37 4
7 5
66 4
1 3
13 5
26 5
13 3
27 5
22 3
98 5
0 3
18 3
6 4
10 5
15 3
20 4
9 5
1 5
3 3
14 5
29 5
1 3
19 4
74 5
1 5
48 4
24 3
4 4
6 5
12 5
9 4
4 2
1 5
27 3
12 4
11 4
5 3
0 4
7 5
98 1
53 2
94 3
159 4
