33 5
8 1
4 5
2 5
1 5
7 4
6 5
1 5
15 5
5 3
3 5
79 5
4 5
19 3
4 5
10 2
6 5
4 2
1 5
3 4
2 5
5 5
4 5
49 4
7 2
90 5
39 5
15 3
6 5
7 3
7 4
8 5
12 3
52 1
18 5
6 1
8 2
0 5
0 5
1 5
4 5
11 5
0 5
77 5
8 4
6 2
14 2
21 4
31 2
25 3
24 2
4 2
40 2
72 5
14 4
5 1
6 4
3 5
4 5
7 5
7 5
16 1
0 5
4 5
3 4
8 4
4 4
5 4
2 4
1 4
2 5
27 2
2 5
8 5
13 4
4 3
17 5
4 5
7 4
15 5
0 2
10 3
1 5
2 5
9 3
6 5
28 5
1 5
8 3
19 3
2 5
23 4
21 3
11 3
8 3
31 4
3 1
79 4
24 3
38 3
6 5
6 5
63 4
2 4
1 5
2 2
1 5
2 5
2 4
6 5
3 4
0 4
0 5
3 2
2 3
0 5
0 5
3 5
12 5
4 5
11 5
16 5
1 5
8 2
7 2
10 5
1 5
9 5
16 3
2 2
0 3
1 2
7 5
1 2
1 4
7 4
5 4
5 1
3 3
19 5
0 5
19 5
0 5
0 5
4 5
5 3
24 5
4 5
0 5
14 5
3 5
8 5
6 5
3 1
1 5
10 3
13 5
10 5
3 4
0 5
9 5
6 2
4 5
15 1
1 4
3 2
2 2
2 3
2 5
8 1
18 4
2 4
4 3
8 3
5 4
3 5
1 4
10 5
4 5
10 5
19 2
17 1
9 2
3 4
10 4
0 4
8 3
11 5
2 5
8 3
19 5
3 5
2 5
1 5
7 3
1 5
12 2
2 1
22 5
16 5
3 1
36 5
9 5
3 4
4 5
0 4
4 4
2 4
4 5
13 5
16 3
9 4
0 5
2 4
5 4
4 1
10 5
5 5
5 3
6 5
1 4
4 5
14 5
3 1
14 3
4 5
3 5
4 5
1 2
7 5
11 5
11 5
4 4
2 5
27 4
3 4
5 2
4 4
3 5
1 5
8 5
3 5
1 1
17 4
26 5
4 1
43 5
4 5
11 5
13 4
6 5
15 5
2 5
9 5
2 5
6 5
1 5
0 4
2 3
0 4
3 5
2 3
24 5
10 5
9 5
2 5
7 3
4 5
2 5
9 3
13 5
9 5
4 5
5 5
0 4
13 5
8 3
12 4
22 1
4 5
6 3
16 5
4 3
1 4
13 5
0 2
3 4
3 5
17 5
10 1
2 4
0 5
4 4
7 4
0 4
3 1
11 4
2 4
2 3
29 3
8 2
43 1
4 5
2 4
3 5
7 4
0 4
12 4
0 4
0 2
0 2
1 5
8 5
3 2
26 4
1 5
7 5
3 1
2 2
0 4
2 4
15 4
28 5
5 4
3 5
0 4
3 5
1 4
5 5
8 5
11 5
6 3
6 4
2 5
17 5
9 5
2 1
21 5
20 5
16 5
0 3
0 5
4 5
1 5
0 5
3 2
7 3
10 4
5 4
5 5
6 5
5 5
1 5
12 5
3 5
6 1
15 5
1 5
2 5
0 5
14 5
5 5
2 5
7 5
1 4
10 4
6 5
4 5
0 5
1 5
2 1
5 1
1 5
1 5
1 4
0 5
6 2
56 5
1 3
5 4
39 4
1 5
9 5
20 5
1 4
3 2
41 4
14 5
5 5
4 5
7 5
3 5
9 5
3 5
12 5
2 5
2 5
17 3
4 5
12 5
34 5
4 5
14 5
21 3
3 5
3 5
0 5
1 5
3 5
20 5
21 5
2 5
2 2
3 4
15 5
0 5
1 2
10 5
1 5
1 5
3 3
11 2
7 2
12 5
0 4
5 5
1 5
6 5
2 5
10 5
2 5
4 5
14 2
0 5
21 5
3 5
8 5
10 5
62 5
0 4
8 5
6 5
1 5
3 4
21 5
3 5
2 3
12 5
4 3
0 5
5 5
1 4
11 5
10 3
2 3
25 5
0 5
0 4
3 3
3 4
0 1
9 5
6 5
4 5
1 4
1 4
5 5
8 5
2 5
1 3
3 3
5 4
5 1
2 5
4 4
1 4
5 3
4 5
3 4
4 5
1 5
4 2
3 5
12 5
3 5
1 3
1 4
34 4
4 5
9 1
3 3
33 4
22 5
3 5
4 3
10 5
4 5
5 3
22 3
0 4
4 4
10 5
26 5
3 1
34 1
2 5
12 5
0 5
14 2
0 5
6 5
9 5
8 5
8 5
0 5
11 5
14 5
0 5
18 5
2 5
10 5
4 4
7 3
10 4
15 3
11 5
9 4
0 5
0 3
2 5
24 4
3 4
19 2
14 2
1 4
39 5
2 5
0 4
1 3
3 4
2 5
11 5
6 2
4 4
8 1
7 4
6 5
11 1
7 5
5 5
2 5
7 5
8 4
0 5
11 5
1 4
166 5
11 5
12 5
4 5
5 5
21 5
7 5
8 5
12 5
22 5
5 5
9 5
19 5
6 3
16 5
9 1
7 1
21 1
27 5
7 4
16 5
91 5
4 4
18 1
5 5
7 1
0 1
20 5
0 4
5 2
2 1
3 1
2 5
0 5
3 5
0 3
0 2
3 5
18 4
0 4
40 5
5 5
9 5
7 3
0 3
3 4
0 4
0 2
1 1
2 5
1 5
1 5
1 5
