5 5
4 4
9 3
2 4
13 5
8 3
7 5
3 4
20 5
0 4
2 5
0 5
13 5
7 5
0 5
6 5
13 5
2 5
4 4
3 4
2 4
20 5
6 2
4 5
21 5
22 4
31 5
3 5
1 5
6 5
0 4
1 4
1 3
4 5
11 5
37 4
3 5
3 4
4 5
11 4
9 5
2 5
2 4
39 5
6 4
3 4
10 4
12 5
4 5
8 4
32 5
90 5
11 3
13 5
1 4
0 5
19 3
5 5
37 5
6 4
0 4
12 5
3 5
11 5
9 5
4 5
11 5
2 5
1 5
1 5
3 5
7 5
2 5
6 5
22 5
6 4
0 4
4 5
1 3
0 3
4 5
6 5
2 4
20 5
7 5
339 5
20 5
20 4
3 4
4 4
0 5
6 5
2 4
64 5
4 5
18 5
0 5
5 4
2 4
6 4
2 5
0 4
10 5
496 5
21 5
1 5
2 5
10 5
2 4
24 5
3 5
13 4
0 3
6 4
15 5
2 4
3 4
2 5
7 5
4 4
2 2
17 4
1 4
4 5
7 4
0 4
20 5
7 4
9 3
3 4
0 3
2 4
8 5
1 3
7 5
0 5
4 5
0 5
41 5
12 5
10 5
2 5
21 1
23 4
12 4
1 4
2 4
15 5
0 4
4 4
2 5
1 4
7 3
99 4
4 5
158 5
7 3
3 4
8 4
1 4
2 4
23 5
13 5
22 1
2 5
6 4
2 5
1 4
8 4
25 5
5 5
1 4
124 5
2 5
1 4
6 4
3 4
6 4
6 4
0 4
8 5
5 5
8 5
6 4
4 5
0 5
0 5
11 4
40 5
2 4
1 4
2 4
1 5
12 5
29 5
2 5
3 4
18 2
24 4
6 3
18 5
7 5
2 5
1 5
6 5
4 5
113 4
19 3
35 5
20 4
3 5
44 5
23 4
4 4
329 5
0 4
4 5
6 5
10 4
8 5
7 4
14 3
2 4
2 5
1 4
1 5
31 5
5 4
3 5
2 4
8 5
9 5
3 5
20 4
11 5
3 5
18 4
165 4
2 3
4 4
35 3
21 5
27 5
5 5
26 5
40 5
32 5
6 3
13 4
5 5
89 5
7 5
41 3
3 5
4 5
0 4
2 5
11 5
37 5
10 4
7 5
0 5
18 5
2 4
32 5
53 5
0 5
20 5
9 5
4 3
8 5
14 3
3 4
3 5
12 5
0 5
6 4
2 5
8 5
0 4
17 5
12 3
1 5
3 5
1 2
1 4
8 5
13 2
9 5
37 5
0 4
24 5
26 5
6 4
1 4
12 5
2 5
5 4
5 5
1 4
9 4
6 4
1 5
42 5
2 5
3 5
24 5
7 4
6 4
4 5
10 5
4 4
113 3
7 4
7 3
2 4
4 4
14 5
9 4
13 4
118 5
3 4
5 5
2 5
0 3
7 3
0 5
29 5
1 4
6 4
17 5
3 5
23 5
0 5
1 5
6 5
27 4
159 5
2 4
15 4
15 5
18 5
41 5
11 3
52 4
4 5
9 4
7 5
0 4
5 5
5 5
5 5
8 4
8 3
25 4
13 5
3 5
1 3
6 3
3 4
1 5
2 5
1 4
6 5
2 5
6 5
10 4
28 5
12 5
6 5
11 3
1 5
6 5
2 4
7 4
27 4
2 5
11 4
5 3
11 5
18 4
3 3
11 4
2 3
9 5
6 3
22 5
10 2
13 5
7 4
17 5
17 5
36 5
27 5
4 4
34 5
17 5
7 4
4 4
14 5
7 5
8 4
168 5
15 4
20 4
28 2
94 5
9 5
64 4
3 4
14 4
3 3
14 3
376 3
11 5
13 5
65 5
49 5
29 5
35 5
5 4
6 5
10 5
0 4
2 5
0 4
9 4
3 5
7 5
6 5
2 4
6 5
0 5
4 5
8 5
7 5
3 5
6 5
6 5
5 4
8 4
10 4
0 4
34 5
2 4
24 4
13 4
5 3
12 4
0 3
12 5
79 5
16 5
60 4
35 4
5 5
4 3
25 5
3 4
1 5
8 5
11 4
2 4
37 4
41 5
111 5
14 5
0 5
34 5
21 5
7 4
29 5
9 4
6 4
21 4
2 4
7 5
21 4
6 4
0 5
9 5
6 3
13 5
4 4
24 5
7 5
82 4
23 4
4 5
17 5
6 5
38 5
66 4
18 4
9 5
8 4
22 4
3 4
4 5
104 5
4 3
1 4
91 5
1 5
14 4
2 5
0 4
3 5
11 4
7 5
13 5
41 5
2 4
22 3
38 2
86 4
265 5
2 3
0 2
13 4
11 5
80 4
11 4
10 4
8 3
25 2
52 3
12 2
88 5
74 4
3 5
2 4
24 5
11 3
19 5
11 5
58 5
7 5
4 3
8 4
9 4
3 4
15 4
1 4
5 4
1 4
13 5
7 4
29 5
3 4
21 5
94 5
17 4
4 3
13 4
2 3
25 4
14 4
11 5
114 4
1 5
22 5
6 4
5 3
6 2
3 5
19 3
14 5
8 4
1 4
15 5
6 3
24 5
28 5
4 4
15 4
20 2
29 2
12 1
9 4
