4 5
1 5
8 5
9 5
1 5
19 5
25 4
1 5
6 5
4 5
5 5
6 5
7 5
8 5
3 5
29 4
3 4
0 5
1 5
5 5
5 5
19 5
20 5
12 5
20 5
14 5
0 4
12 5
10 5
15 5
4 5
3 4
4 3
1 4
3 5
6 4
2 4
18 5
4 3
0 4
23 5
16 3
6 4
8 5
10 5
16 5
1 4
6 5
5 5
5 4
26 5
7 4
9 4
7 5
21 5
6 5
9 5
2 5
2 5
27 4
5 5
7 3
1 5
9 4
4 4
8 4
4 5
12 5
12 5
1 5
8 5
2 4
4 5
0 4
3 3
6 5
1 3
1 5
4 5
8 5
1 5
8 5
5 4
7 4
74 5
5 5
174 5
28 5
12 5
11 5
10 5
15 5
2 5
5 4
5 5
6 5
2 5
1 5
10 5
11 5
3 5
2 5
4 5
10 5
8 5
4 5
5 5
2 4
3 4
4 4
1 5
1 3
5 4
1 4
3 4
4 4
1 4
1 5
13 5
15 4
8 4
22 5
2 5
11 4
12 5
5 5
5 5
2 4
3 5
2 3
8 5
2 4
5 3
3 5
11 4
4 4
35 5
17 5
3 5
3 5
1 5
3 4
6 5
3 5
0 5
8 5
2 4
4 5
5 5
7 5
14 4
11 5
3 5
1 4
0 5
3 5
3 5
3 5
33 5
4 5
12 5
8 5
1 5
2 5
2 5
3 5
0 4
0 5
5 5
6 3
0 5
9 5
6 4
2 5
9 5
17 5
7 5
1 5
0 5
1 5
0 5
6 5
1 5
0 5
2 4
2 3
4 5
3 5
3 5
9 5
4 4
2 4
3 5
0 5
5 5
5 5
7 5
4 4
5 5
8 4
37 4
0 5
4 5
4 4
2 5
4 5
5 4
9 5
4 5
4 5
3 5
6 5
4 4
8 5
5 5
1 4
4 5
12 4
4 5
3 4
10 4
11 5
5 5
7 5
20 5
2 5
5 5
0 4
11 5
1 5
4 3
7 4
1 5
4 4
0 4
11 5
8 4
3 5
2 4
5 4
2 4
41 5
0 4
45 5
2 5
0 5
5 5
0 3
4 5
2 5
2 5
0 4
24 5
6 5
4 5
2 5
6 4
16 5
11 5
1 5
21 5
4 5
6 4
17 4
0 5
8 5
8 5
46 4
6 3
1 3
1 5
15 5
20 5
15 3
10 5
13 5
4 5
8 4
8 5
1 5
2 4
7 3
7 5
8 5
0 4
8 5
3 5
2 5
1 4
3 5
1 4
6 5
2 5
1 5
2 5
2 5
2 5
4 5
1 5
3 5
16 5
10 5
4 5
2 5
2 5
1 5
4 5
14 5
8 5
4 5
4 5
2 5
3 4
3 5
1 5
0 5
13 4
19 5
5 4
9 5
0 3
3 4
0 5
1 5
2 5
4 5
11 5
1 5
25 5
1 4
4 5
29 5
6 5
8 4
3 4
3 5
2 4
1 5
4 4
3 5
22 5
4 3
2 5
3 5
7 5
2 3
0 5
3 5
54 5
12 5
6 5
6 5
1 4
9 5
14 5
10 4
4 5
1 5
2 5
8 5
0 5
1 5
1 5
4 5
8 5
3 5
4 4
1 5
3 4
1 4
44 5
0 5
8 5
15 5
3 4
9 3
2 4
7 4
10 4
31 5
2 3
1 5
3 5
12 5
11 4
3 4
5 5
2 5
5 5
2 4
9 4
17 5
4 4
5 5
8 5
13 5
8 5
29 5
24 5
3 5
3 4
1 3
1 5
10 5
5 5
1 4
7 5
0 4
3 4
0 5
5 5
0 4
3 5
15 5
2 4
4 5
18 5
13 5
3 4
2 5
3 4
5 5
2 4
0 5
4 5
28 4
5 5
1 5
7 5
3 5
3 5
1 5
14 5
7 5
4 5
10 4
16 4
5 5
1 5
9 5
6 5
4 5
3 5
9 5
1 4
5 5
2 4
4 5
1 5
2 3
5 3
3 5
14 5
8 5
7 5
2 5
15 5
10 4
4 5
9 5
28 5
8 5
2 5
2 4
29 4
1 4
2 5
8 5
2 5
8 5
0 4
4 3
5 5
2 5
6 3
14 5
1 5
21 5
15 5
34 5
56 5
16 5
3 5
2 3
12 4
8 5
3 5
8 5
2 4
9 5
37 5
2 5
5 4
9 4
17 5
11 5
5 4
5 5
3 4
4 5
0 4
75 5
9 5
11 5
8 5
17 5
14 5
4 5
10 5
10 4
2 5
9 5
4 5
2 5
4 5
8 4
0 5
20 4
2 4
0 4
3 4
4 4
3 5
2 5
42 4
25 5
3 4
24 5
3 5
2 4
6 5
2 5
4 5
4 5
4 4
15 5
2 5
5 5
5 5
14 5
8 5
2 5
10 4
5 5
3 5
3 4
8 5
8 5
2 5
3 4
13 4
43 5
15 5
3 5
13 5
7 5
14 5
93 5
102 5
4 4
6 5
10 5
46 4
14 5
4 5
22 5
19 5
9 5
73 5
116 5
4 5
2 4
1 4
2 4
3 4
2 4
15 5
23 5
4 4
10 5
6 4
2 5
1 5
26 5
7 4
1 4
6 4
31 5
0 4
1 4
2 4
1 4
5 4
92 5
2 4
17 5
0 4
8 5
17 5
205 5
8 5
3 4
3 5
1 5
6 5
4 4
5 5
7 4
6 5
2 4
2 5
4 5
3 4
10 5
10 5
6 4
5 4
26 5
17 5
4 5
10 5
5 5
33 5
9 5
20 4
3 5
5 5
0 4
6 5
67 5
3 4
1 5
12 5
3 4
1 4
1 4
4 4
1 4
8 5
7 4
45 5
14 5
18 5
7 5
13 5
31 4
32 5
9 5
8 4
0 5
3 5
8 5
4 4
2 5
87 5
153 5
1 4
7 5
11 5
5 5
6 5
2 4
11 5
13 4
19 5
3 3
6 4
4 4
9 5
82 5
3 4
1 5
2 5
3 5
10 5
2 3
5 4
6 3
4 4
33 4
13 5
7 5
12 3
12 3
12 5
26 5
7 5
44 4
1 3
7 4
126 5
1 3
3 5
8 5
2 4
9 5
26 5
19 5
1 5
30 5
4 4
21 5
7 5
27 5
1 4
2 4
6 4
8 3
88 4
90 5
34 5
6 3
1 5
6 4
1 4
9 3
1 4
1 3
13 5
1 4
12 4
24 5
25 5
2 4
1 4
10 4
4 5
54 4
6 4
3 3
15 5
7 3
8 3
8 4
10 4
