13 3
13 5
107 5
11 4
3 5
1 5
7 5
9 5
11 5
19 5
3 5
17 5
16 5
4 5
11 5
15 5
3 4
2 5
5 5
9 3
12 5
10 5
6 5
6 5
13 5
8 5
4 5
117 5
11 5
0 5
19 5
4 4
8 5
4 5
13 4
3 2
9 5
2 5
13 5
5 5
7 5
3 5
0 5
13 5
7 5
4 5
13 5
3 5
32 5
1 5
5 5
25 5
9 5
10 5
7 5
2 5
12 5
1 5
7 5
1 5
5 5
8 5
2 5
43 5
11 5
2 5
11 5
3 4
3 5
4 5
7 5
4 5
4 5
2 4
38 5
14 1
7 5
2 5
20 3
49 5
5 5
6 5
2 5
1 5
30 5
2 4
15 5
18 5
34 5
3 5
1 5
7 5
4 5
0 5
17 5
7 5
2 5
5 5
12 5
6 5
16 5
5 5
4 4
19 5
5 5
5 5
6 5
6 5
2 5
0 5
1 5
5 5
5 5
2 5
1 5
5 3
1 5
3 5
3 5
5 5
1 5
3 5
25 5
4 5
3 5
15 5
6 4
12 5
5 5
16 5
10 5
30 5
5 5
14 5
0 5
1 5
3 5
0 5
0 5
0 5
0 5
1 5
4 5
7 5
4 5
8 5
5 5
1 5
17 3
0 5
6 5
0 5
1 5
35 5
3 5
5 4
1 5
7 5
1 5
5 5
4 5
3 5
2 4
19 5
4 5
2 5
4 5
4 5
10 5
5 5
6 5
3 5
2 5
1 4
1 5
7 5
1 5
12 5
8 3
2 5
2 5
4 5
14 5
22 5
7 5
8 5
4 5
3 5
5 5
27 5
12 2
10 5
6 5
1 5
42 5
1 5
30 5
0 5
1 5
13 5
2 5
11 5
3 4
10 5
6 5
11 5
5 5
7 5
22 4
3 5
5 5
13 5
3 5
7 3
2 5
9 5
2 5
3 5
6 5
6 5
3 5
5 5
3 5
7 5
6 5
3 5
3 5
22 4
6 5
1 5
1 4
0 5
7 5
7 4
3 5
3 5
2 5
4 5
9 5
12 5
3 5
3 5
8 5
5 5
16 5
21 5
4 4
8 5
3 5
23 5
7 5
12 5
5 5
16 5
155 5
37 5
10 5
5 5
8 5
5 5
7 5
13 5
8 5
3 5
4 5
11 5
4 5
2 5
2 5
13 1
4 5
4 5
6 5
4 5
13 1
6 5
14 5
3 5
11 5
13 5
8 5
29 5
9 5
6 5
10 5
7 5
15 5
9 5
13 5
1 5
6 5
4 5
5 5
4 5
6 4
5 5
3 5
21 5
1 5
9 5
4 5
32 5
25 5
8 5
6 5
0 5
2 5
4 5
38 5
2 5
17 5
8 5
0 5
7 5
32 5
13 5
3 5
20 5
6 5
11 5
8 5
1 5
4 5
11 5
5 5
3 5
16 5
26 5
30 4
7 5
25 5
8 5
12 5
30 5
10 4
3 5
2 5
3 5
20 5
2 5
2 5
1 5
13 5
2 5
6 5
80 5
14 5
19 5
15 5
19 5
0 5
1 5
1 5
3 5
9 5
7 5
9 5
18 5
3 5
8 5
7 5
2 5
4 5
2 5
4 5
67 5
5 5
5 5
3 5
10 5
3 5
11 5
7 5
30 5
5 5
17 5
10 5
6 5
9 5
0 5
20 5
6 5
3 5
31 5
19 5
4 5
5 4
10 5
3 5
24 5
1 3
47 4
3 5
10 5
16 5
3 4
6 5
2 5
1 5
12 5
14 5
6 5
10 1
10 5
5 5
16 5
11 5
8 5
3 5
33 5
25 2
31 5
3 5
27 5
6 5
4 5
5 5
3 5
2 5
16 5
4 5
21 5
9 5
12 5
3 5
42 5
2 5
9 3
16 5
12 5
0 5
6 5
8 5
19 5
46 5
9 5
7 5
2 5
7 5
1 5
8 5
2 5
14 5
6 1
13 5
8 5
21 5
170 5
2 5
10 5
1 5
8 5
24 5
4 5
3 5
32 2
8 5
9 5
39 5
3 5
5 5
0 5
3 5
1 5
19 5
38 5
50 5
33 5
6 5
2 5
4 5
26 5
4 5
0 5
6 5
2 5
12 5
21 5
3 5
14 5
8 5
3 5
3 5
8 5
4 5
5 5
10 5
2 5
4 5
14 5
2 5
38 5
2 5
17 5
4 5
5 5
31 5
2 5
2 5
4 5
0 5
1 5
7 5
3 5
6 5
9 5
2 5
2 5
10 5
7 5
4 5
1 5
1 5
20 5
10 5
6 5
1 5
9 5
7 5
4 5
4 5
18 5
5 5
5 5
10 5
3 5
4 2
3 5
0 5
7 5
19 5
3 5
40 5
6 5
2 5
4 5
2 5
21 5
13 5
4 5
39 5
1 5
6 5
5 5
3 5
7 4
9 5
3 5
3 5
36 5
3 5
1 5
14 5
6 5
4 5
6 5
11 3
1 5
21 5
28 5
5 5
5 5
12 5
8 5
18 5
8 5
22 5
14 5
3 5
13 5
14 4
13 5
3 5
3 5
3 5
11 5
49 5
10 1
11 5
6 5
11 5
18 3
8 5
5 5
4 5
38 5
3 5
1 5
9 5
2 4
5 5
4 5
14 5
11 5
10 5
8 5
15 5
6 5
3 5
5 5
19 5
7 5
2 5
3 5
2 5
10 5
1 5
11 5
4 5
12 5
10 1
20 2
6 5
4 5
13 5
16 5
7 5
2 4
1 5
6 5
13 5
21 5
13 5
2 5
4 5
2 5
53 5
3 5
10 5
5 5
5 5
4 5
8 5
9 5
5 5
4 5
2 5
5 5
5 5
2 5
17 5
9 5
1 5
64 5
3 5
24 5
2 5
4 5
0 5
2 5
5 5
35 5
8 5
4 5
15 5
65 5
4 5
21 5
23 5
31 5
4 4
6 5
91 5
28 5
12 5
2 5
4 5
4 5
5 5
29 5
2 5
6 5
51 5
40 5
3 5
7 5
8 5
8 2
13 5
3 5
6 5
5 5
16 5
3 5
62 5
24 2
25 5
26 5
16 5
67 5
7 5
14 5
8 5
1 5
22 5
10 5
18 5
8 5
7 5
32 5
7 5
16 5
1 5
24 5
24 5
8 5
12 5
6 5
8 5
4 5
5 4
86 5
9 5
6 5
15 5
3 5
76 5
3 5
12 5
46 5
8 4
6 2
51 5
2 5
5 4
31 5
44 5
16 5
12 5
49 4
12 5
13 5
14 2
28 5
4 5
11 5
7 5
46 5
39 5
14 5
8 5
10 5
13 4
12 5
10 4
17 5
14 5
30 5
22 5
100 5
23 5
56 5
138 5
79 5
355 5
44 4
37 5
260 5
14 4
27 5
34 5
11 4
19 4
7 5
5 4
42 5
48 5
5 5
27 5
38 5
20 5
9 4
5 5
16 5
11 5
6 5
12 4
12 5
5 5
13 5
17 5
4 5
4 5
19 4
17 5
75 5
7 1
23 5
2 5
42 5
17 5
66 5
7 5
5 5
19 5
17 4
165 3
9 5
44 5
5 5
2 5
2 5
4 5
5 3
6 5
6 5
6 1
2 5
14 5
12 5
2 5
6 1
7 5
10 5
2 5
42 5
3 5
1 5
4 5
5 5
265 5
9 3
8 5
2 5
8 5
19 5
32 5
10 5
4 4
23 5
12 4
0 3
5 4
26 5
34 5
5 4
9 4
9 2
4 5
3 5
5 4
17 4
6 5
2 4
16 5
26 5
4 5
3 4
1 5
6 1
