4 5
10 5
49 5
4 5
6 5
12 5
11 5
6 5
1 5
0 5
18 5
1 4
23 3
17 4
9 4
8 5
4 5
6 4
4 4
7 4
16 5
5 3
5 5
3 4
8 5
5 5
8 4
14 5
3 5
17 4
7 4
4 4
1 3
10 5
2 4
3 5
11 4
2 4
6 4
19 5
2 5
5 5
2 4
6 4
9 5
4 4
5 4
5 4
23 5
7 5
5 4
4 4
12 5
17 5
4 4
5 4
1 4
3 5
3 4
1 4
5 5
58 5
14 5
9 5
8 5
5 3
2 5
3 5
3 5
2 5
9 5
9 5
16 5
1 4
10 5
27 5
0 4
8 4
16 4
30 5
191 5
7 4
9 4
9 5
11 4
25 5
13 4
9 4
12 4
18 5
7 5
10 4
11 4
90 5
9 5
11 5
18 5
23 5
9 4
18 5
11 4
15 5
18 4
6 5
10 4
15 4
9 5
12 5
15 5
6 5
9 4
12 5
10 4
7 5
8 5
18 5
12 4
14 5
13 5
17 5
14 4
12 5
9 4
13 4
29 5
8 5
26 5
5 4
4 4
4 5
11 4
5 5
5 4
3 4
3 4
6 4
11 5
1 4
18 2
16 5
9 5
7 4
13 4
14 5
13 5
13 5
6 5
50 5
8 5
11 5
13 5
9 4
4 4
10 4
6 4
12 4
2 4
8 4
4 5
17 5
6 4
7 5
11 4
4 5
4 4
10 5
8 5
9 5
6 5
13 5
1 5
1 5
3 5
2 5
8 5
5 5
22 5
4 5
12 5
15 5
24 5
1 5
7 5
9 5
8 5
9 5
8 5
5 5
21 5
9 5
3 5
20 5
14 5
5 5
10 5
8 5
10 5
15 5
2 5
6 5
17 5
11 5
12 5
6 5
6 5
6 5
9 5
18 5
10 5
11 5
11 5
9 5
37 5
9 5
6 5
10 5
10 5
7 4
4 5
5 5
63 5
12 5
5 5
9 5
15 5
6 5
6 5
8 5
20 5
22 5
14 5
13 5
7 5
15 5
10 5
17 5
2 5
4 5
12 5
4 5
10 5
4 5
5 5
7 5
13 5
8 5
5 5
11 5
21 5
11 5
12 5
2 5
8 5
12 3
12 5
15 5
12 5
3 5
4 5
3 5
6 5
1 5
0 5
23 5
18 5
11 5
5 5
4 5
5 5
3 5
15 5
19 5
16 5
2 5
4 5
6 5
4 5
5 2
8 5
7 5
6 5
9 5
8 5
6 5
7 5
6 5
4 5
4 5
4 5
8 5
3 5
1 5
1 5
10 5
17 5
10 5
0 5
2 5
6 5
5 5
5 5
3 5
3 5
6 5
1 5
9 5
22 5
2 5
9 5
10 5
10 5
20 5
8 5
10 5
7 5
8 5
12 5
4 5
6 5
32 5
12 5
14 5
13 5
15 5
2 5
4 5
1 5
1 5
6 5
1 5
5 5
2 5
1 5
22 5
1 5
1 5
3 5
3 5
14 5
12 5
1 5
3 5
16 5
13 5
51 5
5 5
2 5
1 2
6 5
14 5
8 5
8 5
5 5
17 5
0 5
3 5
2 5
1 5
5 5
7 5
1 5
2 5
9 5
11 5
2 5
21 5
0 5
9 5
13 5
13 5
2 5
4 5
5 5
6 5
5 5
7 5
30 5
4 5
18 5
3 5
6 5
4 2
38 5
1 5
0 5
1 5
8 5
1 5
2 4
12 5
3 5
3 5
5 5
12 5
5 5
4 5
1 5
4 5
7 5
5 5
6 5
11 5
8 5
4 5
2 5
2 5
2 5
8 5
14 5
10 5
18 5
17 5
5 5
2 5
17 5
3 5
8 5
7 5
24 5
4 5
2 5
17 5
14 5
5 5
0 5
14 5
10 5
8 5
6 5
1 5
3 5
3 5
6 4
3 5
12 5
3 5
12 5
12 5
3 5
7 5
2 5
3 5
6 5
7 5
8 5
1 5
5 5
10 5
1 5
1 5
0 5
3 5
3 5
2 5
1 5
4 5
15 5
8 5
16 5
2 5
5 5
4 5
7 5
12 5
10 5
8 5
12 5
4 5
7 5
1 5
14 5
4 5
4 5
13 5
7 5
12 5
4 5
12 5
6 5
11 5
2 4
2 5
33 5
17 5
17 5
0 5
4 5
5 5
5 5
6 5
9 5
4 5
16 5
11 5
36 5
0 5
9 5
10 5
2 5
1 5
5 5
9 5
21 5
5 5
4 5
7 5
1 5
28 5
10 5
11 5
39 5
3 5
5 1
167 5
3 5
11 5
7 5
6 5
5 5
7 5
7 5
2 5
3 5
7 5
6 5
5 5
1 5
1 5
2 5
4 5
8 5
3 5
2 5
2 5
4 5
4 5
10 5
5 5
13 5
6 5
6 5
2 5
20 5
1 5
1 5
1 5
2 5
19 5
30 5
1 5
3 5
1 5
1 5
14 5
1 5
11 5
9 5
9 5
11 5
20 5
9 5
12 5
23 5
9 5
12 5
11 5
11 5
10 5
9 5
4 5
7 5
10 5
7 5
16 5
2 5
29 5
18 5
17 5
2 5
2 5
6 5
8 5
8 5
5 5
4 5
0 5
9 5
1 5
2 5
5 5
19 5
33 5
18 5
29 5
7 5
5 5
3 5
2 5
13 5
6 5
7 5
8 5
1 5
8 5
1 1
16 5
15 5
17 2
27 5
30 5
11 5
0 4
8 5
4 1
11 5
4 4
1 2
2 5
2 5
4 5
2 5
2 5
2 5
1 5
1 5
4 5
1 5
4 5
4 5
10 5
1 5
1 5
9 5
3 4
2 5
19 5
1 5
5 5
5 5
25 5
5 5
11 5
1 5
5 5
16 5
4 5
29 5
0 5
4 5
0 5
3 5
7 5
2 5
8 5
1 5
6 5
6 2
2 5
3 5
0 5
1 5
3 5
1 4
2 5
0 5
8 5
1 5
2 5
7 5
2 5
2 5
0 5
9 5
1 5
7 5
1 5
4 5
8 5
3 5
0 5
0 5
1 5
3 5
2 5
1 5
6 5
3 5
3 5
1 5
3 5
1 5
2 4
1 5
4 5
2 5
83 5
3 5
1 5
5 5
6 5
1 4
19 5
1 5
0 5
8 5
0 5
10 5
1 4
16 5
3 5
11 5
0 5
21 5
4 5
4 5
4 5
26 5
10 5
4 5
1 5
2 5
52 5
1 5
3 5
7 5
10 5
2 5
0 5
7 5
31 5
2 5
4 5
28 5
14 5
6 5
18 5
13 5
0 5
4 5
5 4
2 5
2 5
1 5
0 5
11 5
2 5
0 5
1 5
2 5
2 5
2 5
8 5
1 5
7 5
5 5
3 5
4 5
8 5
8 5
3 5
10 5
7 5
2 5
5 5
7 5
14 5
0 5
6 5
8 5
5 5
4 5
3 5
10 5
1 5
3 5
15 4
1 5
4 5
3 5
3 5
0 5
4 5
0 5
0 5
2 5
2 5
2 5
1 5
9 5
7 5
10 5
3 2
1 5
0 5
1 5
4 5
0 5
1 5
2 5
2 5
0 5
0 5
