23 5
26 2
18 3
15 4
11 5
9 2
26 2
11 4
10 2
17 4
16 5
54 5
15 3
4 3
24 4
7 4
7 2
0 2
13 4
17 4
28 4
5 4
16 3
7 3
9 4
8 2
2 3
2 5
12 4
123 5
0 4
5 4
19 4
35 5
0 4
5 4
3 2
8 3
14 4
19 5
8 5
33 4
6 4
8 4
4 3
6 2
5 3
5 3
15 3
29 4
9 4
5 5
2 3
14 3
35 4
8 4
5 4
11 4
8 4
4 4
17 5
11 4
6 4
16 3
14 5
5 5
7 3
25 4
68 5
31 5
6 4
27 5
4 4
3 2
3 3
172 4
54 5
59 5
25 4
48 5
0 4
21 5
22 3
0 5
86 5
14 3
36 5
2 5
1 4
17 5
2 5
16 2
20 4
7 5
16 4
10 3
1 5
0 2
2 4
121 5
11 4
10 5
6 4
4 3
5 5
147 5
8 5
3 4
2 3
18 4
4 5
12 4
24 5
7 4
1 3
10 4
14 3
9 3
5 5
20 4
3 3
32 5
5 3
5 4
23 5
11 5
0 4
14 5
2 3
67 4
7 4
10 4
4 3
32 4
5 3
9 5
35 4
3 3
16 5
7 4
3 5
3 5
8 3
59 5
9 5
5 3
19 3
0 4
6 4
1 3
88 5
4 4
4 2
2 4
5 4
7 3
1 5
33 5
15 3
34 5
8 5
12 5
2 4
6 2
4 4
24 5
7 5
100 5
6 5
2 3
6 3
17 5
15 3
2 4
12 4
2 3
24 5
8 4
2 4
3 3
5 3
3 4
0 4
9 3
8 4
19 4
9 3
41 3
8 5
4 4
47 5
34 4
6 5
4 5
9 4
2 5
5 4
22 5
1 3
6 5
20 4
6 3
17 5
4 3
19 4
0 3
8 5
20 3
33 5
3 5
3 5
15 2
2 3
61 5
4 2
3 3
42 4
22 5
5 5
8 5
14 5
3 4
7 3
2 3
4 3
14 3
5 5
13 5
1 4
12 3
3 3
5 3
8 4
3 3
10 3
8 4
2 2
7 5
1 5
6 4
1 4
1 2
3 2
7 3
0 3
12 3
2 5
12 4
24 5
17 3
18 5
12 5
15 4
5 3
27 3
8 5
30 3
1 3
2 4
2 3
6 3
5 4
0 4
0 2
5 3
7 5
7 4
8 5
5 5
16 4
6 3
54 4
52 2
1 4
3 4
1 3
9 4
10 5
31 3
0 5
0 4
216 4
2 4
28 5
9 3
0 3
1 3
10 5
4 5
16 5
8 4
21 4
3 4
2 3
10 5
6 4
8 4
11 2
3 3
1 4
10 5
4 3
3 3
8 5
14 3
17 5
4 4
1 3
3 2
3 4
3 5
4 4
7 4
10 2
3 4
17 5
7 5
8 4
9 4
26 3
5 4
10 5
17 5
18 4
26 3
13 3
24 4
37 5
3 4
11 4
3 3
7 4
5 3
6 4
3 5
14 5
25 3
4 2
7 2
5 5
6 5
14 5
3 5
9 4
7 3
4 4
8 5
3 4
8 5
5 2
8 4
7 5
9 3
2 3
20 2
7 4
6 3
6 4
16 5
8 5
3 3
13 5
7 3
1 5
3 4
3 3
3 3
6 5
6 4
7 5
3 4
4 3
6 4
5 4
13 2
2 5
15 5
15 3
11 3
3 4
1 3
5 5
3 3
2 3
9 4
4 3
3 3
16 2
3 5
19 3
8 4
27 4
9 4
4 5
4 4
4 4
5 4
3 5
11 4
2 4
12 5
3 2
5 4
9 4
77 5
2 4
14 1
0 5
19 5
3 2
15 4
8 3
0 3
5 4
0 5
5 3
2 3
8 3
5 5
3 4
1 3
12 5
552 5
4 5
4 4
2 5
8 4
14 5
3 3
13 5
4 3
16 5
5 4
6 3
10 4
9 4
19 5
15 5
6 4
12 5
6 5
6 5
6 4
12 3
3 3
43 5
10 4
1 4
3 3
7 5
5 4
9 5
7 4
3 3
4 4
2 4
6 5
2 3
2 4
14 5
2 4
6 3
5 3
1 4
8 4
4 3
4 4
26 5
13 5
4 4
2 3
3 3
1 4
13 4
12 4
13 5
2 2
4 4
1 4
3 2
20 4
7 5
4 3
11 5
31 3
8 4
11 4
8 2
0 3
2 5
8 3
5 3
16 5
1 2
13 5
11 4
4 3
1 2
11 3
17 5
14 5
4 3
3 3
2 5
2 4
6 4
3 4
46 5
1 3
1 4
18 4
6 3
3 5
14 3
4 5
4 4
3 4
9 5
0 3
15 5
8 2
2 5
4 5
9 4
4 5
8 4
10 3
37 5
18 2
6 5
8 4
10 4
18 5
3 3
14 3
21 4
7 4
4 3
6 4
16 5
9 5
1 4
11 4
6 2
11 4
9 5
4 5
5 3
10 5
18 4
21 4
7 4
2 5
1 3
0 3
4 4
10 4
9 4
5 5
3 5
7 5
17 4
7 4
11 4
4 4
8 5
19 5
1 3
4 5
11 5
7 4
13 4
10 5
2 4
9 4
5 3
12 5
8 5
5 4
3 5
4 4
2 3
21 5
9 4
7 4
7 3
3 4
20 4
21 4
5 5
6 3
5 5
4 4
1 4
6 4
6 3
4 4
8 4
4 4
9 4
7 4
10 2
4 3
11 5
3 2
12 4
29 4
5 3
10 3
3 4
2 4
5 3
18 5
7 4
3 3
9 5
7 3
27 4
4 4
19 4
19 5
7 5
13 5
4 3
13 4
6 4
10 4
5 3
8 5
7 2
9 5
15 4
5 4
11 3
34 5
3 4
19 3
9 5
2 2
4 4
5 5
6 4
5 3
4 4
3 3
8 3
3 4
9 4
1 3
10 4
7 3
22 5
18 4
8 4
5 3
20 5
25 4
14 3
7 4
4 3
4 4
0 4
8 4
11 3
11 5
21 5
2 2
5 3
18 5
7 3
20 3
9 3
2 4
22 4
10 5
14 5
9 4
7 5
26 4
10 5
13 4
13 5
20 3
0 4
14 3
12 3
5 5
5 5
14 4
4 3
3 5
4 5
7 5
3 4
5 3
5 5
28 4
3 4
2 4
21 4
7 4
1 5
12 5
1 3
19 5
6 4
7 4
11 3
11 2
1 4
2 3
0 2
5 2
4 5
4 4
6 3
5 4
12 3
3 4
2 3
11 4
28 4
3 5
15 5
4 3
7 3
39 5
102 5
117 5
4 4
31 5
1 3
13 2
10 5
3 2
1 4
0 3
6 4
7 4
1 3
10 4
14 5
