1 5
12 5
1 5
1 3
15 4
10 2
10 5
8 5
6 5
4 5
30 5
4 5
0 5
1 5
0 5
3 5
5 5
0 5
1 5
7 5
2 5
2 5
6 1
0 5
3 2
2 4
3 5
6 4
0 5
1 5
8 5
3 4
15 5
1 5
2 3
7 4
3 5
0 5
0 5
0 5
1 5
1 5
0 5
5 4
0 5
0 5
4 4
1 4
1 3
1 4
1 4
4 5
1 4
2 5
3 2
10 5
2 4
10 5
6 3
7 5
15 5
3 4
10 5
2 4
5 5
4 5
6 5
2 5
0 5
9 5
8 5
0 5
0 5
3 5
25 5
5 5
4 5
2 5
1 4
0 4
1 4
1 4
4 5
9 5
2 2
0 3
1 4
2 2
2 3
4 5
1 2
0 5
7 5
24 5
2 2
0 4
5 5
5 5
5 5
3 3
1 3
10 5
7 5
17 5
39 5
5 5
8 5
7 5
3 2
3 5
8 5
6 3
2 5
2 5
2 5
6 5
9 4
12 5
4 5
5 5
0 5
0 4
6 5
6 4
14 5
0 3
8 5
0 5
6 5
4 5
0 2
2 4
2 5
4 5
7 5
14 1
3 4
11 5
0 5
0 4
21 5
1 5
5 5
4 5
5 3
1 4
2 4
0 4
2 4
10 5
16 5
1 3
19 2
1 5
0 3
11 3
2 5
14 5
7 5
3 5
2 5
3 5
4 5
1 4
0 5
3 5
11 5
9 5
3 5
3 5
0 4
2 5
0 5
4 5
8 5
5 4
0 5
0 5
5 5
3 5
8 5
0 4
8 5
9 5
1 4
52 5
16 5
5 5
11 4
1 5
0 5
10 5
8 5
9 5
16 5
9 5
1 4
0 5
10 5
2 5
1 5
6 5
6 5
4 5
6 5
3 5
5 3
0 5
22 5
1 5
3 5
12 3
0 5
1 5
4 4
4 5
0 5
0 5
8 5
2 5
7 5
0 5
3 5
2 5
20 1
45 5
11 5
2 5
5 5
3 4
0 5
4 5
11 5
4 5
4 5
6 5
6 3
1 5
11 5
12 4
17 5
4 5
7 5
2 5
2 5
1 4
0 3
4 5
0 4
3 5
0 5
5 5
18 5
5 4
4 3
1 4
14 5
7 4
1 5
3 5
0 5
7 5
1 5
0 2
17 5
16 5
5 5
1 5
14 5
13 3
3 5
5 5
2 5
4 5
4 4
3 5
11 5
0 5
21 5
0 4
20 5
0 5
2 5
8 5
2 5
38 5
8 5
1 3
4 5
6 5
11 5
8 5
5 5
6 5
2 5
1 5
2 5
4 3
9 5
11 5
4 5
3 4
4 3
3 5
1 5
2 5
2 5
6 2
1 5
9 4
6 4
1 5
5 5
35 5
1 5
4 3
14 4
4 5
8 1
2 5
0 5
14 5
2 5
12 5
18 5
4 5
29 4
0 5
12 5
6 5
5 4
2 5
1 5
4 5
4 5
5 5
1 4
2 5
20 5
2 5
7 5
58 5
8 5
8 5
11 5
1 5
5 4
0 5
14 5
5 5
6 3
12 5
8 5
5 5
11 5
2 5
8 5
31 5
4 5
3 5
6 5
8 5
3 5
13 5
2 5
42 4
1 4
1 4
7 4
5 5
1 4
1 4
1 4
0 4
5 4
1 4
4 5
0 5
2 5
6 4
3 5
1 2
38 5
1 4
20 5
2 5
12 5
10 5
3 4
7 5
5 5
4 5
1 3
2 3
0 5
1 5
15 4
3 5
11 5
0 5
5 4
2 5
8 5
5 4
2 5
1 5
1 4
3 5
7 4
2 4
7 4
6 4
2 4
12 5
0 5
6 5
3 5
3 5
1 5
12 4
8 4
8 5
8 5
12 5
0 3
5 5
5 5
15 5
3 5
17 5
1 4
11 5
3 5
2 4
5 5
22 5
10 4
0 5
3 5
0 5
1 5
4 5
3 5
0 5
5 5
1 4
3 5
1 5
4 5
1 4
6 5
15 3
10 5
10 5
1 4
2 5
16 4
14 4
21 5
0 3
2 5
11 5
10 4
6 5
1 5
9 4
4 4
6 3
2 3
3 4
0 5
15 4
8 5
2 5
1 4
1 4
6 5
6 5
3 5
1 5
6 5
3 5
10 4
11 5
4 5
1 5
6 5
1 5
2 5
8 5
2 5
0 5
5 5
2 4
6 5
6 5
10 5
3 5
0 4
3 1
6 5
6 5
4 1
7 5
7 4
4 5
25 4
1 3
1 4
2 5
2 3
6 2
2 5
1 2
0 5
0 5
