11 5
2 5
29 5
0 4
1 5
1 5
30 5
6 3
7 4
2 5
3 5
12 5
2 4
6 4
6 5
16 5
22 4
11 5
9 5
11 5
3 5
21 5
2 5
1 4
134 5
1 4
15 4
1 4
13 5
32 4
7 5
4 5
3 5
10 5
4 3
53 5
1 4
7 4
7 4
7 5
24 5
0 4
0 3
9 5
31 4
4 5
6 5
7 5
7 3
10 5
9 5
6 5
17 5
5 4
7 4
6 4
7 4
8 4
11 5
14 5
6 5
150 4
7 4
45 5
4 5
2 2
17 5
10 5
1 4
1 4
1 5
0 4
0 5
0 5
0 5
1 5
0 5
1 5
4 5
6 5
3 5
2 5
1 5
0 5
0 5
3 4
13 5
3 4
3 5
7 5
14 5
28 5
7 4
4 4
42 5
8 4
8 5
2 4
3 5
22 4
35 4
63 4
12 4
5 5
5 5
7 3
11 5
5 4
12 4
15 5
19 4
9 2
14 2
34 5
0 4
18 5
3 3
4 5
105 5
64 4
3 5
1 4
3 4
1 4
10 4
0 5
8 5
3 4
0 4
0 4
9 4
5 4
4 5
2 4
14 5
41 4
3 5
0 5
3 4
24 5
3 4
7 5
5 5
6 5
3 4
1 4
13 4
0 5
5 5
2 5
1 5
3 5
3 4
3 3
8 5
1 5
2 5
3 5
7 5
0 3
0 3
8 5
4 4
5 5
4 5
6 5
8 5
1 5
3 5
15 4
3 5
8 4
0 5
82 5
2 3
27 4
4 4
25 5
2 5
2 5
8 5
1 5
28 5
7 5
1 2
10 2
1 5
1 5
7 5
20 4
2 5
2 5
6 5
1 4
3 5
5 4
0 3
1 4
35 5
8 5
1 5
2 5
23 5
1 5
4 5
1 4
13 3
0 4
1 4
1 5
6 4
14 4
2 5
3 2
0 2
12 5
2 4
3 4
0 5
0 5
16 5
60 5
2 5
8 5
54 5
1 4
0 4
48 4
1 5
21 5
0 5
2 4
1 5
1 5
1 4
1 5
2 4
3 4
0 4
10 5
3 5
6 5
5 4
8 5
3 4
18 5
1 5
5 5
3 5
9 3
5 5
27 5
7 5
13 5
0 4
0 3
10 4
3 5
1 3
1 3
16 5
2 1
6 5
3 5
3 4
12 5
4 5
2 5
2 4
1 4
18 5
1 5
2 5
9 5
4 5
13 5
1 4
4 5
0 5
0 4
1 5
1 5
6 5
5 5
14 5
23 5
7 4
8 5
6 5
0 3
5 5
6 5
6 4
8 5
8 5
2 5
6 5
13 5
1 5
0 5
2 5
55 4
7 5
23 4
2 3
1 5
1 5
1 4
0 4
1 4
0 5
5 5
32 5
1 5
1 5
6 5
4 5
1 5
0 4
2 4
1 5
1 5
2 5
0 4
0 4
0 5
0 5
1 5
7 4
8 5
10 5
6 5
0 4
3 4
2 5
0 5
1 5
4 5
2 5
0 4
8 4
2 5
1 5
3 4
6 5
3 5
2 4
4 4
2 5
6 4
5 5
2 4
3 5
1 5
13 5
6 4
25 5
15 5
1 5
0 5
0 5
0 5
0 5
1 4
0 5
14 5
0 5
14 5
2 5
5 4
10 5
0 3
5 5
5 5
1 5
5 5
8 3
2 4
7 4
1 4
0 5
0 4
0 5
1 4
4 5
6 5
1 5
2 5
0 5
0 4
38 5
2 5
4 5
4 5
0 5
0 5
5 5
0 5
11 5
11 5
3 5
6 5
1 5
6 5
2 4
4 5
4 5
4 5
0 5
23 5
2 5
8 5
2 5
4 4
9 4
7 3
6 5
0 5
2 5
2 5
9 5
5 5
2 5
7 5
1 5
17 5
5 3
3 4
2 4
0 4
1 5
15 5
34 5
24 5
9 5
2 4
5 4
0 2
2 5
0 5
2 5
5 5
7 5
58 5
9 1
4 2
2 5
29 4
8 4
4 5
13 5
6 5
9 4
1 5
3 5
2 5
1 4
1 4
0 4
0 3
3 5
2 5
6 5
0 4
0 4
0 4
9 4
8 5
2 4
7 5
1 5
0 5
30 5
0 5
3 4
1 5
4 4
11 5
0 5
9 5
2 4
8 5
0 5
2 5
2 4
4 5
3 5
0 4
2 4
0 5
1 5
4 5
1 4
2 5
0 5
3 4
0 4
1 5
1 5
2 4
3 5
2 5
9 5
3 4
2 5
4 5
0 5
8 5
25 5
3 3
17 5
3 5
2 5
6 5
2 4
73 5
5 3
1 5
3 4
2 4
8 5
8 5
8 5
3 4
2 5
2 4
2 4
0 5
2 5
2 5
5 5
1 5
0 4
0 5
0 5
1 5
1 5
3 5
1 5
11 5
4 5
4 4
1 5
0 5
1 3
0 5
1 5
0 4
8 5
2 5
2 4
2 5
3 5
2 5
0 4
15 5
9 4
1 5
7 4
0 3
3 5
3 5
8 5
45 5
1 5
0 5
1 5
13 5
1 5
17 4
2 4
8 4
9 5
7 5
4 5
5 5
12 5
4 4
5 4
2 5
4 4
8 4
5 4
0 4
3 4
1 5
7 5
6 5
1 4
1 5
1 5
23 4
1 5
4 4
2 5
0 5
0 3
8 5
3 5
1 5
17 5
0 5
1 5
4 4
4 4
3 4
3 4
3 5
2 5
8 5
1 4
8 5
12 5
9 5
7 4
24 5
11 5
11 5
23 5
2 4
1 5
0 5
0 5
1 5
1 5
2 5
3 2
0 4
1 4
0 5
18 5
2 5
4 5
2 5
0 5
2 5
0 5
7 4
1 5
5 5
1 5
3 5
0 5
4 5
2 5
1 5
4 5
0 5
1 5
4 3
9 5
0 4
1 5
3 4
15 5
0 5
3 5
3 5
2 4
0 4
2 5
2 5
1 5
9 4
3 5
3 3
5 3
0 4
4 5
3 5
3 5
1 5
13 5
4 5
0 4
2 5
2 5
1 4
1 5
0 5
3 5
1 5
1 5
5 5
4 5
1 5
1 4
0 4
22 5
9 4
0 5
2 5
1 5
3 5
3 4
0 5
3 5
0 4
0 5
2 5
0 5
2 5
0 4
13 5
0 4
3 1
2 4
1 5
2 5
130 4
1 5
7 5
3 5
5 5
0 5
5 5
9 4
0 4
6 5
2 4
7 4
4 5
3 2
31 5
0 5
1 4
1 5
1 5
5 5
13 5
3 5
3 1
3 5
6 5
4 4
2 5
1 4
0 4
0 5
0 4
1 5
0 5
6 5
0 5
3 5
2 5
4 5
3 5
1 5
0 4
3 3
33 5
1 5
1 4
3 4
41 5
1 5
7 5
0 5
8 5
4 5
3 5
5 5
0 5
2 5
5 5
0 5
0 4
26 5
15 5
10 5
1 5
13 4
2 4
5 4
8 5
0 5
11 5
2 3
2 4
6 5
0 5
0 4
0 5
0 5
3 5
0 4
1 5
3 5
2 5
