6 4
12 5
4 5
24 4
41 5
12 4
16 5
32 5
32 5
10 4
11 4
11 5
8 5
12 5
8 4
3 4
7 5
26 5
12 5
159 5
90 4
6 4
3 4
6 4
12 5
7 5
12 4
3 4
7 5
4 5
15 5
13 4
34 5
5 4
47 5
26 4
43 4
27 4
11 5
5 4
5 5
2 4
16 4
7 5
5 4
13 5
4 4
4 4
15 4
27 5
11 5
22 5
9 4
3 4
4 5
3 3
12 5
2 4
0 4
4 4
3 4
123 5
4 5
2 5
38 5
12 5
7 5
2 5
9 5
14 4
2 4
41 4
2 5
25 4
7 4
6 4
8 5
6 4
3 4
265 4
6 5
7 5
0 5
17 5
4 4
8 5
9 5
3 5
2 4
1 5
3 4
2 5
4 4
12 4
60 5
2 4
8 4
21 5
14 5
71 5
54 5
11 5
18 5
18 2
24 5
4 4
4 5
6 5
5 5
19 5
13 5
54 5
2 5
92 4
6 5
1 5
1 4
4 4
3 4
4 3
17 5
0 4
3 5
11 4
5 4
23 5
7 5
21 5
6 4
1 5
42 5
2 5
9 5
8 5
4 5
7 5
16 5
4 4
1 3
5 4
2 4
2 5
1 5
55 5
2 3
8 5
3 4
2 4
1 4
0 4
3 5
6 5
21 5
3 5
7 4
4 4
4 4
0 5
7 5
11 4
2 4
0 5
0 3
6 4
4 4
3 4
3 5
4 4
4 5
1 5
0 4
4 4
3 4
1 5
14 5
23 5
2 3
1 4
6 5
1 5
3 4
1 4
5 5
4 5
1 4
13 5
12 5
6 5
14 5
2 4
136 5
4 5
6 5
3 4
5 4
6 5
1 5
0 4
1 4
3 3
16 5
2 5
0 5
18 5
2 5
70 5
0 4
2 4
28 5
1 4
1 4
6 4
10 5
12 4
30 5
13 5
64 5
31 5
3 5
10 5
7 4
7 3
44 4
3 3
5 5
7 4
6 4
4 4
9 5
8 5
11 5
7 5
8 4
36 4
9 4
31 5
7 5
5 5
172 4
109 5
10 4
8 5
4 4
50 5
6 4
5 4
0 5
1 5
3 3
3 5
7 5
9 4
11 5
18 5
6 5
3 5
90 5
5 5
11 5
9 5
7 4
34 5
49 5
10 5
40 5
12 4
2 4
11 5
25 5
64 5
8 4
51 5
8 5
5 4
15 5
7 5
6 4
7 5
26 5
155 5
7 4
8 4
17 5
5 4
10 4
11 4
8 4
10 4
6 4
13 4
17 4
18 4
6 3
24 4
12 4
28 5
35 5
20 4
6 5
16 5
40 5
8 5
10 5
9 1
66 4
29 5
14 5
20 4
59 5
31 5
226 5
2 5
4 4
14 5
34 5
3 4
9 5
2 4
6 4
22 5
18 4
2 4
8 5
11 5
11 5
186 5
2 4
13 4
4 5
1 4
10 5
10 4
17 5
19 5
1 5
4 5
11 4
5 4
17 5
0 4
2 5
19 5
5 4
17 4
1 4
9 5
2 4
7 5
23 4
1 4
47 4
30 5
4 5
34 5
109 5
29 5
5 5
17 4
4 5
50 5
2 4
32 5
11 4
231 5
4 5
5 4
2 4
18 5
22 5
17 5
3 5
5 5
80 5
26 5
13 4
9 4
8 4
5 5
11 5
10 5
4 3
3 4
16 4
3 4
12 4
0 4
1 4
6 4
7 5
6 4
7 5
9 5
24 5
3 5
1 5
9 4
70 5
28 5
7 5
8 4
56 5
5 4
3 5
5 5
15 5
4 5
10 5
111 4
9 5
3 4
8 5
4 5
9 4
3 5
3 5
15 5
6 5
10 5
5 4
3 5
7 4
11 5
14 5
3 4
1 4
2 4
13 5
4 3
10 4
5 5
4 5
2 5
14 5
2 5
2 5
3 3
0 4
0 5
17 4
5 2
9 4
2 4
4 4
7 4
10 4
6 5
5 5
0 5
18 5
8 5
8 4
17 4
12 5
6 5
4 5
11 5
6 5
4 3
4 5
8 5
3 5
14 5
7 4
32 5
5 4
2 5
2 4
7 4
5 4
1 5
18 5
10 4
2 4
6 4
3 5
3 5
13 5
17 4
9 3
13 5
10 4
12 4
5 5
2 4
2 4
10 5
1 4
3 5
0 4
0 4
11 5
2 5
0 5
3 5
67 5
7 4
9 5
4 5
3 5
3 5
8 5
3 5
4 4
4 5
18 5
5 4
15 5
21 5
5 4
5 4
13 5
1 4
18 5
7 5
6 4
5 5
6 4
8 5
7 4
11 5
18 4
30 5
7 3
22 4
15 4
10 4
7 4
8 5
1 5
7 5
24 5
16 5
47 5
8 5
1 5
14 5
11 4
9 5
2 4
3 4
12 5
13 5
13 5
5 4
7 5
2 5
2 4
68 4
2 3
2 5
19 5
3 5
16 5
2 5
13 5
6 5
11 5
4 4
57 5
1 5
1 5
0 5
10 5
9 4
5 2
3 5
12 4
5 4
3 5
14 5
58 5
38 5
3 5
3 5
12 5
3 5
11 5
1 4
2 3
0 4
18 5
21 3
1 5
0 3
7 4
5 3
0 4
0 3
3 4
46 5
1 5
15 5
17 4
22 5
12 5
11 4
1 2
5 5
6 4
2 3
6 5
6 4
21 5
14 4
1 3
2 4
29 5
2 5
0 4
5 4
17 5
73 5
2 4
1 4
6 4
37 5
2 4
2 5
7 4
5 4
21 5
1 4
5 5
12 4
19 5
5 5
3 4
4 3
23 5
7 5
348 5
2 5
1 5
24 4
11 5
0 4
18 5
14 5
6 5
1 5
4 5
15 5
0 4
5 4
13 5
6 5
21 5
11 5
1 4
0 4
5 5
2 5
6 4
1 3
11 5
131 5
2 5
0 5
1 4
0 5
0 4
11 4
6 4
16 5
17 5
1 5
5 5
4 5
4 4
5 4
2 5
1 4
10 5
31 4
6 4
17 3
6 4
6 4
5 4
222 5
5 4
1 4
4 3
37 4
2 4
20 5
10 5
95 5
2 5
4 4
24 5
8 5
0 5
2 5
4 5
7 5
1 3
6 5
11 5
3 5
1 4
13 5
4 4
3 4
18 4
8 4
108 4
59 5
1 3
85 5
29 5
32 5
18 5
10 5
32 5
5 5
4 4
1 5
7 5
66 5
14 5
6 3
6 4
19 5
1 5
0 4
2 4
16 5
5 5
4 5
3 4
15 5
16 5
57 5
1 5
7 4
1 5
2 5
9 5
2 5
12 4
18 4
84 5
21 5
17 5
30 5
7 5
10 5
2 5
0 5
14 5
6 5
13 4
12 5
1 5
0 5
4 4
18 5
1 5
19 5
2 5
306 5
23 5
7 5
4 5
32 5
4 2
8 5
1 2
6 5
28 5
1 5
3 5
3 5
21 5
3 5
7 5
30 5
0 5
38 5
0 3
33 5
8 5
3 4
9 4
57 5
6 3
22 5
20 5
10 5
7 5
10 5
22 5
0 5
9 5
3 4
8 5
5 4
4 4
1 4
1 3
7 4
2 3
4 5
3 4
14 4
1 3
17 5
4 4
7 4
1 5
1 5
19 5
3 4
3 4
3 3
11 5
72 5
1 4
11 5
0 5
85 4
20 4
9 5
3 5
4 5
11 3
7 5
85 5
6 5
31 5
4 5
4 4
5 5
1 3
7 4
19 5
7 5
38 4
15 3
11 4
4 3
3 4
1 5
2 5
10 5
9 2
15 5
4 4
5 4
24 5
4 5
11 5
11 1
0 4
2 4
9 5
8 1
13 5
1 4
5 4
0 4
3 5
3 3
3 5
17 3
1 4
5 5
29 5
11 5
17 5
1 5
5 5
