10 5
332 4
4 4
18 5
5 5
0 4
4 5
3 5
6 5
2 4
25 5
5 5
2 5
2 5
0 4
0 5
1 4
13 5
1 4
6 5
8 5
8 5
6 5
8 5
18 4
10 4
7 5
24 4
3 4
2 4
19 5
26 4
4 4
5 4
22 5
9 5
1 4
42 5
1 5
10 5
85 5
33 5
1 5
29 5
1 4
7 5
1 5
8 4
25 4
17 5
50 5
2 4
5 4
1 4
3 4
2 4
3 4
0 5
0 3
3 4
2 4
3 4
5 4
16 4
9 3
6 5
14 5
1 5
4 5
3 5
8 4
7 4
2 5
3 5
10 4
13 5
6 5
3 4
4 4
49 4
3 4
4 4
2 4
12 5
5 5
24 5
9 5
1 4
7 4
22 5
12 4
1 5
13 5
7 4
70 5
5 5
1 4
22 5
6 5
4 4
1 5
30 3
30 5
21 5
2 5
10 3
5 4
4 4
1 4
6 5
2 5
6 5
3 3
1 5
27 5
1 4
2 5
6 5
8 5
0 4
7 5
10 5
0 4
18 4
11 5
2 4
4 5
2 5
7 4
2 4
6 5
1 5
7 4
0 4
8 5
2 5
7 5
0 5
4 5
2 4
32 3
2 4
4 5
48 5
2 5
22 5
13 4
1 5
11 5
46 2
22 4
2 4
4 4
28 5
2 4
6 4
19 4
5 4
0 5
1 4
4 4
4 5
1 4
10 4
3 4
3 5
12 5
0 5
0 4
1 4
20 5
8 4
5 4
4 4
1 3
1 4
5 4
2 4
2 4
0 4
8 1
9 5
2 4
6 3
4 5
4 5
26 5
7 5
1 3
5 2
6 3
3 5
3 5
2 4
7 3
9 5
6 4
1 5
3 4
7 5
4 3
6 4
1 5
0 5
6 5
6 3
4 4
2 5
3 5
5 4
15 5
1 5
12 5
0 4
0 4
4 4
2 5
2 5
14 5
10 5
5 4
4 5
4 5
0 5
3 4
3 4
0 5
2 4
5 5
15 5
3 5
9 5
5 5
2 5
4 4
1 4
0 4
9 5
4 5
5 4
3 4
0 4
3 4
3 4
4 5
3 4
11 4
2 4
3 4
6 5
2 5
1 4
4 5
1 4
5 4
7 4
1 4
3 5
6 5
5 4
4 5
3 4
2 4
12 5
5 4
87 5
7 4
0 5
0 5
6 5
3 4
5 5
1 5
36 5
0 3
1 5
4 5
7 5
2 4
1 5
2 5
0 4
2 5
3 3
2 5
2 5
6 5
2 5
3 4
4 5
1 3
6 5
4 5
1 4
2 5
2 5
0 5
2 5
2 5
1 5
1 4
2 4
2 5
146 5
1 4
0 4
2 4
4 5
4 3
2 5
2 4
7 5
18 3
22 4
3 4
1 5
3 4
1 5
2 4
5 5
24 5
2 3
4 5
4 4
20 5
23 5
4 5
4 5
9 5
7 4
7 2
7 5
1 5
5 4
49 5
4 5
0 5
32 5
15 5
24 5
1 4
0 4
18 2
3 4
7 5
12 4
16 5
114 5
2 4
2 4
5 4
5 5
1 4
11 5
7 4
13 4
39 5
4 5
4 5
0 5
20 5
19 5
4 4
4 3
92 4
8 5
0 4
7 4
4 5
2 4
2 5
54 5
8 5
3 5
2 4
30 5
9 4
4 5
19 5
6 5
7 5
5 5
11 4
6 4
3 5
8 5
7 3
5 5
21 5
10 5
4 5
6 5
5 4
161 5
1 4
2 5
4 5
4 5
2 4
9 4
6 5
9 5
17 5
10 5
3 5
4 5
21 2
2 5
1 4
5 5
6 4
6 4
68 5
15 5
1 5
3 5
4 4
9 5
59 5
7 5
7 5
35 4
3 3
4 5
7 4
2 3
6 5
28 5
45 4
1 4
3 4
0 3
3 4
11 4
10 5
10 3
0 4
2 5
10 5
8 5
274 4
21 5
4 5
3 5
5 5
7 5
8 5
11 5
2 4
2 4
6 4
14 5
16 4
0 5
6 3
0 4
7 4
1 4
7 5
6 5
8 4
33 5
9 5
12 5
2 4
2 5
6 4
10 5
15 5
51 5
21 1
98 5
3 5
8 4
39 5
23 5
95 5
1 4
8 4
35 5
5 5
3 5
9 5
9 5
19 5
78 5
2 4
37 3
43 5
0 5
8 4
94 5
102 5
5 5
2 5
37 5
1 5
5 5
11 4
11 4
2 5
3 4
9 4
2 5
22 5
5 5
10 5
8 4
2 2
6 5
120 5
6 4
25 5
66 4
30 4
10 5
51 4
32 5
6 5
15 4
0 4
3 3
2 4
