1 5
19 5
8 4
7 5
12 4
1 5
31 4
10 3
1 5
0 5
12 4
17 4
8 4
3 3
10 5
10 4
3 4
18 5
17 4
5 5
0 4
12 5
2 5
1 5
2 3
1 5
11 4
5 5
1 5
3 5
9 4
0 4
0 4
0 3
0 5
12 5
5 5
3 5
0 4
5 5
0 5
8 5
2 3
48 1
0 3
5 4
9 3
1 4
1 4
0 4
1 4
0 4
8 5
5 4
6 5
10 4
0 5
4 3
9 4
4 5
4 5
0 4
6 5
4 4
7 5
0 3
7 5
10 4
1 3
9 4
1 4
4 5
4 5
1 5
5 5
11 3
0 5
2 4
13 5
27 4
3 5
44 4
6 5
22 5
2 5
4 5
10 4
17 5
5 5
12 4
38 4
12 5
4 5
11 5
2 3
4 3
27 2
1 3
1 4
1 5
4 5
0 3
4 4
6 5
1 5
0 4
18 5
0 5
1 4
8 4
15 4
3 4
3 5
3 3
7 5
1 5
1 5
10 4
2 3
1 4
4 4
5 4
17 4
27 4
27 5
29 5
1 5
4 5
6 4
11 5
0 4
6 4
14 4
3 4
0 4
0 5
1 5
10 5
0 5
5 5
0 5
1 5
1 4
44 5
3 5
11 5
1 4
7 5
40 4
15 5
17 5
7 4
4 4
1 5
2 3
4 5
2 5
6 5
1 1
6 4
1 4
1 5
5 4
1 4
2 5
3 5
0 4
5 5
1 3
1 4
46 5
5 5
0 4
4 5
1 5
4 5
21 5
2334 3
12 4
0 5
0 5
2 5
4 5
1 5
1 4
1 3
21 4
1 4
1 5
32 3
16 5
4 2
1 4
5 5
0 5
3 5
1 4
5 4
6 4
14 5
2 5
0 5
10 3
9 5
0 3
4 4
28 5
16 5
0 3
4 5
0 5
0 5
4 5
5 5
4 4
1 4
6 5
4 4
0 4
1 5
0 4
4 2
18 5
6 4
1 5
0 4
3 5
0 5
1 4
9 5
0 5
3 4
5 4
40 5
24 4
4 5
5 5
6 4
7 5
13 5
0 5
1 4
5 5
17 5
9 5
6 5
4 5
11 5
5 5
4 5
0 5
1 4
2 4
1 5
6 4
1 4
13 3
16 5
5 4
11 5
0 4
6 5
11 4
1 5
1 5
0 3
0 4
4 4
22 5
1 4
2 5
7 4
8 4
2 4
2 3
1 3
5 5
4 4
1 5
0 4
2 4
4 5
6 4
1 5
4 5
2 5
7 5
5 4
13 5
0 4
3 5
1 5
4 4
10 4
0 3
1 4
9 5
7 3
0 4
5 5
8 4
1 4
0 5
1 4
0 5
1 3
4 4
15 5
102 3
9 5
9 4
3 5
6 4
0 4
5 5
2 4
7 5
1 4
0 4
12 4
1 3
7 4
1 4
0 4
7 5
1 3
14 4
3 3
0 3
2 5
1 5
1 5
1 5
1 4
1 4
29 4
14 2
1 5
4 5
10 5
4 5
53 5
28 5
1 3
18 5
0 4
1 5
0 5
1 4
1 3
1 3
2 4
0 3
1 5
3 5
14 5
3 4
1 4
5 5
9 5
0 4
0 4
11 5
0 5
1 4
2 4
1 3
1 4
2 4
1 4
0 4
1 4
7 4
7 5
6 5
4 4
1 4
3 5
2 5
1 3
1 4
0 3
15 5
0 4
5 4
10 5
1 4
11 4
0 4
14 5
8 3
5 5
1 4
0 5
4 4
3 4
9 5
1 4
9 5
42 4
0 5
0 5
3 4
5 5
1 3
2 4
7 4
0 4
5 4
0 3
0 5
0 5
9 4
0 4
7 5
0 4
0 5
1 5
3 5
10 5
13 4
4 5
13 5
3 4
3 4
3 5
0 3
1 4
0 4
0 4
0 4
1 4
0 4
4 5
0 5
0 4
0 4
28 5
1 5
18 5
6 5
0 4
11 5
4 4
178 5
1 4
3 5
0 2
2 4
1 5
1 4
7 4
5 5
2 5
1 4
0 5
0 5
2 4
0 5
0 4
1 5
2 5
0 3
1 3
3 4
0 4
2 4
0 4
0 4
0 4
10 4
1 4
0 5
10 5
115 5
2 5
149 4
16 3
6 3
7 4
6 4
3 4
3 5
8 5
5 5
0 4
39 4
0 3
10 5
1 5
10 5
1 2
28 5
13 5
9 5
0 2
9 3
11 3
0 3
18 5
4 4
2 4
9 5
61 4
13 5
0 5
22 5
6 5
0 5
3 5
3 3
0 4
1 5
16 3
1 4
13 3
1 5
18 4
0 5
11 5
0 4
1 4
1 5
1 5
1 3
1 4
