4 3
0 3
1 4
3 4
1 3
1 3
15 3
31 5
3 4
33 2
2 5
3 4
2 3
5 5
5 4
0 4
14 4
2 5
6 4
6 4
9 1
17 4
5 5
43 4
4 3
9 4
0 4
12 4
6 4
5 4
1 3
3 4
1 4
2 4
1 4
23 5
2 4
7 4
39 3
1 4
9 4
7 3
3 4
69 4
11 3
2 4
7 5
0 4
8 4
4 4
16 4
11 5
29 3
86 4
0 3
29 5
14 3
3 3
1 4
44 1
14 5
0 4
2 4
1 5
1 3
0 4
10 3
12 5
13 5
5 5
1 4
10 5
2 3
4 4
2 3
2 5
14 4
18 3
14 5
6 4
3 4
5 4
2 4
23 3
11 5
6 5
3 5
15 4
4 4
11 4
28 3
7 4
41 5
7 4
4 5
2 4
3 5
1 4
1 4
10 4
4 5
2 5
2 4
2 5
2 5
13 3
7 5
0 3
6 4
3 4
1 3
46 5
5 5
0 3
10 5
5 4
2 1
2 4
0 4
0 4
7 5
6 5
6 3
8 4
10 3
9 5
8 5
4 4
4 1
5 5
8 1
6 5
13 5
8 5
26 5
5 4
10 5
1 4
3 3
0 3
5 4
0 4
0 3
9 4
4 5
1 4
7 4
1 4
8 5
3 4
0 4
1 4
9 5
1 4
8 4
2 5
2 5
0 3
1 3
3 5
16 4
1 4
8 1
68 4
6 4
8 4
13 4
7 4
34 5
12 5
21 4
3 4
2 4
14 5
7 4
30 5
2 4
1 3
24 4
4 5
12 5
12 5
1 2
11 5
2 4
2 5
5 5
3 4
1 3
7 4
2 4
3 4
5 3
8 4
35 4
2 4
20 5
4 3
23 5
1 3
3 3
3 3
0 5
13 5
5 5
11 4
7 5
16 4
10 3
1 4
3 5
38 5
11 3
0 4
5 5
11 3
1 5
2 2
3 4
1 4
2 4
2 5
15 3
8 4
5 4
1 3
1 5
6 4
4 5
0 4
5 3
3 4
11 4
14 5
3 4
1 4
1 4
10 4
8 4
16 4
27 5
6 4
14 4
1 5
5 5
5 4
6 3
9 4
3 4
3 4
18 4
6 5
6 3
4 4
0 2
3 4
2 5
2 5
20 4
23 4
15 4
10 5
5 4
7 3
4 4
20 5
5 5
15 5
11 5
15 5
3 4
13 5
8 5
3 4
7 4
22 5
3 4
8 4
4 4
3 5
6 4
0 3
16 4
22 5
2 3
9 4
1 3
0 4
11 4
5 5
1 4
4 5
2 5
1 5
12 4
4 4
7 4
28 5
0 3
14 4
2 4
7 3
60 5
2 3
69 5
47 4
0 3
0 3
6 3
21 5
9 4
58 4
8 5
21 5
42 4
50 5
6 5
7 5
115 5
16 5
8 5
3 5
4 3
19 5
15 4
4 3
10 4
2 5
2 4
28 3
18 5
1 2
17 5
2 5
12 5
8 3
15 4
2 4
37 4
3 5
2 3
40 4
30 5
16 5
2 2
37 4
77 5
31 4
3 3
19 5
5 5
45 5
49 5
44 5
3 4
1 4
3 5
11 5
3 5
3 4
5 4
1 4
2 5
3 5
1 1
3 5
21 5
9 5
0 5
1 4
6 5
7 5
4 3
3 5
35 5
17 5
6 4
1 1
3 5
15 4
1 3
2 5
2 5
8 4
18 5
4 5
11 5
1 5
9 5
4 5
3 5
19 5
4 5
46 5
25 5
4 5
17 5
24 5
12 5
1 5
14 5
6 4
5 5
20 5
71 5
5 3
11 5
1 4
56 5
3 5
25 5
0 5
159 5
11 4
9 5
11 5
3 4
19 5
17 5
21 5
12 5
15 5
3 4
9 5
34 5
2 4
5 4
4 4
9 5
3 4
0 5
2 4
2 5
2 5
9 5
37 5
3 5
3 4
10 5
12 5
4 5
2 4
4 4
30 5
0 5
3 5
3 5
1 4
10 5
11 5
12 3
15 5
0 4
4 5
7 4
10 5
10 5
14 3
6 5
7 4
3 5
22 5
4 5
3 5
12 5
28 5
3 5
0 3
0 5
5 5
13 5
2 5
3 5
1 5
0 5
3 5
8 5
1 3
2 5
75 4
3 5
88 5
2 4
8 5
23 3
5 4
3 4
1 3
0 4
13 4
0 3
2 4
13 1
4 5
2 4
2 4
2 3
0 4
8 5
5 4
28 4
2 3
0 4
21 5
2 4
13 5
3 5
1 4
5 4
3 3
17 5
1 5
4 4
1 5
0 5
3 4
3 5
16 5
6 4
8 4
2 4
0 3
8 5
14 5
8 5
6 4
5 1
8 4
6 5
12 4
33 5
10 4
3 4
0 4
2 3
33 5
3 5
2 5
20 4
9 4
14 5
1 4
5 5
1 4
28 5
13 3
5 4
8 4
16 4
0 4
11 5
1 4
1 4
14 2
12 4
8 4
1 4
5 3
0 4
2 5
3 4
3 4
3 4
14 4
3 3
11 4
19 5
1 4
56 5
1 4
6 4
9 4
6 5
13 4
29 4
0 4
4 3
8 4
4 4
16 3
5 5
4 3
9 4
7 4
4 4
2 5
13 4
6 4
13 5
7 3
8 4
11 4
2 4
0 2
7 4
4 4
2 4
4 4
5 4
4 4
7 5
11 5
70 5
13 4
10 3
1 4
4 5
16 5
3 5
22 4
0 4
5 5
4 5
0 5
7 4
0 4
27 5
2 5
9 5
29 5
4 4
1 5
4 4
3 4
1 4
4 4
3 4
0 4
1 4
0 4
2 4
7 5
5 4
7 5
6 4
4 4
25 5
13 4
4 4
8 5
3 4
35 5
42 5
4 4
5 4
70 4
20 3
2 4
5 4
5 4
3 4
1 4
3 4
8 5
5 3
7 3
10 4
2 4
10 5
2 1
15 3
3 3
6 5
1 5
2 4
4 4
7 5
1 4
12 4
6 4
12 4
47 4
16 4
2 1
8 4
23 3
5 5
3 4
7 5
1 3
12 4
0 4
0 5
19 5
14 5
9 4
32 4
18 4
6 4
1 5
3 5
9 5
6 4
