4 4
5 5
4 5
7 5
5 5
1 4
0 5
0 5
3 4
10 5
19 5
10 5
5 4
5 5
8 5
10 5
2 5
2 5
5 5
0 5
2 5
2 5
1 5
0 5
1 4
2 5
6 5
1 2
2 3
7 5
4 3
2 4
0 4
2 4
1 2
34 5
2 5
0 4
2 5
3 5
6 4
2 3
20 5
25 5
40 5
12 5
1 5
7 5
3 4
3 4
3 4
1 4
0 3
12 5
22 5
7 4
1 4
1 5
2 5
0 2
1 4
0 4
0 3
1 5
0 3
19 5
5 4
3 5
3 4
2 2
5 5
10 1
0 5
3 5
0 4
1 5
4 5
0 3
1 4
0 4
3 2
4 4
11 4
2 5
4 4
11 5
3 5
1 5
1 4
1 5
0 4
2 5
3 5
2 5
0 4
0 5
1 5
3 3
1 5
2 4
0 4
1 3
3 5
1 5
0 5
3 3
0 5
2 5
1 5
6 5
6 3
2 5
1 5
1 5
0 4
4 5
0 5
0 5
6 2
2 4
1 4
4 3
10 5
2 5
1 5
1 5
1 5
1 4
1 4
5 5
2 3
10 4
2 5
1 5
1 5
1 5
2 5
0 5
0 5
3 5
2 4
8 5
3 4
1 3
5 4
1 3
0 2
0 4
13 5
1 4
0 4
8 4
0 4
2 4
1 4
2 4
1 1
8 4
3 4
20 4
7 5
2 5
8 5
5 2
3 3
4 4
1 3
0 2
1 3
2 4
1 4
3 4
1 4
0 5
0 4
6 5
0 5
1 5
1 5
2 5
1 4
1 5
0 5
2 4
1 4
1 4
6 4
0 5
2 4
0 4
1 5
5 3
2 4
4 3
2 3
4 3
1 4
9 5
3 4
2 5
4 2
3 5
2 5
15 5
17 5
6 5
1 4
15 5
1 4
3 3
4 4
3 5
6 4
1 4
5 5
1 4
0 4
9 4
1 5
26 5
2 5
0 3
0 5
0 5
0 4
3 4
3 5
7 3
16 4
3 3
1 5
0 5
1 5
3 5
2 5
2 4
0 1
4 5
5 4
1 2
0 3
4 3
0 4
4 5
10 5
7 5
3 5
13 5
6 5
28 5
2 4
1 5
1 2
1 2
2 4
26 5
1 3
2 5
0 2
1 3
3 4
6 5
3 3
3 4
1 2
0 5
7 5
4 4
3 3
2 2
2 4
4 5
0 2
3 4
2 5
0 5
8 3
7 4
0 3
1 5
1 3
4 5
0 2
0 5
5 3
2 4
6 4
10 2
1 2
9 4
2 4
2 4
1 3
0 5
4 5
2 4
3 5
3 5
4 5
3 2
3 5
2 5
6 5
17 4
2 4
3 3
2 5
2 5
1 5
0 4
7 3
4 4
6 4
1 3
0 5
4 5
23 3
0 5
1 4
4 4
11 4
0 5
0 5
0 5
0 5
7 5
6 3
2 5
7 4
3 4
2 2
7 3
1 5
7 4
1 4
3 4
1 2
2 2
2 4
1 5
2 4
2 4
9 3
14 5
5 4
3 4
0 2
0 4
3 5
19 5
12 5
21 4
1 4
13 5
1 4
1 5
3 4
4 5
1 4
8 4
2 4
3 5
2 3
0 4
1 5
1 5
6 5
9 5
4 5
1 3
3 4
2 3
0 4
1 4
5 4
1 5
5 4
7 5
8 5
3 3
2 3
1 5
8 5
7 4
9 4
6 5
2 4
1 3
2 4
14 4
4 5
3 2
3 5
3 2
1 5
0 3
10 2
4 4
1 4
4 3
7 5
3 3
0 4
4 5
3 4
2 3
1 5
1 4
9 5
2 4
8 5
4 3
2 4
1 3
1 4
5 4
2 5
0 4
5 4
4 4
0 2
6 4
5 5
15 5
6 4
2 3
1 5
0 4
2 1
4 2
4 3
6 4
2 4
5 5
0 1
1 3
0 2
3 2
3 4
7 3
2 3
1 3
0 3
3 5
2 5
2 5
0 3
1 1
2 5
1 3
32 5
3 5
11 4
5 4
1 5
9 5
4 5
4 3
4 4
0 5
2 3
44 5
0 5
9 4
1 4
1 4
1 4
0 5
2 3
2 4
1 5
0 5
5 5
3 5
2 4
7 5
0 4
2 4
4 5
1 2
14 3
3 5
2 5
26 4
3 5
6 5
1 4
0 4
1 4
5 3
0 2
7 5
4 5
24 5
0 5
0 5
2 5
0 5
1 3
6 3
3 3
7 5
2 3
5 4
1 5
8 2
7 5
2 4
5 5
5 3
1 5
0 4
3 4
3 5
1 4
2 5
1 4
0 4
5 2
1 3
8 4
1 2
4 5
1 5
2 3
8 5
0 5
0 3
3 3
0 2
0 3
3 3
7 5
3 5
2 3
4 5
2 3
1 4
3 3
8 2
3 3
2 5
12 4
14 4
1 3
10 3
2 3
1 3
2 4
5 5
1 2
1 4
2 4
1 1
10 1
1 2
5 5
3 4
5 3
2 3
2 5
4 3
1 3
7 4
1 5
4 5
8 5
5 5
2 5
0 3
1 4
1 5
2 2
3 2
3 1
5 4
0 4
17 5
12 2
1 4
0 5
2 2
0 3
2 2
3 3
0 4
3 4
1 3
0 4
3 4
1 3
1 3
0 4
0 3
0 4
0 3
1 3
0 4
3 4
0 5
1 4
0 5
1 5
0 4
0 2
1 4
1 5
5 5
2 4
2 5
0 5
0 4
1 4
0 4
0 5
2 3
0 5
0 3
0 4
0 4
2 5
0 4
5 5
0 4
0 4
0 4
1 1
11 5
0 4
1 5
0 5
1 5
2 4
0 4
1 3
2 4
0 4
0 5
0 2
1 3
0 5
1 3
4 3
1 4
0 2
0 4
0 4
1 4
0 4
0 4
0 5
3 4
0 3
0 4
0 2
1 4
0 3
1 4
1 5
