16 5
4 5
7 3
78 5
294 5
615 5
2 4
5 4
79 5
5 5
2 4
28 5
0 5
2 4
3 2
10 5
13 5
15 5
5 5
5 4
41 5
19 5
7 5
2 5
2 5
109 5
75 5
2 4
8 5
0 4
3 5
4 5
4 5
5 4
1 3
2 5
2 4
1 5
6 4
7 5
3 5
0 5
0 5
5 5
0 4
0 5
0 4
3 4
1 5
3 5
2 5
8 5
2 5
43 5
1 4
3 5
28 5
8 5
5 5
1 5
1 5
6 4
1 3
5 5
0 5
7 5
12 4
13 4
12 4
1 5
1 4
5 5
7 5
3 4
12 3
3 4
5 5
90 4
113 5
5 4
33 5
3 5
2 5
5 5
7 4
2 5
1 3
4 5
1 4
8 5
6 5
19 5
5 5
2 4
40 5
11 5
9 4
29 5
82 5
2 5
0 5
495 5
7 3
3 5
0 5
1 5
1 5
3 4
10 5
8 5
8 5
1 4
0 4
0 4
3 5
1 3
3 5
11 5
72 4
33 5
7 5
1 5
11 4
1 5
2 5
33 5
2 5
6 5
2 5
4 5
17 4
1 4
2 5
11 5
9 3
9 5
3 5
251 5
3 5
6 5
3 5
0 5
293 5
0 5
30 5
6 5
1 5
16 5
24 5
5 5
6 5
74 5
2 5
13 5
2 4
8 5
1 3
36 5
2 5
47 5
1 5
0 3
1 5
0 4
1 5
0 5
3 5
1 5
17 4
10 4
0 5
1 5
1 5
16 3
0 4
4 5
3 4
64 5
4 5
109 5
3 3
11 4
5 5
9 3
24 4
3 5
2 5
4 5
3 5
3 5
5 4
18 5
3 4
2 3
5 5
4 5
2 4
8 5
30 5
3 5
7 5
6 5
0 4
4 4
13 5
20 2
36 5
9 5
16 5
39 5
43 5
10 5
3 3
2 4
7 5
2 5
2 3
2 5
10 5
3 5
4 4
0 5
12 5
5 5
8 5
2 5
2 4
14 5
19 5
2 4
14 4
1 3
2 5
8 5
3 5
18 5
5 5
145 5
9 5
3 5
12 5
2 4
6 5
5 5
11 4
6 4
4 4
6 4
5 5
11 5
2 3
14 4
2 3
6 3
13 4
5 5
11 4
4 5
2 5
4 5
7 5
5 5
4 4
2 5
0 5
1 5
0 5
2 2
38 5
12 4
32 5
16 4
0 4
3 4
28 4
24 3
1 4
2 4
1 5
4 5
3 5
3 4
11 4
9 4
0 5
2 5
2 5
8 4
0 5
3 5
2 4
1 4
6 5
1 5
17 5
28 5
1 4
1 2
13 4
3 5
1 3
3 4
863 5
1 5
1 4
2 4
2 5
3 5
0 5
29 5
3 2
7 4
29 3
7 5
2 4
16 5
81 5
4 3
2 4
18 5
1 4
58 3
49 4
21 5
187 5
5 4
20 5
3 4
3 4
21 4
2 5
6 4
2 5
9 5
2 3
0 5
1 4
1 4
2 4
0 1
3 5
0 5
6 4
9 5
63 5
1 4
174 5
4 4
0 5
1 3
8 5
20 4
86 5
35 4
3 5
22 5
0 4
161 5
11 3
3 3
2 4
15 4
25 4
25 5
0 5
0 5
3 5
1 5
1 5
2 5
7 5
6 5
3 4
15 5
5 5
10 5
8 5
5 5
9 5
10 5
3 5
11 3
4 3
2 3
2 5
1 5
12 5
7 4
65 5
24 5
5 3
36 4
6 3
28 4
254 5
55 5
8 5
3 5
21 4
8 4
26 4
38 4
9 5
23 3
51 5
9 5
6 5
24 5
185 5
3 4
2 3
139 5
26 3
3 4
22 5
16 5
28 2
100 5
1 4
6 4
10 3
0 4
36 5
38 4
1 5
10 2
7 3
3 4
33 4
3 4
11 4
13 4
17 3
12 4
58 5
50 5
2 4
62 5
59 4
22 4
21 5
2 4
3 4
54 5
17 4
13 5
361 5
7 4
5 5
106 5
15 4
634 5
26 5
15 4
71 5
57 5
50 5
12 4
3 3
4 3
23 4
14 4
12 4
188 5
100 5
13 3
11 5
474 5
13 5
3 3
8 2
33 5
5 3
7 3
38 5
1 3
21 5
28 4
5 3
5 3
9 4
20 5
1 5
1 5
80 4
18 4
0 4
2 5
2 4
34 5
11 5
2 4
1 2
14 4
46 5
4 4
17 4
0 4
33 4
58 5
1 3
1 5
14 3
0 5
101 4
24 4
34 5
26 4
37 3
65 5
18 5
3 4
252 5
2 4
26 5
8 4
13 5
5 5
50 5
17 3
9 5
13 4
2 4
36 5
97 5
21 4
30 5
314 5
7 4
1 3
39 5
15 5
5 2
317 5
1 5
108 5
19 5
5 2
5 4
8 5
46 4
7 4
17 4
20 1
40 4
11 5
13 5
20 4
121 5
8 3
5 5
62 5
15 5
7 4
37 4
0 5
9 4
18 4
25 5
2 5
4 4
58 5
34 4
5 4
5 2
33 4
20 3
19 4
32 5
121 4
4 4
38 5
17 3
6 5
28 5
33 5
14 4
26 5
130 5
80 5
23 4
37 5
39 4
13 5
6 4
17 5
8 5
8 4
18 5
21 5
8 5
33 5
14 2
9 1
14 4
66 5
39 5
7 4
7 3
13 4
15 4
8 5
24 5
11 4
10 4
9 4
16 4
47 5
3 3
2 5
29 4
13 5
43 5
4 5
55 5
17 5
2 3
14 5
19 5
3 5
49 5
6 4
10 4
8 4
21 5
6 5
9 4
9 4
5 3
1 4
14 5
454 5
41 5
117 5
14 5
20 4
169 5
4 4
22 5
57 5
6 3
3 4
6 5
18 4
8 4
10 4
0 4
2 4
6 5
5 4
4 5
3 5
4 4
16 3
1 5
2 4
7 5
5 5
20 5
95 5
8 3
182 5
146 5
34 5
80 5
115 5
47 2
30 3
173 5
31 5
18 2
92 5
7 4
20 3
6 3
39 4
4 4
9 4
