11 5
73 5
20 5
4 3
16 5
2 5
24 5
2 4
0 5
11 5
6 5
35 5
1 5
36 5
77 5
18 5
27 5
47 5
15 5
2 5
1 5
0 5
28 5
12 5
12 5
13 5
3 4
3 5
0 5
8 5
8 5
12 3
4 5
6 5
8 4
6 5
3 5
1 3
1 5
13 5
0 5
29 3
1 5
15 5
0 5
14 4
54 1
16 4
5 5
10 5
42 4
11 5
18 4
5 5
4 5
10 5
4 5
3 5
8 5
7 5
2 5
5 5
14 5
22 5
16 5
8 5
3 5
9 5
4 4
9 5
10 5
7 5
25 5
13 5
33 5
7 5
15 5
32 5
15 5
5 5
10 5
7 5
14 5
35 5
28 5
9 5
11 5
28 5
13 5
0 5
3 5
2 5
8 5
9 5
2 5
4 5
0 4
1 5
5 5
21 5
0 5
8 5
28 5
41 5
2 4
9 5
39 5
22 5
3 5
5 5
3 4
3 5
32 5
5 5
7 5
4 5
14 5
2 5
3 5
11 5
17 5
27 5
8 5
8 5
6 5
23 5
17 5
18 5
44 5
1 5
0 5
16 5
7 5
15 5
18 5
6 5
0 4
3 5
1 4
2 5
5 5
13 5
0 5
0 5
0 4
29 5
0 5
53 5
7 5
42 5
0 5
5 5
17 5
3 5
0 5
13 5
12 5
6 5
11 5
15 5
51 5
1 5
9 5
34 5
0 5
0 4
6 5
2 5
4 5
4 5
13 5
15 5
0 5
0 3
55 5
0 5
4 5
67 5
14 5
4 5
4 5
5 2
5 5
4 5
5 4
7 5
42 5
34 5
3 5
3 5
40 5
1 5
2 5
9 5
0 5
0 5
24 5
0 5
0 5
1 5
2 5
0 4
15 5
1 5
16 5
0 4
4 5
7 5
10 5
32 5
30 5
9 5
0 5
16 5
4 5
3 5
12 5
2 5
14 5
11 5
51 5
1 5
6 5
6 5
7 5
41 5
0 5
10 5
0 5
1 5
0 5
30 5
0 4
1 5
13 5
0 5
33 5
9 5
0 5
10 4
1 5
1 5
4 5
5 5
14 5
1 5
6 5
24 5
0 4
1 5
6 5
6 5
6 3
2 5
0 5
13 5
0 5
0 5
4 5
51 5
24 5
1 5
28 5
0 5
11 5
0 5
0 5
0 5
53 5
0 5
21 5
1 5
0 5
0 5
11 5
13 5
0 5
6 5
37 5
20 5
15 5
5 5
40 5
1 5
4 5
5 5
1 5
3 5
1 5
4 5
9 5
10 5
5 5
31 5
44 5
26 5
12 5
8 5
6 5
16 5
53 5
0 4
15 5
1 5
73 5
8 5
6 5
50 5
15 5
3 5
3 5
25 5
3 5
0 5
2 5
6 5
9 5
0 5
10 5
4 5
3 5
10 5
5 5
10 5
29 5
23 5
10 5
4 5
15 5
5 5
3 5
41 5
28 5
14 5
7 5
6 5
14 5
17 5
20 5
24 5
89 5
5 5
14 5
4 5
1 5
2 5
4 5
21 5
2 5
9 5
20 5
5 5
8 5
0 5
25 5
1 5
1 5
12 5
7 5
12 5
2 5
9 5
0 5
17 5
0 5
5 5
18 5
3 5
27 5
0 5
62 5
15 5
12 5
15 5
10 5
4 5
5 5
126 5
40 5
28 5
14 5
9 5
5 5
18 5
5 5
5 5
13 5
2 5
25 5
0 5
9 5
20 5
1 5
19 5
12 5
11 5
18 5
17 5
23 5
8 5
18 5
11 5
7 5
7 5
4 5
5 5
15 5
13 5
5 5
0 5
31 5
27 5
54 5
16 5
23 5
0 5
28 5
12 5
6 5
15 5
0 5
2 5
2 5
57 5
71 5
4 5
13 5
16 5
12 5
7 5
10 5
0 5
49 5
12 5
15 5
1 5
25 5
14 5
10 5
3 5
6 5
1 5
32 5
13 5
3 5
5 3
4 5
3 4
5 5
6 5
23 5
3 5
7 5
33 5
2 5
11 5
3 5
17 5
22 5
14 5
4 5
15 5
4 5
5 5
0 5
6 5
14 5
18 5
23 5
31 5
0 5
4 5
5 5
12 5
6 5
10 5
3 5
3 5
5 5
13 5
0 5
24 4
27 5
4 5
7 4
0 5
2 5
0 5
9 5
0 5
1 5
3 5
24 3
12 5
223 5
2 5
0 5
9 5
63 5
10 5
4 5
21 5
18 5
16 5
1 3
3 5
0 5
2 5
70 5
5 5
3 5
3 5
34 5
3 3
6 5
3 5
99 5
16 5
8 4
12 5
26 5
1 5
29 5
12 5
3 5
7 5
37 5
27 5
6 5
5 5
4 5
28 5
1 5
3 1
12 5
33 5
10 5
16 5
7 5
4 5
8 5
12 5
12 5
6 5
4 5
34 5
8 5
41 4
12 5
14 5
16 5
2 5
6 5
36 5
19 5
8 5
2 5
11 5
5 5
44 5
25 5
13 5
38 5
27 5
27 5
36 5
0 5
38 5
2 5
62 5
8 5
17 5
11 5
0 5
11 4
21 5
33 5
18 5
38 5
121 5
47 5
13 4
6 5
110 5
12 5
10 4
21 5
14 5
40 5
8 5
7 5
44 5
27 5
4 5
12 5
24 5
5 5
23 5
10 3
75 5
16 5
15 2
22 5
1 5
19 5
8 5
5 4
3 1
8 5
19 5
46 5
3 5
61 5
41 5
18 5
12 5
35 5
19 2
2 5
