21 4
24 4
50 4
18 5
11 4
13 5
24 4
49 5
14 4
5 5
5 4
54 5
12 4
17 1
9 4
8 4
9 2
6 4
5 5
64 5
51 5
15 3
48 5
14 4
30 4
101 5
6 4
5 5
9 4
3 3
9 5
36 4
55 5
7 4
9 5
1 1
14 5
15 5
4 4
152 5
1 3
23 3
5 5
15 3
134 4
11 5
37 5
24 5
35 5
5 4
6 4
37 5
5 4
16 5
44 5
77 4
4 4
11 4
10 4
58 2
16 5
17 5
19 2
8 4
22 5
26 5
4 4
6 4
4 5
11 4
7 2
91 5
12 5
9 5
24 5
55 4
5 4
7 4
13 4
39 1
15 5
53 4
5 3
21 4
15 4
34 4
14 5
5 5
9 5
8 4
5 4
112 5
2 4
29 5
7 4
66 3
5 5
28 4
6 3
11 3
6 5
24 4
14 5
10 4
63 5
5 3
6 4
90 5
121 4
38 3
15 5
10 5
9 5
18 4
102 4
8 5
37 5
48 4
33 4
13 4
32 4
49 3
18 5
14 5
18 4
13 4
13 5
6 4
8 3
11 4
13 4
4 2
8 4
23 4
22 5
3 4
37 5
8 5
5 4
6 5
4 2
4 4
48 3
7 3
11 5
17 4
9 4
7 4
6 1
13 3
8 5
8 5
7 5
5 3
6 5
5 4
8 4
11 5
3 5
6 4
20 5
8 4
7 4
36 5
7 1
8 4
5 4
5 4
24 5
7 5
5 4
6 1
6 5
4 4
3 5
11 5
9 4
7 4
27 4
9 4
9 3
43 5
10 4
9 4
20 4
9 4
8 4
28 5
11 4
14 5
21 4
57 5
6 4
10 5
8 5
19 4
146 5
27 5
47 4
12 4
18 5
13 4
4 3
3 3
13 5
5 5
57 5
3 4
13 4
5 3
9 4
6 3
9 3
8 5
5 4
6 4
7 5
4 3
12 4
4 3
7 2
1 2
6 4
25 5
5 3
9 5
6 3
16 4
13 4
10 2
4 4
6 4
3 4
10 4
19 4
8 4
50 5
25 1
8 3
37 1
14 5
5 4
7 4
6 5
15 1
3 4
4 2
10 5
13 4
4 4
12 5
17 4
4 3
4 3
7 5
8 5
22 5
10 4
7 5
14 3
20 5
13 5
35 5
10 5
12 4
5 5
7 1
8 5
7 5
46 3
12 5
4 2
7 5
7 1
13 3
62 5
2 5
10 5
4 5
5 4
6 4
6 2
15 4
88 5
20 5
88 5
12 5
9 4
32 5
3 5
8 3
12 5
8 5
18 4
43 5
4 3
10 4
10 5
67 5
11 5
8 5
15 4
9 2
5 5
13 5
7 4
24 5
29 3
15 4
110 5
9 5
6 5
12 5
10 5
20 5
8 2
11 4
30 5
4 4
14 4
9 4
8 4
18 5
8 5
9 4
15 4
18 5
31 5
11 4
18 5
45 5
19 5
3 4
17 5
4 5
13 5
11 4
15 5
5 5
12 5
20 5
23 5
25 5
4 4
20 2
23 5
4 3
13 5
9 5
5 4
40 4
53 5
8 3
21 4
3 4
9 5
6 4
6 4
31 5
13 5
3 3
10 2
4 4
12 4
15 4
46 5
55 5
73 5
5 5
21 2
70 5
55 5
11 4
17 4
75 5
48 5
26 5
23 5
89 5
27 5
28 5
12 4
14 5
32 5
33 5
17 3
23 5
3 4
5 5
37 5
4 5
18 5
8 4
26 5
16 4
17 5
40 5
23 5
12 5
9 3
10 5
18 5
13 5
58 5
30 4
26 3
16 4
10 5
36 5
13 5
14 5
13 5
18 5
13 5
15 5
59 5
22 4
17 4
31 5
138 5
28 5
22 5
20 4
59 2
11 5
10 3
74 5
52 1
54 5
28 4
33 5
63 5
13 4
14 5
39 5
29 5
22 4
32 4
13 5
20 5
45 5
27 5
49 5
33 5
15 4
20 5
23 3
29 4
28 5
14 4
38 5
23 5
21 5
37 5
13 5
127 5
33 5
17 4
31 4
50 5
63 4
11 4
27 5
23 5
15 5
37 4
117 5
32 5
18 2
26 5
21 4
16 5
30 5
17 5
58 5
12 4
15 5
97 5
63 5
73 4
14 5
75 5
31 5
29 5
9 4
19 4
4 4
16 5
147 5
46 5
21 5
109 4
16 5
40 5
23 5
59 1
9 5
47 5
20 5
23 5
136 5
36 5
15 2
15 4
33 4
21 5
40 4
24 4
7 4
26 5
63 5
13 4
39 5
32 5
19 5
61 5
29 4
111 5
49 5
39 5
31 4
10 5
58 5
20 5
22 4
59 4
27 1
83 5
20 4
218 5
253 4
40 4
48 5
35 2
27 5
111 4
20 4
5 3
18 4
69 3
90 5
198 5
25 1
43 5
9 5
21 5
48 4
61 4
30 5
97 5
75 5
15 5
140 5
25 5
16 4
68 5
36 4
17 4
68 5
59 5
23 5
16 5
22 5
139 5
58 4
9 2
59 5
71 4
14 4
8 4
209 5
37 5
30 5
46 4
46 5
34 4
36 5
51 5
42 4
21 4
64 5
27 3
43 5
50 5
51 5
232 5
16 5
145 5
27 5
54 5
15 2
14 5
69 5
19 5
45 5
2 3
6 5
3 5
25 5
7 5
36 5
5 5
9 5
