6 5
20 5
5 5
4 5
9 4
8 4
36 4
3 4
10 5
10 4
3 5
15 5
4 4
12 4
7 4
2 5
12 5
0 4
19 5
11 5
13 5
4 5
6 5
17 5
7 4
8 4
19 3
8 4
6 5
6 4
44 5
9 4
8 5
71 5
55 4
2 4
6 4
5 5
7 5
31 5
18 5
17 5
7 5
4 4
19 5
4 5
2 5
9 4
7 5
21 5
1 5
37 5
8 5
68 5
16 5
209 5
26 4
16 5
356 4
8 5
11 5
3 5
20 5
2 4
51 5
33 5
0 4
2 5
20 4
5 5
34 4
19 5
5 5
61 4
7 4
119 5
2 4
28 5
38 5
2 4
2 5
54 5
74 4
16 4
9 1
1 5
0 4
59 5
6 3
3 5
4 5
60 4
14 4
92 5
18 5
5 4
18 5
7 4
2 3
10 5
116 5
5 4
5 5
2 5
14 5
4 4
22 5
3 5
74 5
56 4
3 5
6 4
24 5
11 5
30 5
8 5
7 5
55 5
7 5
6 5
146 5
45 5
3 4
7 5
14 5
19 5
31 5
2 4
171 4
39 5
17 5
3 5
6 5
15 3
5 5
43 5
13 5
10 5
145 5
7 5
23 5
34 5
19 5
57 5
69 5
25 5
20 4
131 5
2 5
7 5
13 5
11 5
49 5
40 4
8 5
36 5
46 5
19 5
28 5
7 5
1 5
7 4
17 5
34 5
16 5
16 4
12 4
10 5
5 5
7 5
45 4
4 5
20 5
21 4
20 5
12 5
10 4
11 5
34 5
57 5
29 4
10 4
12 4
31 5
156 5
16 5
1 4
36 5
11 4
16 5
9 5
9 5
11 5
3 4
2 5
3 5
4 4
9 4
7 5
8 5
3 4
28 5
8 4
25 4
45 4
121 4
3 5
1 5
5 5
6 5
9 5
104 5
4 4
25 5
5 5
8 5
4 5
2 4
3 5
0 4
4 3
11 3
17 3
75 5
15 5
13 4
43 5
8 5
12 5
25 5
41 5
17 5
6 4
20 5
10 5
3 5
17 5
0 5
14 5
12 5
17 5
6 5
34 5
77 5
5 4
6 5
13 4
4 4
19 4
9 5
4 4
1 4
2 4
8 4
30 5
6 5
4 3
25 5
9 4
7 3
6 4
7 4
2 4
33 4
1 4
5 5
13 5
5 5
4 4
12 5
11 4
15 4
29 5
6 4
23 5
14 4
12 5
7 5
11 5
23 5
13 5
16 5
1 4
4 5
5 5
20 5
3 5
3 5
12 5
3 5
33 5
4 5
2 5
10 4
1 5
7 5
5 5
5 5
23 5
5 5
9 5
7 5
1 4
11 5
9 4
18 4
3 4
13 3
6 5
9 4
56 5
47 4
22 5
4 4
40 5
6 5
35 5
6 5
6 5
3 4
12 4
2 4
9 5
4 4
6 5
3 4
19 5
4 4
13 4
3 5
5 5
14 5
22 5
11 5
26 5
25 5
7 4
6 4
8 5
6 5
3 4
21 5
0 5
67 5
18 3
2 5
5 5
24 5
18 5
4 5
3 4
11 4
6 4
9 5
17 5
17 3
15 3
12 5
3 5
2 5
4 4
14 5
6 5
13 4
101 5
9 4
1 5
2 5
4 4
6 4
6 5
3 5
3 4
4 4
5 4
10 5
10 5
17 5
14 4
32 5
20 5
10 4
4 4
9 5
19 4
98 5
23 5
4 5
4 5
2 4
16 5
3 3
1 5
8 4
43 5
60 5
7 4
0 4
2 4
5 5
9 4
47 5
3 4
54 5
35 5
27 5
1 4
11 5
19 5
5 5
8 4
59 5
49 5
22 4
13 5
7 5
10 5
169 5
12 5
3 4
0 4
110 5
1 4
5 5
6 4
20 5
30 5
18 4
8 4
8 5
16 5
53 5
18 5
26 5
12 5
4 5
2 5
12 4
15 5
3 5
9 5
20 5
3 5
14 5
9 5
4 4
45 5
9 4
116 5
1 4
8 5
3 5
24 3
5 5
20 5
2 4
1 4
2 5
1 4
1 5
9 5
4 5
20 5
16 4
1 5
10 5
6 4
1 4
8 5
0 5
17 3
2 5
11 5
4 5
0 5
3 5
3 5
0 5
4 5
2 5
3 4
8 4
9 4
3 5
5 4
6 4
4 4
3 3
8 5
0 5
4 5
