19 5
3 1
17 5
2 5
11 5
60 5
12 1
34 1
1 5
4 5
33 5
9 1
8 1
33 5
15 1
21 5
12 4
9 5
4 5
52 5
2 1
0 1
23 1
1 5
14 5
17 5
0 4
14 5
6 1
8 5
25 1
2 5
7 1
5 1
60 5
23 5
11 5
4 1
29 1
21 5
3 1
27 1
7 5
29 4
5 5
145 5
10 3
19 5
4 1
9 5
8 1
21 5
12 1
13 4
4 5
22 5
4 1
2 1
4 5
17 5
5 5
15 5
12 3
10 3
27 5
16 5
17 5
6 1
40 1
1 5
2 5
1 1
5 5
11 5
5 2
1 5
3 4
13 5
4 5
11 5
3 4
19 1
9 1
8 5
4 1
25 5
36 4
14 3
16 5
5 5
17 5
20 5
1 4
1 5
1 5
2 1
9 5
41 4
4 5
6 5
27 1
9 5
24 5
2 1
35 5
9 5
8 3
21 5
17 5
12 5
12 1
9 5
7 5
9 5
2 5
10 5
12 5
5 2
10 1
1 5
4 1
0 3
12 5
11 5
11 5
1 5
3 5
10 5
9 5
3 5
45 5
2 5
10 5
1 5
2 1
8 5
8 5
2 5
6 1
0 2
7 2
4 5
5 1
28 5
4 5
4 2
4 5
10 1
18 5
15 5
5 5
2 5
11 5
1 5
53 1
5 5
6 4
35 1
8 5
40 5
2 5
5 5
18 5
9 3
2 5
7 5
7 3
6 5
6 5
1 2
3 5
0 5
14 5
5 5
15 5
9 5
0 5
35 5
2 5
18 1
18 1
8 1
2 5
10 3
17 5
7 5
9 5
11 1
11 1
14 2
6 5
11 5
16 5
1 3
10 5
5 5
2 5
8 5
2 5
8 1
6 5
3 5
27 5
4 2
2 1
10 5
7 2
6 5
14 5
5 1
20 1
14 5
3 1
3 5
8 5
8 2
16 1
5 1
9 5
10 5
4 5
3 5
6 1
4 1
3 1
20 5
17 1
5 1
6 1
50 5
28 5
1 5
15 5
4 1
28 5
19 5
26 5
7 2
69 5
22 2
18 5
97 5
10 4
8 2
7 5
6 5
19 5
7 1
5 2
30 1
1 5
4 5
13 5
12 5
8 5
4 1
9 1
13 5
39 5
15 1
34 1
42 5
13 5
23 5
14 5
3 5
25 1
11 5
12 5
13 5
20 5
11 5
3 1
4 1
7 1
3 1
24 5
8 5
4 5
22 1
5 2
4 5
0 5
19 5
6 5
2 5
2 1
31 5
15 5
37 1
5 5
4 5
36 5
0 5
5 1
4 1
4 5
1 5
2 5
16 1
6 5
19 4
18 5
23 5
1 5
2 5
6 5
24 1
10 1
1 5
27 5
5 4
23 5
1 5
7 5
4 5
8 5
3 5
6 5
11 5
16 5
3 5
12 5
7 5
9 5
4 5
5 5
3 5
2 5
15 5
2 5
10 5
2 5
3 5
7 5
2 5
10 5
12 1
28 4
5 5
3 5
28 5
14 4
11 5
7 5
6 5
4 5
10 5
18 5
14 5
9 5
34 5
4 5
6 2
5 4
1 1
21 1
8 2
8 5
21 5
6 5
18 4
24 1
14 1
18 5
11 5
9 5
13 5
5 1
3 4
5 5
3 5
14 5
2 5
2 5
58 5
12 5
5 5
4 5
7 5
1 5
12 5
20 5
4 5
21 5
1 5
11 3
17 4
2 5
1 5
5 5
10 5
17 5
13 5
5 1
9 5
3 5
18 5
1 5
10 1
4 5
2 4
7 5
3 5
11 5
2 5
6 5
8 5
30 5
5 1
1 5
3 1
7 5
39 5
3 5
41 5
12 5
27 5
1 5
27 5
4 5
7 5
27 5
44 5
28 5
13 5
4 5
34 5
2 5
16 1
5 5
0 5
0 5
20 5
3 5
25 5
5 2
4 1
14 5
1 5
82 5
7 5
6 1
24 5
5 5
3 5
1 5
16 5
7 5
45 5
10 5
20 5
15 3
34 5
2 5
9 5
4 5
4 5
40 5
3 5
6 5
10 5
0 5
8 5
15 5
0 5
17 5
3 5
15 5
31 5
8 5
6 5
9 1
24 1
0 5
4 5
4 1
61 5
17 5
4 5
7 5
2 5
37 5
11 5
7 5
12 5
5 5
2 5
27 2
17 5
32 5
44 5
12 5
2 5
36 5
5 5
29 5
6 5
2 5
28 5
7 5
6 5
10 5
5 5
44 5
4 5
72 5
21 5
2 5
5 5
11 5
24 5
7 5
0 5
5 5
2 5
2 5
4 5
2 5
5 1
15 3
0 5
10 5
3 5
6 5
43 5
2 4
16 5
25 1
16 1
6 1
20 1
13 5
8 5
12 5
7 5
11 5
10 5
9 5
5 1
21 5
53 5
10 5
36 1
6 5
23 4
6 5
15 5
6 5
9 1
5 5
27 1
9 5
16 5
44 5
4 5
3 5
28 1
14 5
8 5
8 1
41 5
6 2
15 1
8 1
37 1
12 5
10 5
8 5
2 5
5 5
7 5
36 5
2 5
30 5
4 2
17 1
2 1
17 1
10 1
25 1
4 1
7 1
38 5
4 1
8 1
3 1
19 1
9 1
1 4
9 5
9 3
4 1
11 1
20 5
20 5
8 5
11 2
18 5
8 1
48 5
12 1
6 1
12 5
25 1
8 1
8 5
11 5
10 1
7 5
13 5
7 5
48 1
59 1
9 1
22 1
30 1
15 5
93 5
