6 5
22 5
17 4
11 4
11 5
4 5
6 4
4 4
1 4
2 4
34 5
2 5
21 4
2 4
0 4
4 2
7 4
20 4
5 4
3 5
5 4
2 4
9 4
8 4
2 4
11 4
12 4
0 4
3 4
1 4
18 4
5 4
3 5
65 5
3 4
8 4
1 4
4 4
5 4
2 5
1 4
10 5
15 5
6 5
2 4
3 5
2 3
14 4
48 5
2 5
6 4
10 5
1 4
4 4
2 3
6 5
4 4
13 4
8 5
4 4
3 5
3 5
1 3
5 5
2 5
8 5
29 5
11 5
3 4
5 5
4 5
0 3
4 5
0 5
2 4
1 4
0 5
1 4
0 4
18 5
1 5
1 4
1 5
15 5
3 4
0 4
1 4
0 4
9 5
1 4
3 5
3 5
2 2
0 2
4 5
5 5
0 3
1 4
3 4
2 5
1 5
4 5
0 4
0 4
1 5
0 4
2 4
19 4
20 5
3 3
0 4
3 4
0 3
3 4
2 5
4 3
3 4
2 5
5 4
6 4
9 4
83 5
1 5
1 4
16 4
28 4
2 4
25 4
2 5
6 4
4 4
38 5
2 5
4 4
5 5
0 4
6 4
4 3
6 5
2 4
4 5
83 5
2 5
117 5
2 4
3 5
1 5
20 3
2 5
46 5
4 5
0 4
1 5
9 2
14 5
2 4
2 4
5 5
4 5
2 4
1 4
6 4
6 5
3 4
1 4
4 5
3 4
6 3
2 5
4 5
4 4
5 5
0 5
2 4
4 5
3 5
6 5
24 5
2 5
31 3
8 4
6 2
105 4
16 5
25 5
7 4
65 5
1 3
1 5
3 3
3 4
2 3
129 5
3 5
2 3
9 5
5 5
4 5
6 5
93 4
22 5
0 3
51 5
77 5
2 5
3 3
134 4
58 5
0 4
2 3
3 5
5 4
1 5
6 4
4 5
16 5
53 4
3 5
5 4
1 4
6 3
1 5
2 4
23 5
14 5
1 4
11 5
2 4
1 4
0 4
9 4
13 5
9 5
1 4
4 5
8 5
37 5
1 4
3 5
14 5
211 3
0 4
11 5
8 4
5 5
2 4
8 4
8 5
9 4
13 4
4 4
6 3
0 4
7 5
1 4
5 5
7 5
0 4
7 4
32 5
25 5
4 5
5 2
1 5
6 5
2 5
64 4
0 4
34 4
1 5
0 5
1 5
21 5
5 5
6 4
12 4
33 5
3 4
3 5
4 5
8 5
1 4
14 2
6 5
0 5
0 4
3 4
10 4
59 4
20 3
1 5
4 4
1 4
12 5
1 4
5 3
4 5
19 5
1 5
12 5
0 5
24 4
15 5
1 5
2 3
1 4
18 5
7 3
39 4
8 5
4 5
3 2
1 4
15 4
3 5
62 4
2 4
6 4
9 5
4 3
12 5
6 3
12 4
6 3
6 4
1 2
3 5
4 3
5 2
22 4
15 5
0 5
25 5
1 3
10 5
0 5
3 4
2 3
2 5
6 4
4 5
1 4
16 5
33 4
12 4
11 5
2 4
30 5
7 2
20 5
2 4
4 3
4 5
1 4
7 5
49 5
2 4
2 5
12 4
15 4
8 5
0 4
5 4
0 4
4 5
0 4
3 3
1 4
3 3
64 5
2 3
3 4
1 5
9 4
24 5
10 5
2 5
0 5
5 4
0 4
1 4
75 5
13 4
75 5
3 5
9 5
3 4
6 5
2 4
1 4
4 5
8 4
1 4
14 3
5 4
3 5
0 3
4 5
17 5
14 5
0 4
6 4
4 4
0 4
10 4
5 4
5 5
2 4
7 3
12 4
17 5
9 5
2 4
11 5
9 5
1 4
3 5
12 5
2 4
6 5
10 4
0 5
4 5
17 5
8 4
4 5
2 5
8 4
8 4
7 5
5 5
5 3
18 5
5 5
4 4
1 5
0 5
6 5
15 5
2 5
3 5
1 4
0 4
15 4
6 3
5 5
3 5
7 3
52 5
5 5
0 5
7 4
4 4
17 5
38 4
47 5
13 4
4 3
117 5
45 5
3 3
9 4
5 5
1 4
9 4
0 5
5 5
71 5
6 5
10 5
10 4
19 5
61 5
36 3
7 4
5 5
10 5
17 5
100 5
4 5
18 5
15 5
6 3
62 5
1 5
48 5
9 5
5 5
4 3
8 4
2 3
3 5
27 4
2 3
2 5
3 5
9 3
1 5
10 5
14 5
12 4
8 3
5 1
3 3
13 1
6 4
16 5
7 5
2 5
1 2
0 5
7 4
3 4
11 5
3 5
4 4
2 4
1 4
1 5
4 4
18 2
3 4
8 4
1 5
1 5
42 5
5 5
7 4
4 5
9 3
7 5
5 2
3 3
7 4
3 3
1 4
26 5
17 5
6 2
3 4
10 5
3 4
785 5
0 5
13 5
4 3
4 4
4 4
3 4
18 5
4 3
5 5
1 3
3 4
1 4
9 4
1 4
6 4
16 5
4 5
9 5
7 5
21 5
9 4
5 5
3 4
8 5
7 4
5 5
13 5
13 5
4 4
2 5
2 4
5 3
12 5
0 3
5 4
6 3
0 3
6 5
0 5
5 5
1 4
1 5
6 4
7 5
4 3
0 4
0 4
1 5
1 4
2 4
24 5
2 5
10 4
6 3
3 4
0 5
52 5
2 4
110 4
3 5
2 4
12 4
23 5
1 4
6 3
4 1
2 4
1 5
10 3
4 4
0 5
9 4
0 4
2 5
21 5
11 5
3 3
4 3
9 5
1 5
33 4
2 4
14 4
0 3
9 4
9 4
18 5
16 5
15 5
2 4
3 4
6 4
12 4
8 4
6 4
14 4
7 3
4 3
5 4
0 4
3 3
5 3
16 4
54 3
0 5
3 3
1 4
5 4
5 4
5 4
2 4
10 5
8 4
4 4
2 5
6 4
0 3
4 5
7 4
3 5
0 4
15 4
4 3
18 4
35 4
22 5
1 1
19 3
2 4
5 5
6 5
2 3
40 4
9 4
1 5
17 3
1 4
6 4
59 4
0 4
2 4
28 3
14 4
13 4
2 4
5 5
0 5
24 4
6 4
64 4
7 5
8 4
1 3
34 4
0 5
7 4
