5 5
9 4
4 3
2 3
19 5
1 4
21 5
10 5
1 4
5 5
5 4
58 5
0 5
3 5
2 5
42 5
14 5
14 5
8 5
8 5
7 5
16 5
4 5
3 5
1 5
57 5
1 4
6 4
20 5
1 5
3 5
0 5
0 5
116 5
3 4
7 5
32 5
1 3
1 4
0 4
20 5
16 5
8 5
4 3
13 5
4 5
17 5
0 5
0 5
8 5
10 5
46 5
1 4
2 3
42 4
20 5
34 5
1 4
4 4
3 3
5 3
6 4
7 4
2 5
45 4
0 4
8 5
2 4
15 5
2 4
8 4
5 5
16 5
7 4
16 5
3 4
7 5
57 5
0 4
4 4
50 4
2 4
175 5
12 3
4 5
2 4
7 5
9 3
9 4
8 3
1 3
26 5
2 5
30 5
12 5
17 5
7 4
67 4
2 4
16 5
6 5
23 5
8 5
4 5
0 5
0 4
5 5
0 5
11 5
2 5
6 3
8 5
2 5
0 4
2 5
6 5
26 4
7 5
1 4
7 4
9 5
19 5
2 3
3 4
4 4
8 5
2 3
9 4
25 4
44 5
7 5
0 2
6 5
6 5
1 4
13 5
8 5
17 5
13 5
17 5
1 4
1 4
2 5
14 5
3 5
9 5
44 5
9 5
6 5
6 5
9 5
1 5
0 5
17 5
3 4
10 5
13 5
8 3
17 5
0 5
46 5
0 5
7 5
4 5
1 5
1 4
0 5
4 4
7 5
11 5
8 5
10 5
15 4
1 5
4 5
4 5
0 5
19 5
18 5
2 4
6 3
18 4
17 4
3 4
17 5
204 3
0 4
1 5
1 5
7 3
6 5
29 5
4 5
0 5
0 5
3 1
15 5
0 4
0 5
0 5
23 5
10 4
17 5
4 5
0 4
3 5
3 5
5 5
15 5
26 4
1 5
6 5
0 5
1 5
4 5
2 3
10 5
2 5
3 5
0 5
5 4
2 5
0 4
0 5
4 5
5 4
2 3
0 5
0 5
3 5
6 5
4 5
6 5
2 5
4 5
8 5
1 4
17 3
5 5
0 4
0 5
7 4
13 4
84 5
8 4
3 4
1 5
1 4
1 4
3 5
1 5
3 5
1 5
3 5
60 5
8 4
16 4
18 4
9 4
4 4
16 5
0 5
3 5
26 5
1 4
7 5
9 4
2 2
4 4
9 5
1 5
9 5
12 5
0 5
3 4
6 4
9 4
1 5
0 5
2 3
22 4
7 5
1 4
233 5
3 3
6 5
3 5
3 3
8 5
16 5
1 5
7 5
5 5
3 5
6 5
5 5
26 5
9 4
6 5
22 4
4 5
2 5
3 5
8 5
13 5
47 5
16 5
2 5
1 4
12 5
13 4
5 5
50 5
7 5
27 5
9 5
9 2
62 5
2 5
1 5
14 5
22 5
9 3
31 5
0 5
1 5
12 5
3 3
5 3
9 5
1 5
7 5
1 5
0 5
8 5
25 5
0 5
3 4
3 4
6 5
7 4
0 5
2 5
2 5
10 5
6 5
14 5
2 5
34 3
8 5
8 4
27 5
10 4
1 5
3 4
13 4
8 4
0 4
5 5
1 4
5 5
5 5
1 5
4 4
41 5
7 5
0 5
16 5
11 5
48 5
20 5
5 4
12 5
34 5
9 5
20 5
3 5
5 5
4 5
1 5
3 4
101 5
3 5
1 4
2 5
6 5
61 5
4 5
33 5
1 5
1 2
7 4
32 5
2 5
7 5
10 4
12 4
74 4
16 5
17 5
15 2
10 5
23 4
10 5
15 5
0 5
17 3
7 4
6 5
2 5
3 5
35 5
57 5
3 5
6 5
3 5
5 5
4 4
37 4
9 5
15 5
1 4
2 5
5 4
23 5
2 4
6 5
8 5
4 4
0 4
16 4
2 5
0 5
2 5
84 5
10 5
49 5
1 3
2 2
40 4
12 5
28 5
3 4
23 5
5 3
7 5
1 5
9 5
1 4
8 4
3 5
2 5
3 3
1 5
8 2
1 4
10 3
2 4
17 4
4 5
11 3
32 5
17 5
41 5
6 4
2 4
55 5
9 5
7 3
52 5
13 3
9 5
44 3
18 4
4 5
10 5
53 5
6 5
10 5
5 5
14 5
4 5
6 5
26 3
2 5
3 3
70 5
1 3
29 5
10 4
12 5
9 5
6 5
35 5
14 4
7 5
8 5
58 5
39 4
4 5
2 4
3 4
12 5
22 5
14 5
2 4
14 5
8 5
10 3
29 5
2 5
3 4
36 4
9 3
1 5
8 5
17 4
5 5
12 5
11 5
17 4
40 5
7 4
19 5
7 3
6 5
14 5
4 3
6 5
16 3
14 4
6 4
1 5
127 2
6 5
18 4
4 5
17 5
8 5
62 5
14 4
14 4
5 5
10 4
28 5
9 5
4 5
3 4
7 3
21 5
29 5
26 5
1 5
6 5
1 5
3 5
8 2
6 5
5 3
3 5
5 5
16 3
17 5
4 5
4 4
24 5
14 5
5 4
0 5
8 4
26 4
4 4
4 4
32 5
3 3
13 5
30 5
14 4
10 5
10 5
2 3
13 3
8 5
7 5
1 5
7 5
4 3
9 4
3 5
3 4
10 5
9 5
4 5
2 4
8 5
15 5
5 4
78 5
6 4
4 3
11 5
1 5
10 5
6 5
11 2
11 5
11 4
6 4
43 5
45 5
10 4
19 5
28 5
77 4
19 5
2 5
7 5
11 4
5 3
27 4
14 5
5 5
36 4
12 4
13 5
64 5
52 5
3 5
33 5
29 3
47 5
12 5
20 3
17 5
1 5
7 5
32 5
15 4
14 4
5 5
66 5
14 5
0 4
23 4
31 5
11 3
22 5
22 4
1 5
82 4
46 4
10 3
70 5
9 3
28 4
554 5
33 4
31 4
3 3
130 5
12 5
10 4
33 3
3 4
9 3
10 5
24 3
5 3
15 4
10 4
11 3
5 5
23 3
0 4
43 5
99 5
25 5
14 3
32 3
86 5
46 5
11 4
17 5
55 5
8 3
15 4
2 4
7 3
62 5
77 3
4 5
22 5
23 5
7 4
4 5
6 5
42 3
47 5
15 5
7 5
8 4
86 5
4 5
19 5
20 3
6 4
1 3
8 4
3 5
6 4
3 4
10 4
17 3
13 3
6 3
8 5
2 4
33 4
20 4
91 5
15 3
5 5
20 4
6 4
4 2
20 4
2 2
25 4
13 4
6 4
17 5
87 4
15 5
49 4
53 4
3 4
16 3
21 4
77 4
197 5
6 3
8 4
13 5
22 4
9 4
4 4
27 1
33 4
20 3
34 5
7 4
30 5
1 2
10 5
4 1
5 1
21 5
