2 4
2 4
26 4
36 3
8 4
1 4
14 5
2 4
4 3
6 4
2 3
5 3
1 3
26 5
9 4
5 3
2 5
20 5
16 4
3 4
9 4
71 3
2 4
16 5
5 5
21 2
7 4
1 4
2 4
5 4
6 3
5 4
3 4
2 4
26 4
12 4
6 4
14 5
15 3
3 5
4 3
2 4
108 5
41 5
4 4
2 3
6 5
23 5
6 5
0 4
0 4
0 5
2 5
1 5
14 4
2 5
3 4
2 5
40 5
17 5
8 5
0 4
6 5
4 5
3 2
2 4
8 5
4 5
5 3
99 4
17 5
1 4
25 5
4 5
1 4
4 4
36 5
15 2
8 5
30 5
5 5
2 4
1 3
2 4
12 3
4 4
6 5
7 5
9 3
48 5
13 5
29 5
2 5
6 3
16 5
2 4
22 5
2 4
2 4
4 5
10 2
10 4
11 5
33 4
65 5
72 3
2 4
0 3
0 4
0 4
1 5
1 4
1 3
2 4
2 4
3 4
2 4
0 4
1 3
22 4
4 4
8 5
10 5
33 5
23 5
12 4
2 4
5 5
70 5
18 4
5 3
56 5
35 4
5 4
8 5
6 2
12 5
32 3
17 5
3 4
48 5
15 4
47 4
1 4
0 4
3 4
24 5
0 4
146 5
0 5
12 4
97 5
5 5
30 4
2 4
14 4
4 3
14 5
176 5
10 5
2 5
25 5
67 4
4 4
3 5
4 5
8 5
3 5
19 4
103 5
52 5
3 4
4 5
9 4
11 5
3 4
9 5
20 4
29 3
7 4
31 5
4 4
28 5
19 5
2 4
5 5
36 5
5 5
41 5
8 4
1 4
11 3
13 4
41 5
37 5
12 5
17 4
7 5
4 5
11 5
1 3
15 4
37 4
47 4
2 5
46 4
5 5
9 4
54 4
5 5
2 4
1 4
16 5
35 4
9 4
55 5
12 4
20 4
7 1
2 4
4 5
4 4
3 4
4 4
1 3
16 5
12 2
10 5
5 5
72 4
10 5
9 5
3 5
32 4
8 4
4 4
11 4
55 5
16 5
73 5
25 5
19 4
57 5
23 5
2 4
7 5
31 3
11 4
21 4
6 3
25 5
7 5
7 5
38 4
8 4
33 4
0 4
0 4
0 4
6 4
10 4
3 5
8 5
26 5
33 5
51 1
6 4
10 3
6 2
6 5
4 5
15 5
15 5
44 4
6 5
21 5
29 4
11 3
2 5
7 4
6 5
22 5
1 4
3 5
15 5
21 4
10 3
6 4
13 4
1 4
8 5
10 4
1 5
7 4
25 4
2 4
4 5
26 3
9 4
0 5
6 4
21 5
5 5
6 5
20 3
34 5
7 5
9 5
2 5
6 4
4 4
3 5
10 5
4 4
3 5
7 5
0 5
13 5
4 3
154 5
2 4
4 5
12 4
5 5
0 4
2 5
2 4
25 2
3 5
19 5
3 4
4 5
7 5
1 5
9 4
2 5
10 5
17 5
3 5
4 5
2 5
9 5
18 3
26 5
6 5
22 5
17 4
15 5
10 5
2 4
17 4
7 4
7 5
5 5
5 5
12 5
19 5
3 5
2 5
12 4
2 4
10 5
2 5
9 5
185 5
9 5
5 5
10 4
38 5
20 5
21 5
12 5
6 4
17 5
20 4
14 3
10 3
7 4
0 5
9 4
21 5
30 3
4 4
9 5
0 4
9 5
2 4
58 5
4 5
8 5
14 5
3 4
12 5
21 5
4 4
7 5
7 5
2 5
14 4
1 5
6 4
4 4
2 5
10 5
0 4
1 5
4 4
188 5
5 5
4 5
10 5
4 5
0 4
11 3
129 5
0 4
5 5
7 5
9 4
4 4
42 5
38 5
3 4
0 4
11 4
26 4
3 3
158 5
26 5
14 5
21 4
35 5
4 4
92 5
51 4
2 4
3 5
1 5
4 4
64 5
3 5
5 3
4 5
1 4
15 5
8 4
17 5
9 5
9 4
48 3
2 4
14 4
76 5
27 3
8 5
11 4
38 5
16 4
2 5
57 5
10 4
24 5
7 5
10 4
5 4
7 5
167 4
6 4
14 4
9 5
19 5
36 4
20 5
49 4
36 4
3 5
1 2
6 5
47 5
0 4
10 5
5 5
22 5
30 5
45 5
9 4
10 5
6 5
27 5
18 5
59 5
10 5
8 5
16 5
13 5
8 4
12 4
8 3
9 5
10 5
3 3
6 5
6 5
7 5
3 5
27 5
52 5
10 5
36 4
4 4
3 4
9 4
28 5
9 5
24 5
7 5
103 4
14 5
4 4
2 4
9 4
96 1
6 5
5 4
17 4
12 5
4 4
34 5
49 5
18 5
29 5
7 3
5 5
5 4
16 4
39 5
3 5
6 3
7 4
21 5
126 5
45 5
17 5
10 3
4 4
11 5
25 5
2 4
16 5
24 3
34 4
35 5
4 5
4 5
3 4
9 4
5 5
8 4
43 4
9 5
11 3
22 5
161 5
10 5
8 5
3 5
94 4
282 5
38 5
8 4
33 5
0 3
51 5
0 4
13 5
3 5
29 5
37 4
4 4
5 4
4 5
61 5
72 5
26 5
7 2
102 5
7 5
342 4
5 4
19 5
4 4
23 5
22 4
12 4
31 4
81 5
25 4
26 5
7 4
8 4
4 5
10 5
43 4
1 4
3 4
3 4
10 4
39 4
12 5
8 5
11 4
0 3
8 5
107 5
34 5
52 5
8 5
56 5
7 4
29 4
15 4
7 4
67 5
7 4
8 4
7 4
23 5
8 5
6 5
21 4
6 5
6 5
7 5
10 4
11 4
3 4
218 5
2 4
40 4
2 4
41 5
1 4
11 5
8 3
10 4
28 4
15 4
10 5
128 4
160 4
7 5
1 3
4 4
391 5
38 5
4 4
14 5
14 5
4 4
18 5
8 5
4 3
7 5
39 5
5 4
35 5
4 5
10 5
6 4
21 5
9 5
140 5
6 5
3 4
31 5
10 5
3 5
25 5
8 5
9 5
19 5
19 5
14 3
12 5
23 5
23 5
18 5
286 5
8 5
20 5
2 5
2 5
13 5
27 5
4 5
11 5
7 5
3 4
8 5
27 5
5 4
5 4
29 5
32 5
9 5
18 5
18 5
0 5
4 5
12 5
23 5
10 5
6 5
3 5
7 5
15 5
9 5
16 5
5 5
3 5
25 5
5 5
7 5
13 3
6 4
9 5
6 5
21 5
21 5
21 5
75 4
6 4
4 5
32 5
12 5
15 4
12 5
18 4
51 4
3 5
13 4
8 4
16 5
10 4
30 5
18 5
7 5
80 5
26 5
2 5
1 5
11 5
10 5
11 4
5 5
12 4
44 5
55 4
70 4
25 5
22 5
21 4
32 5
4 5
5 5
10 5
3 5
49 5
3 5
20 4
4 5
49 3
3 5
12 4
1 4
7 4
7 4
3 2
15 1
24 3
0 2
16 2
