-0.07801434074194
0.21345504736868
0.055309254263891
-0.018475208724832
0.014465514553815
0.17020566472814
0.12121827988843
0.10005442649664
0.032994743885822
0.17200338503861
0.089102917317791
0.098881392684532
0.18720273660608
0.021132515307758
0.092359619529125
0.1384713883907
0.14278679881351
0.0053203252670871
0.040504842491862
0.068202332403585
0.059734436987131
0.18318449848793
0.1023365975441
0.084133214894678
0.13851838267659
0.11816888546413
0.16415290612614
0.11669140003769
0.1106744637466
0.15381696183264
0.040208873642215
0.0064790603854905
0.043764675851012
0.1301622379244
0.019539896441349
0.068444026754028
0.06205993708533
0.067986415610439
0.12783864743466
0.13504126608126
-0.013727796992368
0.062595527593946
0.088830355194399
-0.0061448727026488
0.027029386976794
nan
0.090116904917308
0.0049250944457509
0.10965807182117
0.013752013650581
0.055831605020071
0.041677792338704
0.085257437068646
0.046537167012795
0.12504985186374
0.12678688007083
0.06835179616414
0.060609415951821
0.086940729395386
0.12578151587695
0.11875456413314
0.14176373240007
0.022448391180586
0.13503774269188
0.051486636075274
0.017811475726488
0.18492316019033
0.10237932118738
-0.0026349289854177
0.073176446680375
0.013724947082216
0.062000110385039
0.055596837865367
0.18251371784434
0.18154880963794
0.11930049166283
0.16328542608749
0.030740558705146
-0.14252275828471
0.025110761126103
0.066920372977256
0.13275129539799
0.0049836076293453
0.050037786797692
0.16537943284871
0.074886220771932
0.044626136926622
0.15008944716725
0.062737374957511
-0.071306253746504
0.15857132700717
0.16544324685575
0.16760279939147
0.043727709187369
0.19913465813733
0.10589722686895
0.031330315464942
0.085940719734639
0.098723957624567
0.059862926995826
