7.12
8.86
13.55
3.23
10.67
6.77
6.15
57.23
21.17
9.43
2.91
19.06
3.99
17.06
6.38
10.32
8.68
11.37
10.11
4.87
21.32
2.67
15.13
14.79
9.12
4.97
5.94
38.16
10.49
25.13
7.44
5.97
18.37
5.08
11.08
10.17
6.10
4.39
19.04
5.85
3.31
33.47
9.42
12.46
16.56
25.97
11.38
20.16
10.71
13.35
4.69
14.26
6.82
20.21
4.63
11.74
10.26
34.66
5.24
30.76
13.64
5.21
14.63
12.95
16.34
8.82
41.68
21.11
9.81
9.06
18.53
41.81
12.09
11.96
37.23
12.22
12.08
28.08
21.61
8.78
17.41
9.74
13.01
8.58
12.19
5.75
6.64
14.80
11.72
11.27
3.53
9.96
26.35
14.03
26.92
18.59
12.84
11.51
19.40
15.27
