4.20
3.59
3.04
3.76
3.08
3.35
3.16
3.97
4.09
4.28
3.94
4.03
3.28
4.30
4.02
4.57
4.00
4.12
3.73
4.20
3.66
2.75
3.31
1.68
3.25
3.21
3.80
4.07
4.65
4.10
3.73
4.67
3.59
2.91
4.35
2.50
4.41
2.63
3.80
3.47
3.92
3.90
3.09
2.51
2.24
1.90
3.86
2.48
4.75
4.84
4.77
4.39
4.23
4.44
4.37
4.65
4.58
4.69
3.52
4.40
4.29
3.64
4.26
3.90
4.62
4.41
3.85
4.32
4.15
4.47
4.78
4.66
2.38
4.05
4.71
4.50
3.78
3.82
3.45
3.51
4.32
4.18
4.44
4.30
3.12
3.31
3.91
3.98
3.78
4.58
3.83
3.44
3.71
3.38
2.87
3.39
2.96
4.63
3.36
4.51
