25
18
7
0
2
2
0
3
0
4
1
35
9
12
15
2
2
2
6
7
3
36
0
2
30
6
3
4
0
35
0
3
6
3
3
2
13
1
5
4
4
1
2
3
11
3
1
12
6
9
10
5
3
4
7
3
8
3
3
17
2
2
8
9
0
6
19
32
102
4
1
21
7
3
19
3
4
12
0
15
1
17
38
4
8
4
47
48
0
9
17
7
6
12
19
32
22
73
12
1
4
4
65
2
22
6
3
2
5
35
2
4
3
6
14
10
27
2
12
150
6
8
0
4
5
0
6
1
10
3
3
1
3
1
0
0
1
3
15
35
342
2
6
22
2
2
3
6
5
11
6
93
1
31
73
2
14
28
427
6
5
3
13
12
9
9
12
8
19
9
199
215
6
203
13
18
13
4
0
3
22
5
9
3
19
1
0
3
6
4
5
25
5
5
9
3
21
21
23
17
28
17
2
3
3
3
2
2
4
3
3
28
14
4
0
6
727
5
18
15
5
17
6
7
6
5
37
1
29
37
2
8
25
4
1
4
4
5
1
2
6
4
1
1
5
5
144
6
12
16
12
5
14
4
2
2
0
7
44
36
13
4
2
10
25
1
2
1
8
4
1
5
1
2
3
6
6
3
4
1
1
2
8
61
4
36
3
3
5
3
6
17
1
9
1
0
1
2
0
0
4
9
6
3
2
2
2
9
1
17
4
4
1
4
0
2
19
79
3
1
3
1
6
1
4
7
5
0
0
1
1
3
0
7
3
0
0
5
0
2
2
2
0
0
3
1
0
0
0
1
0
2
0
0
0
0
5
0
5
9
1
1
6
3
0
0
1
0
1
0
0
6
0
0
8
6
0
0
1
5
0
0
3
0
5
1
0
0
0
0
2
1
0
10
2
0
0
2
45
5
3
4
4
3
2
1
1
3
0
4
1
13
6
3
7
8
1
3
3
5
1
15
10
1
12
25
24
2
6
16
129
16
78
1
4
3
66
3
12
5
8
4
0
22
40
5
15
3
4
21
2
11
9
8
15
13
1
7
2
1
54
3
8
2
0
5
79
4
3
6
1
7
3
0
5
9
4
3
21
3
21
1
0
9
11
10
4
1
1
4
2
20
0
3
10
4
1
8
30
6
16
6
14
4
38
8
19
17
4
5
0
15
10
3
3
0
1
13
14
0
2
4
3
7
19
2
7
5
2
3
87
1
0
9
2
18
6
1
1
31
5
1
18
152
17
6
3
5
4
4
10
1
21
13
18
3
10
6
14
4
27
58
1
1
1
5
9
2
1
17
172
20
0
3
2
2
4
2
28
5
3
3
18
3
41
44
4
2
74
9
20
9
3
6
35
8
3
10
5
24
5
10
3
5
37
6
4
4
16
9
8
11
21
4
10
41
3
1
16
0
0
12
7
0
2
3
2
18
19
7
10
10
5
8
22
22
16
12
23
5
8
3
9
4
2
8
3
13
34
3
6
3
666
0
5
65
8
7
2
25
3
9
22
9
1
6
4
101
2
1
11
10
1
20
4
4
3
10
9
6
12
6
3
2
8
5
11
11
32
9
1
1
2
13
1
3
1
1
3
1
1
0
0
5
0
3
2
0
8
4
4
4
1
7
4
3
0
27
6
5
6
317
2
5
4
4
3
19
2
1
27
42
20
135
26
26
113
16
0
23
5
0
6
4
20
1
5
41
2
3
4
5
20
14
7
1
16
77
13
20
11
1
0
12
8
1
6
53
5
3
4
1
5
3
4
3
14
5
12
3
18
3
3
10
3
31
9
8
30
18
4
0
0
41
7
0
2
2
0
9
0
26
4
9
85
7
2
5
0
6
8
8
0
1
0
2
4
22
3
16
32
0
5
3
1
0
0
0
0
4
0
15
5
7
60
10
12
1
21
84
10
34
11
49
40
4
3
1
66
4
37
2
59
1
19
12
17
81
72
4
4
4
26
1
0
2
43
10
17
5
7
15
11
8
5
3
1
3
7
12
1
70
4
166
4
16
43
3
11
4
12
12
6
12
21
3
29
7
18
5
4
7
5
0
12
4
3
52
241
18
34
11
19
73
9
444
97
1
31
6
2
20
48
35
14
4
29
0
765
11
23
1
65
9
5
1
17
6
11
142
152
38
1
0
99
9
21
68
32
17
4
16
7
14
7
3
12
3
15
8
7
10
72
3
6
27
21
10
13
9
13
3
9
18
6
22
70
2
24
51
6
1
37
3
4
4
112
16
615
12
9
0
108
9
13
14
52
111
3
31
20
8
49
23
1
19
25
24
13
9
12
241
30
3
32
28
55
45
3
0
18
14
62
79
16
267
15
21
19
8
91
19
23
8
10
14
13
9
320
90
18
105
49
5
64
65
9
5
31
17
7
42
78
15
9
5
21
7
3
44
18
7
1
7
3
29
716
133
6
4
13
76
10
8
1
4
33
16
51
8
7
26
145
1
3
8
14
8
23
96
32
7
4
231
4
12
27
4
0
5
234
9
6
8
25
16
52
20
16
204
11
228
121
24
16
40
24
8
31
38
9
5
4
239
101
8
7
10
3
36
15
4
79
15
11
6
16
16
18
41
48
256
17
18
43
10
85
1
84
29
5
188
60
19
57
21
47
18
18
86
3
28
5
9
24
8
21
7
1
2
35
35
12
332
46
14
16
16
54
6
2
13
10
23
12
27
0
55
20
29
14
4
1
6
3
29
69
8
19
3
66
3
13
19
0
12
23
36
15
23
3
63
9
2
7
102
403
60
8
91
3
2
9
6
4
15
4
15
7
103
8
50
7
6
7
15
5
11
2
77
11
25
80
13
0
53
33
28
5
79
316
11
14
21
58
12
9
36
1
17
20
8
9
9
7
14
11
16
3
2
34
18
0
18
10
2
11
8
4
1
156
8
5
6
29
13
6
33
6
2
42
15
77
3
7
5
10
10
11
4
7
15
2
12
38
2
2
2
3
1
12
20
4
30
17
6
108
5
17
30
7
4
12
6
2
11
13
9
4
142
15
5
51
15
42
1
3
49
290
16
18
82
2
37
55
19
5
20
8
27
22
15
10
2
18
5
6
23
4
57
12
3
3
15
4
2
3
7
4
15
10
4
7
2
120
14
15
4
8
28
13
65
20
27
50
42
123
40
220
11
4
99
93
23
7
2
53
24
20
18
0
15
16
22
21
31
14
105
65
8
8
31
7
3
35
51
4
2
15
15
25
24
14
83
12
20
27
17
4
9
3
63
89
34
15
99
38
8
19
1
12
6
3
77
104
2
7
23
22
13
143
17
4
22
21
6
6
8
0
11
9
23
17
11
27
2
19
17
27
41
35
7
51
3
7
13
21
11
14
8
748
16
60
13
9
21
24
19
24
49
12
45
19
22
64
18
180
29
5
31
11
14
6
1
8
45
67
14
43
39
54
5
25
35
13
5
1
11
26
5
2
34
3
112
39
1
11
8
4
6
25
11
4
16
5
205
102
21
5
13
34
13
8
7
33
6
10
15
10
0
14
9
23
10
11
21
103
27
4
4
28
6
11
2
13
17
0
8
3
11
6
15
20
111
50
8
22
10
93
9
37
28
2
18
3
13
12
27
4
208
4
8
14
15
9
6
118
8
30
10
5
14
26
2
25
3
13
3
13
4
14
46
7
10
26
4
28
26
6
10
6
4
4
9
54
51
237
26
37
15
5
14
14
7
7
66
7
28
12
16
94
9
10
4
7
33
13
18
23
14
45
39
37
20
24
24
18
35
45
163
15
23
23
1
41
25
4
18
2
285
9
154
3
21
34
1
13
22
10
5
7
38
52
4
12
38
39
20
11
13
7
9
2
38
25
11
656
8
35
17
4
5
8
10
9
113
1
17
37
5
11
6
14
15
1
11
14
18
19
18
24
3
8
9
14
4
13
23
100
31
14
15
5
50
39
8
4
1
6
20
21
3
35
17
4
26
18
17
10
33
62
16
7
31
18
27
105
11
6
53
44
13
63
3
8
29
126
13
19
11
10
25
3
6
18
5
5
5
3
1
154
5
5
15
18
28
10
45
16
21
133
5
8
54
1
14
11
29
25
2
29
29
48
20
10
13
59
23
8
51
11
1163
5
11
42
25
17
51
10
7
54
20
33
60
17
24
43
56
19
6
89
124
3
4
52
8
294
149
21
1
22
34
24
107
190
4
82
91
9
17
25
10
18
170
65
56
6
47
24
75
30
20
31
45
226
34
90
481
14
5
155
5
4
6
10
7
5
25
22
4
3
40
190
83
64
11
109
9
15
174
6
14
3
8
106
10
12
18
12
5
2
47
22
9
45
5
29
28
154
6
11
33
20
12
32
19
83
5
17
17
35
16
32
32
44
3
32
10
144
5
109
12
12
55
1
4
22
15
23
37
37
22
20
19
12
34
432
7
10
5
2
44
48
8
13
18
27
11
10
71
5
6
5
5
3
93
7
59
11
7
2
51
19
12
7
25
27
7
4
2
7
28
23
49
29
8
2
44
8
13
107
27
64
17
11
20
7
1
18
70
21
47
43
195
9
23
8
19
17
2
21
29
9
88
125
9
5
72
26
38
48
24
9
1
15
41
13
12
41
17
11
2
15
43
125
7
59
9
7
50
80
21
2
64
4
22
7
25
28
3
15
13
12
10
48
69
12
5
6
13
8
4
1
32
9
49
2
6
53
96
5
57
68
18
54
8
45
79
4
4
26
20
38
40
6
5
48
495
61
4
28
12
42
14
16
10
33
4
22
156
1
14
20
42
46
59
8
5
6
10
99
21
73
255
8
6
35
6
112
61
444
21
32
64
28
220
5
4
8
25
27
13
4
9
5
29
11
79
157
21
301
33
2
21
12
32
4
86
3
56
31
11
50
102
24
344
5
10
158
7
35
132
9
87
10
6
62
177
11
31
5
4
16
18
51
44
31
22
15
14
11
3
550
117
60
22
5
17
23
9
11
69
57
17
119
50
15
64
16
41
4
16
53
6
38
22
23
32
30
12
20
23
11
8
34
72
11
32
18
31
4
53
2
34
38
63
50
53
47
18
12
13
3
2
49
1
34
28
50
33
4
4
20
22
43
118
1
28
44
3
4
38
4
11
15
10
8
39
25
105
12
24
197
13
4
8
48
480
13
4
12
11
2
11
4
35
11
17
9
2
3
1
7
29
7
12
14
7
13
11
3
33
70
12
2
8
13
6
48
116
29
69
286
65
4
2
11
126
13
11
9
13
107
48
35
2
15
4
28
9
3
14
11
27
28
39
111
3
5
3
107
12
59
22
11
173
12
28
13
10
88
13
26
21
16
4
36
15
46
82
173
14
69
5
4
54
7
6
94
18
17
98
10
14
6
10
6
28
3
11
1
6
6
22
31
6
7
42
19
18
16
10
25
22
27
34
111
16
4
3
7
17
9
11
42
26
20
39
9
6
43
17
34
26
178
6
5
55
57
75
9
6
8
15
14
34
11
11
289
80
47
15
29
58
9
6
30
64
14
8
95
12
33
85
14
7
12
35
21
5
19
61
21
2
8
11
31
58
29
8
15
86
26
15
44
9
4
409
60
10
70
31
20
23
29
44
14
20
45
8
2
15
27
8
11
96
20
12
15
2
2
6
3
11
18
3
6
79
70
20
13
8
17
6
31
4
5
5
28
4
29
8
3
9
5
1
25
11
74
15
13
7
9
3
7
75
56
30
5
10
11
5
11
39
28
26
79
5
3
321
18
6
83
13
3
15
32
135
23
25
32
24
24
383
5
6
23
32
3
64
45
21
15
110
60
26
105
14
123
20
3
12
2
4
30
31
7
6
8
14
62
19
22
6
130
5
0
5
9
11
6
1
14
127
2
25
94
19
49
99
4
12
31
146
7
31
35
4
70
21
104
15
17
18
4
54
83
15
13
22
13
124
128
156
24
13
40
7
1
5
16
27
8
153
4
6
11
4
2
9
24
4
4
2
8
5
14
6
44
39
5
65
12
26
9
3
23
54
2
12
35
45
10
1
4
6
23
1
19
5
116
1
3
2
