8	5	32	0.25
14	3	23	0.608696
26	1	55	0.472727
18	4	30	0.6
14	5	36	0.388889
18	4	35	0.514286
14	5	40	0.35
15	2	31	0.483871
21	1	38	0.552632
7	4	29	0.241379
18	1	41	0.439024
8	5	25	0.32
9	5	23	0.391304
17	1	28	0.607143
11	1	22	0.5
17	1	30	0.566667
6	5	17	0.352941
99	1	188	0.526596
20	2	31	0.645161
16	1	37	0.432432
8	1	21	0.380952
7	5	11	0.636364
10	1	25	0.4
6	5	19	0.315789
20	1	56	0.357143
13	5	31	0.419355
11	5	29	0.37931
20	1	43	0.465116
12	1	36	0.333333
13	1	34	0.382353
5	1	19	0.263158
6	4	20	0.3
19	2	28	0.678571
6	5	22	0.272727
38	1	55	0.690909
30	1	45	0.666667
9	5	28	0.321429
20	1	29	0.689655
14	1	30	0.466667
13	1	26	0.5
16	2	25	0.64
10	3	26	0.384615
7	5	26	0.269231
15	1	32	0.46875
12	5	39	0.307692
16	1	31	0.516129
4	5	15	0.266667
3	4	10	0.3
8	1	17	0.470588
3	5	14	0.214286
2	5	14	0.142857
22	1	32	0.6875
3	4	12	0.25
4	2	11	0.363636
2	5	14	0.142857
4	5	15	0.266667
7	5	20	0.35
7	3	16	0.4375
11	1	20	0.55
2	5	15	0.133333
0	5	9	0
11	1	23	0.478261
4	5	12	0.333333
3	5	12	0.25
0	5	11	0
6	5	12	0.5
1	5	12	0.0833333
2	4	14	0.142857
13	1	26	0.5
21	1	32	0.65625
7	5	19	0.368421
7	5	19	0.368421
14	1	20	0.7
28	1	40	0.7
29	1	45	0.644444
6	5	29	0.206897
14	1	33	0.424242
2	5	12	0.166667
14	1	20	0.7
18	1	35	0.514286
5	3	13	0.384615
3	5	19	0.157895
18	1	29	0.62069
11	1	16	0.6875
6	5	29	0.206897
2	5	12	0.166667
15	1	29	0.517241
2	5	9	0.222222
5	5	14	0.357143
8	1	19	0.421053
7	1	17	0.411765
12	1	30	0.4
3	5	10	0.3
9	1	21	0.428571
0	5	3	0
4	5	10	0.4
3	5	8	0.375
5	5	13	0.384615
2	5	7	0.285714
1	5	6	0.166667
4	5	8	0.5
2	5	7	0.285714
3	5	8	0.375
5	5	11	0.454545
3	5	7	0.428571
2	5	6	0.333333
5	1	25	0.2
2	3	5	0.4
7	1	22	0.318182
8	1	27	0.296296
5	5	11	0.454545
11	5	15	0.733333
9	5	15	0.6
9	2	16	0.5625
6	5	12	0.5
10	1	34	0.294118
8	1	25	0.32
10	1	30	0.333333
14	5	19	0.736842
11	5	18	0.611111
8	2	21	0.380952
14	5	19	0.736842
8	5	12	0.666667
5	1	22	0.227273
10	1	26	0.384615
8	5	13	0.615385
8	1	27	0.296296
5	1	14	0.357143
2	5	8	0.25
2	3	8	0.25
12	5	17	0.705882
6	5	10	0.6
15	5	24	0.625
1	5	3	0.333333
14	1	39	0.358974
11	5	17	0.647059
13	5	20	0.65
13	5	17	0.764706
11	5	16	0.6875
9	1	29	0.310345
5	5	19	0.263158
9	5	15	0.6
8	1	26	0.307692
7	1	24	0.291667
7	1	21	0.333333
8	1	23	0.347826
14	1	36	0.388889
7	2	27	0.259259
5	1	17	0.294118
10	1	27	0.37037
6	5	11	0.545455
11	1	33	0.333333
8	1	23	0.347826
7	1	29	0.241379
9	1	24	0.375
11	1	27	0.407407
6	1	23	0.26087
7	3	16	0.4375
8	5	22	0.363636
9	1	22	0.409091
13	1	22	0.590909
9	5	21	0.428571
15	5	27	0.555556
11	1	23	0.478261
14	1	24	0.583333
10	1	25	0.4
12	1	26	0.461538
7	4	19	0.368421
10	1	22	0.454545
59	1	153	0.385621
22	1	33	0.666667
13	1	33	0.393939
7	1	20	0.35
9	5	22	0.409091
3	3	12	0.25
10	2	24	0.416667
5	1	18	0.277778
5	1	20	0.25
6	1	17	0.352941
10	1	25	0.4
7	1	16	0.4375
9	5	17	0.529412
14	1	29	0.482759
12	5	16	0.75
6	4	10	0.6
7	1	22	0.318182
17	5	23	0.73913
4	1	19	0.210526
6	1	19	0.315789
11	5	17	0.647059
5	2	23	0.217391
5	1	16	0.3125
6	5	10	0.6
9	4	12	0.75
7	1	26	0.269231
3	1	14	0.214286
10	1	27	0.37037
6	4	17	0.352941
11	1	37	0.297297
10	1	29	0.344828
10	1	17	0.588235
10	5	16	0.625
6	5	15	0.4
4	4	7	0.571429
6	1	11	0.545455
108	1	386	0.279793
11	1	24	0.458333
8	1	23	0.347826
9	5	38	0.236842
11	1	24	0.458333
16	1	27	0.592593
9	1	16	0.5625
12	5	19	0.631579
5	4	11	0.454545
6	1	16	0.375
7	1	20	0.35
10	5	22	0.454545
3	3	8	0.375
8	1	21	0.380952
1	5	4	0.25
5	1	13	0.384615
6	1	22	0.272727
1	1	12	0.0833333
5	1	15	0.333333
8	1	23	0.347826
32	5	44	0.727273
10	1	29	0.344828
21	1	48	0.4375
13	5	23	0.565217
5	1	15	0.333333
12	1	24	0.5
30	1	56	0.535714
13	1	24	0.541667
17	1	30	0.566667
16	1	34	0.470588
12	2	20	0.6
11	5	27	0.407407
7	1	22	0.318182
9	1	16	0.5625
11	5	22	0.5
10	5	18	0.555556
3	1	14	0.214286
7	5	15	0.466667
11	5	15	0.733333
7	5	10	0.7
2	1	9	0.222222
10	5	14	0.714286
6	1	18	0.333333
4	1	15	0.266667
11	1	18	0.611111
9	5	21	0.428571
21	1	30	0.7
10	1	18	0.555556
38	1	86	0.44186
1	2	2	0.5
2	5	12	0.166667
16	1	32	0.5
8	1	13	0.615385
11	1	18	0.611111
40	1	56	0.714286
5	4	10	0.5
24	1	36	0.666667
22	1	33	0.666667
17	1	27	0.62963
7	5	16	0.4375
10	1	17	0.588235
4	5	11	0.363636
11	1	16	0.6875
8	4	21	0.380952
7	5	21	0.333333
3	4	6	0.5
151	2	277	0.545126
13	1	30	0.433333
8	5	20	0.4
5	5	11	0.454545
6	5	11	0.545455
8	1	13	0.615385
8	1	26	0.307692
14	5	21	0.666667
3	3	7	0.428571
15	1	26	0.576923
7	5	10	0.7
10	1	14	0.714286
21	1	40	0.525
16	1	24	0.666667
20	1	35	0.571429
25	1	36	0.694444
22	1	30	0.733333
167	1	378	0.441799
28	5	55	0.509091
24	4	37	0.648649
12	4	21	0.571429
23	1	59	0.389831
40	1	84	0.47619
7	5	13	0.538462
0	3	4	0
3	5	8	0.375
2	4	4	0.5
0	4	5	0
2	4	2	1
14	5	19	0.736842
5	5	18	0.277778
62	1	114	0.54386
18	1	36	0.5
4	5	8	0.5
10	1	17	0.588235
14	2	29	0.482759
15	5	31	0.483871
8	5	14	0.571429
10	5	16	0.625
7	1	22	0.318182
8	3	10	0.8
10	4	16	0.625
5	5	13	0.384615
2	5	7	0.285714
4	5	13	0.307692
30	1	58	0.517241
3	3	7	0.428571
26	1	64	0.40625
45	1	119	0.378151
10	5	23	0.434783
13	5	23	0.565217
14	1	26	0.538462
9	1	30	0.3
9	5	21	0.428571
6	1	27	0.222222
11	2	41	0.268293
8	1	28	0.285714
20	5	46	0.434783
0	1	1	0
15	2	30	0.5
9	1	28	0.321429
3	1	12	0.25
12	1	46	0.26087
13	1	47	0.276596
4	1	14	0.285714
9	5	16	0.5625
10	5	21	0.47619
2	5	10	0.2
9	5	19	0.473684
6	5	14	0.428571
12	4	17	0.705882
3	5	9	0.333333
13	2	22	0.590909
1	5	5	0.2
21	1	51	0.411765
26	1	59	0.440678
149	1	251	0.593625
2	5	6	0.333333
0	4	3	0
1	5	7	0.142857
11	1	45	0.244444
18	5	33	0.545455
18	1	50	0.36
14	4	22	0.636364
12	5	28	0.428571
14	3	21	0.666667
10	5	26	0.384615
8	5	21	0.380952
19	1	42	0.452381
18	1	45	0.4
18	1	47	0.382979
23	5	41	0.560976
53	2	78	0.679487
16	5	23	0.695652
13	1	24	0.541667
4	2	15	0.266667
12	5	29	0.413793
2	5	6	0.333333
26	1	61	0.42623
2	5	11	0.181818
20	5	42	0.47619
21	1	41	0.512195
18	1	36	0.5
16	1	36	0.444444
6	5	19	0.315789
12	5	19	0.631579
35	5	56	0.625
11	1	42	0.261905
9	4	14	0.642857
9	5	16	0.5625
4	5	13	0.307692
12	5	20	0.6
13	1	36	0.361111
14	1	36	0.388889
2	1	4	0.5
11	1	36	0.305556
28	5	51	0.54902
8	4	24	0.333333
7	5	15	0.466667
2	4	8	0.25
6	5	14	0.428571
5	5	10	0.5
12	3	31	0.387097
27	2	63	0.428571
2	5	6	0.333333
13	1	38	0.342105
0	4	4	0
8	5	12	0.666667
4	1	23	0.173913
7	4	12	0.583333
10	4	13	0.769231
17	5	27	0.62963
3	5	5	0.6
9	1	43	0.209302
10	5	15	0.666667
11	1	32	0.34375
19	1	57	0.333333
17	1	43	0.395349
8	5	12	0.666667
23	1	74	0.310811
26	2	49	0.530612
6	2	14	0.428571
7	1	24	0.291667
12	1	31	0.387097
3	1	18	0.166667
11	5	15	0.733333
9	1	31	0.290323
7	5	12	0.583333
6	1	18	0.333333
8	5	10	0.8
10	5	19	0.526316
5	5	9	0.555556
3	5	7	0.428571
9	1	31	0.290323
9	1	25	0.36
32	5	43	0.744186
13	1	32	0.40625
84	5	147	0.571429
8	5	10	0.8
11	1	29	0.37931
16	5	22	0.727273
8	4	11	0.727273
9	5	12	0.75
8	5	11	0.727273
0	5	0	0
6	2	15	0.4
0	5	0	0
12	5	20	0.6
4	5	5	0.8
6	5	8	0.75
7	1	21	0.333333
3	5	3	1
3	5	4	0.75
7	5	9	0.777778
8	1	21	0.380952
11	4	21	0.52381
12	5	22	0.545455
11	5	15	0.733333
44	1	132	0.333333
49	1	144	0.340278
28	1	92	0.304348
15	3	28	0.535714
10	4	13	0.769231
7	4	13	0.538462
9	1	37	0.243243
17	5	23	0.73913
19	5	26	0.730769
15	1	40	0.375
2	2	15	0.133333
16	5	20	0.8
12	5	16	0.75
9	1	22	0.409091
6	5	8	0.75
6	5	9	0.666667
22	1	47	0.468085
20	1	50	0.4
7	5	11	0.636364
17	1	34	0.5
9	5	12	0.75
9	4	12	0.75
6	5	8	0.75
11	5	23	0.478261
7	2	24	0.291667
52	1	137	0.379562
15	5	28	0.535714
9	5	20	0.45
18	5	33	0.545455
11	3	23	0.478261
36	2	61	0.590164
11	5	18	0.611111
11	3	24	0.458333
16	5	31	0.516129
19	1	38	0.5
10	2	21	0.47619
9	5	12	0.75
59	5	90	0.655556
1	5	2	0.5
14	1	27	0.518519
4	5	20	0.2
22	5	38	0.578947
11	5	15	0.733333
111	4	181	0.61326
12	5	18	0.666667
34	2	102	0.333333
7	5	17	0.411765
13	5	19	0.684211
19	5	33	0.575758
15	5	20	0.75
10	5	14	0.714286
14	1	33	0.424242
13	4	17	0.764706
13	5	18	0.722222
8	5	10	0.8
6	5	10	0.6
14	1	30	0.466667
16	1	36	0.444444
9	4	11	0.818182
5	1	18	0.277778
8	5	10	0.8
8	2	16	0.5
8	5	12	0.666667
47	5	77	0.61039
36	3	74	0.486486
10	5	18	0.555556
16	5	30	0.533333
28	5	39	0.717949
25	5	34	0.735294
15	5	23	0.652174
21	5	45	0.466667
6	5	10	0.6
5	5	12	0.416667
19	2	41	0.463415
25	5	40	0.625
15	2	38	0.394737
56	1	128	0.4375
55	5	80	0.6875
6	1	11	0.545455
7	3	25	0.28
15	5	29	0.517241
12	5	25	0.48
8	5	11	0.727273
13	5	18	0.722222
16	5	33	0.484848
13	1	27	0.481481
25	1	69	0.362319
30	5	51	0.588235
11	5	23	0.478261
106	5	156	0.679487
1	2	2	0.5
12	5	25	0.48
25	4	38	0.657895
32	1	66	0.484848
9	5	19	0.473684
59	1	153	0.385621
30	1	135	0.222222
14	5	25	0.56
