0 5
1 4
1 5
3 5
1 5
4 5
9 1
4 5
2 4
7 5
4 1
2 4
1 5
1 4
1 2
1 4
2 4
0 5
0 4
0 4
1 2
0 5
4 2
0 5
1 4
1 5
3 3
2 1
1 4
0 5
1 4
8 4
6 3
0 5
0 4
0 4
2 4
0 5
6 2
0 4
0 5
1 5
1 5
0 5
1 5
7 1
1 4
2 5
6 2
0 3
0 4
1 1
0 5
0 5
2 5
0 5
3 1
0 5
0 5
0 5
0 4
2 5
6 3
0 4
0 4
1 5
4 2
2 5
1 5
0 4
0 4
0 5
0 4
0 4
6 2
4 2
0 5
0 5
0 4
0 5
1 4
4 1
0 5
0 3
2 3
0 5
0 4
0 5
2 2
1 5
0 4
1 4
1 5
1 4
0 4
0 4
0 4
0 5
5 1
3 5
0 5
0 5
0 4
0 3
0 4
0 4
0 5
3 3
1 4
0 5
0 5
2 1
1 5
0 3
0 3
0 2
0 5
1 4
1 5
3 2
0 4
1 4
1 3
0 4
13 1
1 4
3 5
1 4
3 3
2 4
1 3
0 3
2 3
18 1
4 5
2 4
6 2
2 4
5 5
0 4
17 1
0 5
0 4
0 4
1 4
9 2
0 5
14 5
11 1
0 4
0 5
0 4
0 5
0 5
0 5
0 4
0 5
0 4
33 5
0 5
10 1
14 4
0 5
1 5
0 5
0 4
2 4
9 5
0 4
0 5
2 3
0 5
0 5
1 5
5 5
0 5
0 5
23 2
2 5
2 5
0 5
0 5
2 5
3 4
0 5
1 5
0 3
0 5
0 4
1 4
4 4
1 5
1 5
0 3
2 5
4 5
0 4
0 5
12 2
3 2
0 4
0 4
3 5
2 4
0 5
0 4
15 2
4 2
0 4
1 4
1 4
0 3
0 4
4 4
1 4
4 5
1 3
2 5
1 2
2 5
1 4
1 5
3 5
1 5
2 5
4 1
0 4
0 5
0 5
2 5
4 2
0 5
1 5
2 5
2 4
2 4
0 5
1 5
2 5
0 4
0 5
2 5
1 5
1 4
1 5
4 5
2 5
1 5
5 1
6 4
7 4
4 2
0 5
2 5
2 5
3 5
3 2
7 4
6 4
0 4
1 5
0 5
1 5
1 1
4 5
3 5
1 4
3 5
4 5
0 5
2 1
2 5
1 5
0 4
4 5
4 1
1 5
1 3
2 5
2 5
6 3
4 4
2 4
1 4
3 3
2 3
1 3
4 2
0 5
0 5
5 1
1 4
2 4
1 5
0 5
1 4
2 5
18 5
2 4
6 5
2 5
1 5
0 5
7 2
25 5
5 5
1 5
3 2
0 5
0 3
1 4
2 2
1 5
2 5
3 5
68 4
1 5
1 5
9 5
5 1
4 1
4 4
2 5
7 5
4 5
17 2
2 3
7 5
1 4
0 4
1 1
0 4
4 4
10 1
3 5
2 1
0 5
2 5
3 1
29 5
2 5
2 5
1 5
2 5
2 5
8 1
4 1
0 4
9 2
5 3
1 5
0 5
0 5
1 5
0 3
6 1
0 5
0 5
0 4
0 5
3 4
4 3
0 5
6 3
2 4
1 4
0 4
5 3
4 2
3 4
7 5
2 5
1 5
2 5
2 5
0 3
0 3
3 5
2 3
4 1
5 4
3 5
0 3
1 5
0 4
3 1
0 1
1 5
0 4
0 4
0 5
0 5
2 1
0 5
0 5
0 2
0 5
0 5
0 2
0 5
0 4
0 5
0 5
0 5
3 1
1 3
2 2
0 5
0 5
0 4
0 1
0 2
0 5
0 4
0 4
0 4
12 5
0 5
3 1
0 5
0 3
0 4
0 4
5 3
0 5
0 5
0 3
0 5
0 3
0 4
0 5
0 2
2 1
0 5
0 5
0 5
0 5
0 5
4 1
0 5
0 1
0 4
0 5
0 5
0 4
0 3
0 3
0 5
0 5
0 4
0 4
0 5
0 5
0 5
0 4
0 3
0 5
0 5
0 5
2 5
0 5
0 5
0 5
0 5
0 5
1 1
0 5
0 4
0 5
0 1
0 5
0 4
0 4
0 3
0 5
0 1
0 5
0 4
0 3
0 4
0 1
0 5
0 5
0 5
0 5
0 5
0 5
0 3
0 5
0 4
0 5
0 5
0 4
0 1
0 5
0 1
0 5
0 5
0 3
0 4
0 5
0 5
1 2
0 5
0 5
0 1
0 5
0 1
0 2
0 5
0 5
0 1
0 5
0 5
0 1
0 4
0 5
0 1
0 5
0 5
0 5
0 5
0 1
0 5
0 2
0 5
0 5
0 4
0 5
0 5
0 2
0 2
0 1
0 4
0 5
0 3
0 5
0 5
0 5
0 5
1 1
0 1
0 3
0 5
0 2
0 1
0 5
0 5
4 1
0 5
3 1
0 3
0 5
0 4
0 1
0 5
0 5
0 4
0 3
0 5
0 4
1 1
0 4
0 5
0 5
0 5
0 3
0 5
2 1
0 4
1 3
0 4
1 5
0 2
0 5
0 4
1 1
0 4
0 5
0 5
0 2
0 5
0 4
0 5
0 5
0 5
0 5
0 5
0 1
0 5
0 4
0 5
0 5
0 5
0 5
0 5
0 2
0 1
0 5
0 5
0 4
0 4
0 1
0 3
0 5
0 5
0 5
0 5
0 5
0 5
0 5
0 5
0 5
0 5
0 5
0 5
0 5
0 4
0 5
0 4
0 5
0 4
0 5
0 5
4 1
1 1
0 5
0 4
0 5
0 5
0 5
0 5
1 1
0 4
0 5
0 4
0 5
0 5
0 5
0 4
0 5
0 4
0 3
0 5
0 4
0 5
0 5
0 5
0 5
0 4
0 3
0 5
0 2
0 4
0 4
0 4
0 5
0 3
0 5
0 5
0 5
0 2
1 1
0 5
0 5
0 2
0 5
0 5
0 5
0 5
