16 5
13 4
14 1
17 1
19 5
6 3
9 5
15 5
17 1
15 1
9 5
11 5
10 5
9 5
12 5
5 2
16 1
23 1
39 4
20 1
11 1
22 4
10 1
41 5
20 1
12 3
15 2
34 5
19 2
14 1
20 5
15 2
13 1
23 1
16 1
24 5
27 5
25 5
14 1
36 4
21 2
42 5
50 5
35 4
25 5
26 4
16 1
30 5
29 5
23 5
24 5
29 4
17 4
24 5
18 4
18 5
20 5
21 5
35 5
29 5
27 1
25 5
28 1
33 5
21 5
16 1
15 1
25 1
18 3
31 5
26 5
25 5
28 4
15 5
11 3
20 5
11 4
14 5
13 4
11 3
38 1
31 3
24 5
25 1
23 5
27 5
72 5
34 1
13 4
24 5
23 5
69 3
17 4
19 5
24 5
10 5
12 1
35 5
44 2
35 1
35 1
28 4
42 5
18 1
29 5
19 5
25 1
42 1
22 5
44 5
21 1
26 5
22 5
23 1
27 5
36 1
24 1
23 4
23 3
29 1
49 1
21 1
31 1
24 5
13 1
26 2
45 1
25 5
12 4
13 2
41 5
37 2
13 5
59 4
32 5
25 1
18 3
20 1
19 5
18 1
39 1
32 4
35 1
60 5
32 1
43 5
27 3
69 4
33 1
67 2
41 3
49 1
30 5
65 1
36 3
44 1
35 1
39 5
40 5
41 1
42 1
66 1
43 4
29 1
30 1
33 1
26 4
41 5
42 5
34 4
30 4
27 5
38 5
14 1
4 2
30 1
16 5
68 5
27 1
38 1
29 4
45 1
41 5
71 5
24 1
55 5
4 1
24 5
39 5
10 3
36 1
39 1
43 5
16 1
31 5
39 5
36 5
28 5
29 1
23 1
40 5
42 5
14 1
19 4
32 5
18 2
14 1
42 4
38 5
42 5
125 5
38 4
17 1
39 5
2 5
33 5
36 5
30 5
13 1
43 5
20 1
13 1
32 5
18 5
35 5
6 3
51 5
11 4
27 1
67 5
36 1
50 1
38 2
35 1
34 5
84 5
25 1
13 1
17 5
31 5
23 4
30 5
67 5
33 5
155 3
38 5
41 4
43 4
22 1
25 2
20 4
24 5
34 5
22 1
24 5
25 1
14 1
29 4
15 5
27 1
21 1
33 5
37 1
9 2
28 4
31 5
26 1
20 1
24 1
35 5
7 5
21 5
19 5
21 3
34 5
17 1
17 5
18 1
16 2
24 1
25 1
13 4
14 5
24 1
17 5
4 3
28 5
21 5
11 5
33 5
31 4
23 1
28 1
23 5
10 3
33 1
44 5
9 1
14 1
16 5
10 5
9 5
16 5
16 5
16 5
13 4
31 1
16 4
18 5
13 2
20 1
22 4
10 4
13 1
43 5
28 1
27 1
2 5
43 5
16 1
35 4
19 4
28 5
14 1
25 5
19 1
22 5
45 5
7 5
28 5
27 5
9 1
12 4
14 5
35 5
9 2
15 5
20 5
6 4
22 3
14 5
456 5
34 4
30 5
29 1
26 5
9 1
9 3
38 5
50 1
25 1
47 5
22 1
23 5
22 1
5 4
11 4
28 5
50 5
30 5
17 1
12 1
11 1
18 1
20 1
9 5
39 5
33 5
26 5
15 1
16 3
16 5
21 1
16 4
32 5
28 4
15 1
30 5
36 5
8 1
35 5
5 5
17 5
17 1
9 1
9 4
12 1
11 3
10 3
28 4
38 5
5 5
18 4
7 1
8 1
29 5
18 5
42 5
21 1
15 5
20 1
42 2
25 1
8 1
28 5
30 5
176 5
14 5
20 1
7 3
22 5
45 1
9 1
25 5
29 2
29 5
16 1
462 5
43 1
42 4
33 4
24 5
17 1
19 5
46 5
5 3
31 1
4 3
51 5
20 5
32 5
16 5
10 1
22 5
18 1
22 5
12 1
17 1
27 4
39 5
22 5
20 1
29 5
42 5
30 5
2 2
46 4
21 1
9 2
13 1
11 1
30 5
29 4
48 5
19 4
39 1
21 1
44 5
21 1
33 5
17 1
15 5
40 5
38 5
12 4
38 5
24 1
13 5
14 1
11 1
7 1
34 5
22 5
34 5
33 4
21 1
31 5
15 5
10 5
12 1
26 1
12 1
32 5
387 5
5 5
25 5
25 5
36 4
7 5
20 3
52 2
25 5
12 1
32 5
21 5
26 5
10 3
27 1
24 1
81 5
23 1
74 5
11 1
1076 5
43 1
25 4
46 5
9 3
36 5
25 2
10 5
47 5
28 1
35 5
18 5
32 5
32 5
35 5
6 3
107 4
28 1
27 1
54 5
346 5
28 1
32 1
52 5
29 5
39 5
24 5
61 5
17 1
20 1
34 5
26 1
94 5
8 1
31 1
20 1
17 1
36 5
22 1
80 5
54 5
61 5
23 5
25 5
18 1
9 5
19 1
36 3
49 5
27 5
36 5
103 5
43 5
17 1
23 4
30 5
0 1
29 3
48 5
26 1
47 5
6 3
21 1
23 5
37 5
26 1
41 5
39 5
70 5
54 4
53 5
25 1
31 5
28 1
53 5
10 3
43 5
27 1
21 1
46 5
25 1
40 5
45 3
45 5
32 5
9 5
43 5
26 4
26 1
26 5
29 5
26 5
61 5
23 1
25 1
16 1
26 1
26 1
66 5
59 4
76 4
111 5
74 5
62 5
59 5
63 5
73 5
12 1
5 1
61 5
