11 5
11 5
8 5
9 5
10 5
5 5
13 5
12 5
3 1
4 1
19 4
3 1
3 1
3 1
2 1
3 1
4 2
2 1
2 1
5 1
36 3
5 1
3 1
6 1
8 5
2 1
13 4
12 5
2 1
1 1
2 1
8 5
1 1
1 1
1 1
1 1
1 1
1 1
2 1
3 1
11 5
1 1
2 1
1 1
3 1
2 1
2 1
1 1
3 1
4 1
2 1
3 1
3 1
4 1
12 5
9 5
3 1
8 5
2 1
3 1
4 1
7 1
1 1
2 1
2 1
2 1
1 1
2 1
11 5
2 1
4 1
12 5
3 1
9 4
11 5
1 1
11 5
5 1
9 4
1 1
4 1
3 1
1 1
3 1
1 1
3 1
5 1
1 1
1 1
5 1
3 1
1 1
1 1
2 1
1 1
2 1
1 1
4 1
9 5
1 1
1 1
1 1
1 1
1 1
7 4
10 5
1 1
1 1
1 1
1 1
1 1
1 1
2 1
1 1
1 1
1 1
1 1
1 1
2 1
2 1
1 1
1 1
1 1
8 5
2 1
7 5
1 1
7 5
1 1
1 1
9 5
2 1
4 2
1 1
3 1
2 1
2 1
2 1
1 1
1 1
9 5
1 1
1 1
5 5
1 1
1 1
2 1
1 1
2 1
1 1
0 1
2 1
8 5
6 5
10 5
1 1
2 1
2 1
2 1
8 5
2 1
8 5
3 1
0 1
1 1
7 5
1 1
2 1
1 1
3 1
6 5
1 1
5 5
7 5
10 5
2 1
3 1
0 1
1 1
5 1
2 4
1 1
1 1
2 1
2 1
8 5
2 1
1 1
4 1
3 1
3 1
2 1
3 1
7 5
1 1
3 1
1 1
1 1
3 1
1 1
3 1
1 1
3 1
13 5
1 1
1 1
5 5
2 1
2 1
2 1
2 1
4 1
2 1
1 1
0 1
0 1
7 5
2 1
2 1
1 1
2 1
6 5
1 1
1 1
1 1
2 1
1 1
1 1
2 1
6 5
1 1
2 1
3 1
3 1
5 5
3 1
3 1
2 1
0 1
2 1
9 5
3 1
1 1
2 1
7 5
2 1
1 1
1 1
2 1
2 1
2 1
6 4
2 1
2 1
1 1
8 5
2 1
2 1
3 1
2 1
0 1
2 1
0 1
0 1
3 1
1 1
0 1
1 1
2 1
6 5
1 1
1 1
1 1
3 1
3 1
0 1
1 1
1 1
1 1
2 5
4 5
5 5
1 5
3 5
1 5
4 1
4 5
4 1
7 1
3 5
5 1
3 1
4 1
1 1
2 1
3 5
3 1
4 1
0 1
3 5
5 1
1 5
2 1
2 5
4 1
3 1
1 5
3 1
5 1
2 5
3 1
3 1
3 1
3 1
2 5
5 1
7 1
7 1
1 5
4 1
2 5
1 5
2 5
2 5
3 1
2 5
3 5
2 3
3 1
6 1
14 1
2 5
2 1
9 2
5 1
8 1
2 5
3 5
6 1
4 1
3 5
9 1
2 5
5 5
6 1
11 1
4 5
1 5
1 5
1 5
2 5
1 5
1 5
3 1
3 5
1 5
3 4
4 5
11 3
5 5
3 5
5 1
3 5
1 5
2 5
11 1
5 1
6 5
2 5
5 5
3 5
4 5
4 1
1 5
2 5
1 5
4 1
3 1
5 5
5 1
3 5
7 1
6 1
1 5
13 1
1 5
1 5
2 5
8 5
8 5
4 5
8 1
6 5
5 5
26 1
6 5
3 5
5 5
4 5
6 5
2 4
5 5
7 1
4 5
3 5
4 3
4 5
3 5
4 5
3 5
5 3
3 5
4 5
8 5
8 1
5 5
4 5
8 5
4 5
5 5
5 5
3 5
5 5
1 4
5 5
2 4
4 5
4 5
2 5
3 5
2 5
2 5
3 5
2 5
4 5
3 5
3 5
3 5
3 5
7 1
14 1
5 5
2 5
4 5
5 5
13 1
2 2
3 5
4 5
3 5
3 5
4 5
3 5
3 1
1 5
13 1
3 5
3 5
2 5
3 5
2 5
6 1
1 5
2 5
3 4
2 5
4 1
2 4
6 1
5 1
1 2
6 1
2 5
3 1
3 1
7 1
5 1
7 5
5 1
5 5
6 1
4 1
10 5
9 5
7 1
8 5
6 1
7 1
6 5
4 1
13 4
21 5
17 5
15 5
8 1
7 1
13 5
9 1
6 1
21 5
7 1
10 3
6 1
7 5
7 1
9 1
14 5
10 5
6 3
15 5
15 5
11 2
18 5
20 5
5 5
15 5
7 2
15 5
16 5
15 5
7 1
14 5
17 5
12 1
8 3
15 5
6 1
13 5
9 3
26 5
11 1
8 2
9 1
40 5
25 5
11 5
11 1
33 5
26 5
16 1
3 3
1 1
15 1
5 3
9 4
45 5
35 5
17 1
11 3
38 4
29 5
9 1
26 4
17 4
11 1
23 4
22 5
11 1
24 5
26 5
9 1
15 5
18 5
10 2
24 5
19 1
35 5
24 5
16 1
25 5
23 4
9 5
17 5
11 5
13 5
17 5
8 5
16 5
11 5
7 1
12 2
8 4
24 5
12 5
15 4
7 5
9 2
14 1
13 5
9 4
12 5
15 5
16 5
11 3
14 5
8 1
14 5
11 5
16 5
11 5
11 5
14 5
11 5
13 5
12 5
7 5
12 5
8 5
8 5
10 5
10 5
6 5
11 5
11 4
23 4
6 5
7 5
14 5
10 5
8 5
10 5
21 5
16 5
11 5
28 5
13 5
28 1
14 5
35 5
15 5
16 1
9 5
19 5
17 5
14 5
21 5
21 5
13 5
15 5
23 5
19 5
7 5
19 5
21 5
15 5
18 5
10 5
19 5
7 5
17 5
14 5
27 1
16 5
22 5
21 5
18 5
9 5
8 5
11 5
10 5
18 5
16 5
12 5
37 5
6 3
69 5
2 5
20 5
142 5
13 5
16 5
31 5
35 4
17 5
27 5
7 5
20 5
18 5
9 2
13 1
31 5
16 5
56 1
7 5
32 5
20 5
7 5
31 5
23 5
26 5
34 5
5 5
19 5
36 5
11 1
35 5
7 5
16 1
6 5
26 5
29 5
30 4
30 5
11 5
102 5
22 5
24 5
9 5
30 5
27 5
44 5
11 5
24 5
37 5
41 5
36 5
29 5
17 4
71 5
18 5
32 5
14 5
27 5
28 5
14 5
40 4
34 5
29 5
40 5
35 5
47 5
24 5
54 5
75 5
156 5
49 5
37 5
29 5
34 5
32 5
40 5
44 5
14 5
26 5
39 5
15 5
17 5
30 5
57 5
32 5
36 5
25 5
90 5
46 5
38 5
34 5
34 5
42 5
826 5
47 5
49 5
62 5
52 5
21 5
33 1
