0	4	1	0
1	5	1	1
7	3	9	0.777778
3	3	5	0.6
0	5	0	0
8	2	19	0.421053
4	5	4	1
2	4	2	1
4	4	4	1
2	5	2	1
2	3	3	0.666667
2	5	2	1
3	2	16	0.1875
5	5	5	1
3	5	3	1
12	1	36	0.333333
8	5	8	1
7	5	8	0.875
1	5	3	0.333333
2	5	4	0.5
3	3	4	0.75
5	5	6	0.833333
2	5	2	1
5	5	6	0.833333
2	5	2	1
1	5	3	0.333333
1	5	1	1
1	5	1	1
1	5	1	1
0	5	11	0
1	5	2	0.5
1	5	2	0.5
4	5	4	1
1	5	1	1
2	4	2	1
1	5	1	1
1	3	5	0.2
10	3	12	0.833333
1	5	1	1
5	5	5	1
6	1	40	0.15
1	2	8	0.125
1	5	2	0.5
1	5	2	0.5
2	2	6	0.333333
2	4	2	1
1	5	5	0.2
1	5	1	1
2	5	2	1
2	5	2	1
2	4	2	1
3	2	10	0.3
0	5	1	0
1	4	1	1
1	4	1	1
15	1	29	0.517241
1	2	6	0.166667
2	3	5	0.4
4	4	5	0.8
0	5	1	0
7	2	13	0.538462
5	3	7	0.714286
14	1	45	0.311111
0	2	10	0
1	5	2	0.5
1	5	2	0.5
2	5	4	0.5
8	5	11	0.727273
1	5	3	0.333333
1	4	2	0.5
2	5	4	0.5
0	5	4	0
4	5	6	0.666667
0	5	4	0
3	5	5	0.6
2	5	4	0.5
2	5	2	1
1	3	4	0.25
4	5	9	0.444444
3	2	7	0.428571
0	4	0	0
0	4	1	0
5	4	5	1
0	4	0	0
0	4	0	0
0	4	0	0
0	3	1	0
0	4	0	0
0	5	0	0
1	3	2	0.5
0	5	0	0
1	2	3	0.333333
2	2	7	0.285714
1	5	2	0.5
0	4	0	0
1	3	3	0.333333
0	3	1	0
0	3	2	0
0	4	0	0
0	4	0	0
0	4	0	0
0	4	1	0
0	4	0	0
1	3	2	0.5
0	4	0	0
1	3	2	0.5
0	3	1	0
3	2	7	0.428571
0	4	0	0
0	4	0	0
0	5	1	0
1	5	1	1
0	5	1	0
3	3	5	0.6
0	5	0	0
0	5	1	0
0	5	1	0
2	5	2	1
1	5	3	0.333333
1	3	3	0.333333
0	5	0	0
0	5	0	0
2	3	4	0.5
0	5	0	0
4	2	7	0.571429
0	3	2	0
0	5	0	0
1	5	1	1
0	5	0	0
2	4	3	0.666667
1	5	1	1
1	5	1	1
0	5	2	0
4	4	4	1
0	4	0	0
0	4	0	0
0	5	0	0
0	5	0	0
0	5	0	0
7	2	20	0.35
2	5	3	0.666667
3	5	3	1
0	4	1	0
20	3	26	0.769231
2	5	6	0.333333
1	5	3	0.333333
3	2	11	0.272727
1	5	3	0.333333
0	5	0	0
0	5	0	0
4	4	4	1
3	3	7	0.428571
0	5	0	0
1	5	2	0.5
11	1	34	0.323529
1	4	4	0.25
6	4	7	0.857143
1	4	1	1
1	5	2	0.5
17	2	20	0.85
3	5	5	0.6
4	5	7	0.571429
3	4	4	0.75
1	5	2	0.5
0	5	2	0
0	4	2	0
0	4	1	0
0	5	0	0
0	5	1	0
2	5	4	0.5
3	1	20	0.15
3	1	14	0.214286
2	1	23	0.0869565
3	1	22	0.136364
0	4	0	0
0	5	0	0
1	5	2	0.5
2	1	11	0.181818
2	3	6	0.333333
2	4	2	1
10	2	24	0.416667
15	1	25	0.6
2	5	3	0.666667
9	1	21	0.428571
4	5	7	0.571429
7	5	8	0.875
4	5	6	0.666667
6	4	8	0.75
3	5	3	1
0	5	0	0
2	5	4	0.5
0	4	0	0
19	5	22	0.863636
3	5	3	1
1	5	2	0.5
0	3	2	0
43	4	47	0.914894
2	5	2	1
4	5	6	0.666667
1	5	2	0.5
1	4	2	0.5
3	5	3	1
2	4	3	0.666667
1	4	1	1
0	5	0	0
1	5	1	1
0	5	0	0
0	5	0	0
0	4	0	0
1	4	3	0.333333
4	3	5	0.8
2	1	17	0.117647
32	1	51	0.627451
2	4	3	0.666667
1	3	6	0.166667
2	4	3	0.666667
3	4	3	1
1	4	2	0.5
3	5	3	1
2	5	2	1
1	5	1	1
1	5	2	0.5
1	3	3	0.333333
1	4	3	0.333333
2	5	3	0.666667
4	5	5	0.8
2	5	4	0.5
6	5	8	0.75
14	4	16	0.875
0	5	1	0
0	5	1	0
0	5	0	0
1	3	3	0.333333
3	3	5	0.6
7	1	20	0.35
0	5	1	0
1	5	1	1
0	4	1	0
6	5	7	0.857143
5	1	30	0.166667
0	5	1	0
2	5	4	0.5
0	4	0	0
6	1	18	0.333333
6	4	6	1
0	5	0	0
0	5	1	0
1	5	2	0.5
1	5	2	0.5
0	5	1	0
0	5	0	0
3	5	3	1
0	5	0	0
3	5	3	1
11	5	13	0.846154
4	3	16	0.25
6	5	7	0.857143
1	5	2	0.5
0	5	0	0
3	4	5	0.6
3	3	7	0.428571
3	5	3	1
11	5	14	0.785714
2	4	3	0.666667
1	4	2	0.5
7	1	29	0.241379
1	4	3	0.333333
0	5	0	0
1	5	1	1
5	3	7	0.714286
1	5	1	1
5	5	6	0.833333
1	4	1	1
104	1	141	0.737589
19	1	31	0.612903
1	4	3	0.333333
2	2	7	0.285714
0	2	2	0
1	4	1	1
2	5	2	1
4	2	9	0.444444
0	5	0	0
0	3	1	0
4	5	5	0.8
2	5	5	0.4
20	1	42	0.47619
3	5	4	0.75
96	1	139	0.690647
1	5	3	0.333333
1	5	2	0.5
1	5	1	1
4	1	22	0.181818
2	5	2	1
0	4	1	0
2	4	4	0.5
0	4	0	0
0	4	0	0
0	5	2	0
1	4	2	0.5
0	4	0	0
3	5	4	0.75
1	5	1	1
0	5	0	0
2	5	2	1
5	4	5	1
0	5	0	0
2	5	2	1
5	4	5	1
4	5	5	0.8
1	3	2	0.5
1	4	1	1
2	5	2	1
0	5	3	0
9	1	22	0.409091
0	5	0	0
1	5	1	1
0	5	0	0
1	2	6	0.166667
3	5	3	1
0	5	1	0
0	5	0	0
0	3	3	0
4	5	6	0.666667
1	4	1	1
3	5	3	1
1	4	1	1
0	4	0	0
1	4	1	1
0	4	0	0
1	2	6	0.166667
6	4	7	0.857143
0	5	2	0
2	5	2	1
1	2	7	0.142857
0	3	1	0
1	5	1	1
0	5	0	0
1	4	1	1
0	4	0	0
3	3	7	0.428571
1	4	2	0.5
1	5	1	1
0	5	4	0
5	5	7	0.714286
1	3	3	0.333333
13	1	35	0.371429
4	5	5	0.8
1	5	2	0.5
0	4	1	0
5	5	7	0.714286
8	4	8	1
1	5	3	0.333333
1	5	1	1
2	3	3	0.666667
0	5	0	0
2	5	2	1
3	5	4	0.75
1	5	4	0.25
1	4	2	0.5
4	5	4	1
0	4	0	0
44	4	47	0.93617
1	4	1	1
2	5	2	1
1	4	1	1
2	4	4	0.5
4	5	4	1
4	5	4	1
1	4	1	1
1	5	2	0.5
4	5	4	1
1	3	2	0.5
5	5	6	0.833333
24	2	53	0.45283
1	5	1	1
0	5	0	0
3	5	3	1
0	5	0	0
2	5	2	1
2	4	3	0.666667
2	2	6	0.333333
4	3	7	0.571429
1	3	3	0.333333
2	3	3	0.666667
0	5	2	0
6	2	11	0.545455
2	5	2	1
0	5	0	0
1	5	2	0.5
1	2	3	0.333333
0	4	0	0
0	4	0	0
1	4	1	1
1	4	1	1
5	3	8	0.625
2	5	2	1
2	2	7	0.285714
1	3	4	0.25
6	4	7	0.857143
3	4	5	0.6
3	2	10	0.3
1	5	1	1
0	5	0	0
0	5	2	0
8	1	17	0.470588
1	4	1	1
1	3	1	1
3	5	3	1
5	5	6	0.833333
9	1	20	0.45
5	5	5	1
0	3	2	0
3	5	4	0.75
0	5	0	0
1	5	1	1
3	4	3	1
0	5	0	0
3	3	5	0.6
0	5	0	0
4	5	4	1
0	4	0	0
14	3	17	0.823529
4	5	4	1
5	5	6	0.833333
1	5	1	1
33	4	44	0.75
29	5	31	0.935484
25	4	30	0.833333
29	1	43	0.674419
1	5	2	0.5
0	4	1	0
0	5	0	0
7	5	10	0.7
3	5	6	0.5
2	5	2	1
4	3	7	0.571429
1	4	2	0.5
0	5	1	0
2	5	2	1
3	4	6	0.5
4	5	6	0.666667
1	5	1	1
2	5	4	0.5
1	4	2	0.5
2	5	8	0.25
1	5	1	1
64	5	72	0.888889
3	5	3	1
4	4	4	1
2	5	3	0.666667
6	5	8	0.75
0	3	1	0
5	3	8	0.625
1	3	4	0.25
2	5	2	1
6	5	6	1
2	5	3	0.666667
3	5	3	1
15	5	19	0.789474
5	4	6	0.833333
1	5	1	1
8	1	16	0.5
1	5	1	1
5	1	15	0.333333
2	1	9	0.222222
2	4	2	1
2	5	2	1
5	4	7	0.714286
0	5	0	0
8	1	20	0.4
2	2	5	0.4
24	1	56	0.428571
1	4	8	0.125
7	2	13	0.538462
11	2	21	0.52381
21	5	25	0.84
17	5	21	0.809524
1	4	2	0.5
5	5	6	0.833333
4	5	4	1
1	5	1	1
4	4	5	0.8
0	5	1	0
10	3	15	0.666667
4	5	7	0.571429
2	4	3	0.666667
2	4	4	0.5
9	2	16	0.5625
3	5	4	0.75
3	5	4	0.75
3	5	5	0.6
2	5	3	0.666667
9	5	9	1
7	5	8	0.875
3	5	3	1
4	5	5	0.8
6	4	7	0.857143
0	5	0	0
2	4	2	1
8	3	11	0.727273
0	5	0	0
2	5	5	0.4
4	3	6	0.666667
0	5	1	0
1	5	3	0.333333
5	5	5	1
4	4	4	1
3	5	6	0.5
8	4	9	0.888889
3	5	5	0.6
10	5	12	0.833333
4	5	5	0.8
4	3	13	0.307692
5	5	5	1
5	3	12	0.416667
11	5	13	0.846154
2	3	4	0.5
2	5	2	1
2	5	3	0.666667
12	2	67	0.179104
8	1	15	0.533333
2	5	3	0.666667
2	5	2	1
3	3	9	0.333333
18	3	23	0.782609
6	4	12	0.5
8	5	8	1
2	5	2	1
4	5	4	1
4	5	5	0.8
2	5	6	0.333333
0	5	1	0
1	4	1	1
14	5	17	0.823529
0	5	1	0
4	5	5	0.8
1	5	2	0.5
1	5	2	0.5
12	5	13	0.923077
4	2	7	0.571429
0	5	0	0
0	5	0	0
0	5	0	0
16	4	19	0.842105
4	5	10	0.4
10	5	13	0.769231
31	4	33	0.939394
7	5	14	0.5
5	5	6	0.833333
1	5	1	1
0	5	0	0
2	3	5	0.4
4	5	4	1
23	4	25	0.92
8	5	9	0.888889
1	5	3	0.333333
6	4	11	0.545455
3	5	4	0.75
3	5	4	0.75
3	3	6	0.5
3	4	5	0.6
2	5	2	1
1	5	2	0.5
0	4	0	0
2	2	12	0.166667
0	5	1	0
0	5	1	0
0	5	2	0
1	5	2	0.5
2	4	4	0.5
14	4	21	0.666667
48	5	53	0.90566
2	4	5	0.4
3	5	4	0.75
0	5	1	0
4	5	5	0.8
2	5	4	0.5
9	2	15	0.6
1	5	1	1
4	5	5	0.8
1	4	1	1
0	5	1	0
2	4	4	0.5
1	4	1	1
404	5	422	0.957346
2	3	3	0.666667
9	4	11	0.818182
10	3	15	0.666667
2	2	6	0.333333
0	5	0	0
1	4	3	0.333333
6	1	26	0.230769
7	2	28	0.25
9	5	13	0.692308
8	1	52	0.153846
0	5	3	0
1	5	3	0.333333
12	4	16	0.75
30	5	37	0.810811
3	4	5	0.6
4	3	6	0.666667
5	5	6	0.833333
1	5	1	1
1	5	2	0.5
9	5	11	0.818182
16	5	17	0.941176
4	5	4	1
1	4	1	1
11	1	24	0.458333
10	5	14	0.714286
7	3	10	0.7
20	4	24	0.833333
0	5	1	0
1	4	1	1
5	3	9	0.555556
0	4	2	0
3	2	12	0.25
9	3	17	0.529412
4	5	6	0.666667
27	1	52	0.519231
23	3	25	0.92
5	1	20	0.25
1	5	4	0.25
4	5	7	0.571429
0	4	1	0
15	3	23	0.652174
303	4	335	0.904478
3	4	4	0.75
8	2	22	0.363636
8	4	10	0.8
2	3	7	0.285714
4	5	7	0.571429
37	4	41	0.902439
6	4	7	0.857143
286	5	309	0.925566
4	5	6	0.666667
1	4	1	1
11	4	12	0.916667
10	2	19	0.526316
10	4	10	1
6	2	14	0.428571
5	4	5	1
1	5	1	1
5	1	28	0.178571
1	4	6	0.166667
12	5	12	1
2	5	2	1
2	5	3	0.666667
4	4	4	1
0	4	0	0
1	3	3	0.333333
3	4	4	0.75
5	4	5	1
2	1	26	0.0769231
0	4	0	0
18	5	20	0.9
2	5	2	1
4	2	7	0.571429
1	1	17	0.0588235
0	4	0	0
2	4	2	1
2	5	2	1
1	5	1	1
1	3	2	0.5
2	5	2	1
4	1	13	0.307692
0	4	0	0
0	4	0	0
1	5	1	1
2	2	5	0.4
1	4	2	0.5
1	5	1	1
3	5	3	1
1	5	1	1
15	1	26	0.576923
1	5	1	1
1	5	1	1
2	5	2	1
0	4	0	0
0	5	0	0
2	5	2	1
7	3	10	0.7
13	1	31	0.419355
1	5	9	0.111111
29	4	32	0.90625
11	5	14	0.785714
3	5	3	1
1	5	1	1
17	1	30	0.566667
2	5	2	1
77	1	108	0.712963
8	4	10	0.8
8	4	12	0.666667
38	5	44	0.863636
63	3	87	0.724138
22	5	27	0.814815
56	4	62	0.903226
3	5	4	0.75
1	4	3	0.333333
3	4	5	0.6
4	5	5	0.8
12	3	17	0.705882
22	2	29	0.758621
19	5	28	0.678571
7	5	10	0.7
5	5	7	0.714286
2	5	3	0.666667
0	5	1	0
6	5	7	0.857143
0	4	1	0
1	4	1	1
3	5	3	1
3	1	20	0.15
10	4	11	0.909091
23	4	23	1
0	4	2	0
2	4	5	0.4
0	4	2	0
6	4	6	1
4	5	6	0.666667
2	5	6	0.333333
7	4	12	0.583333
5	5	7	0.714286
1	4	3	0.333333
0	5	0	0
2	5	3	0.666667
0	5	0	0
0	5	3	0
0	5	0	0
6	5	8	0.75
1	5	6	0.166667
2	4	3	0.666667
23	4	28	0.821429
14	4	15	0.933333
1	5	1	1
30	2	42	0.714286
8	5	11	0.727273
5	5	6	0.833333
5	5	11	0.454545
14	5	17	0.823529
0	5	0	0
4	3	45	0.0888889
25	3	31	0.806452
10	4	10	1
0	2	2	0
24	2	30	0.8
28	5	33	0.848485
22	5	24	0.916667
12	5	13	0.923077
106	1	147	0.721088
1	4	4	0.25
9	1	24	0.375
14	4	19	0.736842
8	5	9	0.888889
0	5	2	0
30	5	34	0.882353
3	5	5	0.6
33	1	52	0.634615
1	5	3	0.333333
0	5	0	0
17	5	18	0.944444
6	4	8	0.75
9	5	12	0.75
3	5	4	0.75
15	5	17	0.882353
5	5	5	1
6	4	6	1
49	4	53	0.924528
8	4	9	0.888889
7	5	8	0.875
11	4	11	1
5	3	10	0.5
4	3	13	0.307692
2	5	2	1
4	5	4	1
191	3	217	0.880184
8	3	18	0.444444
11	5	13	0.846154
16	4	17	0.941176
27	5	28	0.964286
6	4	9	0.666667
9	5	12	0.75
4	5	6	0.666667
2	5	2	1
8	1	22	0.363636
21	2	25	0.84
3	4	4	0.75
11	1	19	0.578947
2	5	3	0.666667
1	4	4	0.25
0	2	7	0
7	4	8	0.875
13	5	15	0.866667
0	5	0	0
3	5	3	1
32	5	36	0.888889
8	5	9	0.888889
9	5	11	0.818182
22	4	24	0.916667
7	4	10	0.7
1	5	2	0.5
5	4	7	0.714286
2	5	3	0.666667
18	3	23	0.782609
11	2	17	0.647059
5	5	5	1
23	3	41	0.560976
6	5	9	0.666667
3	2	15	0.2
6	4	10	0.6
4	3	10	0.4
45	1	69	0.652174
9	5	19	0.473684
11	5	13	0.846154
5	3	7	0.714286
3	5	3	1
29	5	32	0.90625
14	4	14	1
5	5	8	0.625
8	5	12	0.666667
8	5	16	0.5
20	5	22	0.909091
5	2	30	0.166667
2	5	4	0.5
1	5	1	1
1	2	3	0.333333
1	5	2	0.5
2	5	2	1
0	5	0	0
2	5	2	1
3	5	4	0.75
4	4	5	0.8
1	5	1	1
1	5	1	1
0	5	1	0
3	3	5	0.6
0	5	0	0
0	5	0	0
0	5	0	0
0	5	0	0
0	5	0	0
