11 5
18 1
20 5
20 1
14 4
12 2
33 1
25 1
14 1
13 1
7 1
9 5
4 4
20 1
24 1
6 5
14 1
9 5
22 2
9 4
5 4
11 5
23 1
18 5
11 5
5 5
35 1
28 1
35 1
29 1
7 3
26 1
12 5
21 1
14 3
10 5
30 5
21 1
13 5
11 5
38 2
41 1
8 5
29 1
62 1
20 1
16 5
19 1
9 5
52 5
21 1
59 1
7 5
50 2
303 1
26 1
13 5
20 2
40 1
10 4
22 2
17 1
14 3
5 3
4 5
10 5
4 5
20 1
41 1
29 5
22 1
18 2
25 2
15 4
35 1
25 1
11 1
4 5
11 2
33 1
16 5
8 5
45 1
11 2
9 5
8 5
16 1
7 4
33 1
12 1
10 5
5 5
21 1
11 5
14 5
17 2
14 5
19 3
10 5
8 5
6 3
14 1
10 5
16 1
6 4
11 5
4 5
13 1
33 1
8 5
12 2
11 3
13 5
9 5
6 5
13 5
8 5
5 3
18 1
16 1
8 5
20 5
11 5
9 5
16 1
11 5
8 5
41 1
14 1
11 4
5 5
13 5
39 1
27 1
11 1
17 1
16 2
10 4
5 5
22 2
30 1
14 4
17 1
18 5
4 3
4 3
9 5
7 4
23 1
2 3
7 4
18 1
11 5
15 1
18 5
14 5
27 1
7 5
6 4
15 5
8 4
9 5
8 5
13 5
7 5
6 5
5 4
15 1
19 5
25 5
6 2
4 5
4 5
3 5
7 5
4 1
8 5
4 5
4 4
3 5
10 5
2 5
4 5
13 1
8 5
18 1
25 1
15 5
8 5
9 5
29 1
14 3
25 1
9 5
11 1
16 1
7 5
13 1
5 5
10 1
7 4
15 2
8 5
6 5
34 1
5 5
6 5
7 5
3 5
4 5
8 1
11 5
5 4
5 5
17 1
5 3
5 5
6 4
11 1
3 3
6 5
11 5
9 5
16 1
4 5
5 5
5 3
7 5
4 5
14 1
4 5
10 3
12 1
12 1
25 1
5 5
17 1
4 5
8 5
3 5
2 5
8 1
4 5
5 4
20 1
15 2
7 5
6 5
8 1
8 1
3 5
3 5
80 1
10 5
8 1
5 5
6 1
4 1
1 5
4 1
15 5
43 1
17 1
43 5
3 5
33 1
27 1
8 5
10 2
9 5
74 1
12 5
12 5
16 5
11 5
39 1
6 4
5 5
8 5
7 5
9 5
7 5
5 5
5 5
3 5
4 5
25 1
4 5
4 5
36 1
5 5
3 5
5 5
5 5
6 5
3 5
7 3
21 1
27 5
22 1
8 5
3 4
3 5
11 1
13 4
13 1
3 5
13 1
4 5
3 5
230 1
35 1
6 5
3 3
15 1
26 1
3 5
13 1
5 5
3 5
17 1
13 1
14 1
3 5
10 5
15 5
15 1
6 5
57 5
13 4
10 5
37 5
1 5
19 1
24 5
7 5
17 5
10 2
10 5
11 4
12 1
10 5
11 1
16 5
18 1
13 5
12 5
14 5
16 5
71 5
13 5
15 5
15 1
9 5
16 5
27 5
11 5
10 5
13 1
15 5
28 5
10 1
10 5
11 5
5 1
9 4
8 1
13 5
8 5
4 5
6 1
9 1
74 5
16 4
8 1
7 5
9 4
17 5
5 5
4 2
6 4
3 2
4 5
2 5
13 1
3 1
7 5
10 1
3 1
2 5
9 1
7 5
6 1
5 5
7 5
5 5
3 4
7 5
8 1
8 5
16 1
8 1
1 3
6 5
4 5
11 4
2 5
13 1
7 5
3 1
8 5
4 1
2 1
9 1
2 1
6 5
5 1
0 4
10 5
6 1
2 1
4 1
3 5
9 1
9 5
2 5
1 1
5 5
5 1
11 1
7 5
7 1
4 5
3 5
7 4
3 1
3 5
4 1
4 5
10 5
8 5
5 5
3 5
6 5
5 5
3 1
6 5
7 5
2 5
1 1
3 5
5 5
10 1
5 5
1 1
6 5
6 5
6 5
16 5
9 1
5 5
11 5
20 5
12 1
5 5
5 5
4 5
8 1
6 5
5 5
7 1
2 4
10 5
6 5
14 1
4 5
10 1
14 1
5 5
5 5
5 1
12 1
8 5
6 5
6 5
6 5
5 5
7 5
7 5
16 5
6 5
5 5
5 5
9 1
17 5
7 5
7 5
7 5
19 1
7 5
4 1
8 5
10 5
1 5
5 1
4 5
15 1
6 5
6 1
2 5
9 5
13 5
7 1
11 1
9 5
8 5
6 1
7 5
12 5
12 5
21 1
9 5
8 5
10 5
13 5
4 2
6 5
9 5
3 5
9 5
5 1
10 5
8 5
6 5
13 4
9 5
9 5
4 1
8 5
13 5
4 5
4 5
5 5
1 5
6 1
11 4
8 5
7 5
10 1
11 5
3 1
4 5
7 5
8 5
13 5
5 1
6 4
10 5
7 5
5 1
5 1
6 1
7 2
7 1
6 1
6 1
7 5
7 1
7 5
3 5
2 1
9 5
15 5
4 5
4 1
8 1
3 1
10 1
8 5
1 2
10 5
3 5
1 5
3 5
9 5
12 5
5 3
6 1
11 1
5 2
11 5
7 5
4 5
9 5
13 5
8 5
7 1
1 2
7 5
8 1
6 1
9 5
4 1
5 5
11 5
3 5
8 5
11 5
2 1
7 1
7 1
9 5
2 5
4 5
2 5
8 5
12 5
4 1
2 4
4 1
7 4
8 5
6 5
7 5
1 4
9 5
8 5
11 5
8 5
12 5
8 5
2 5
4 1
8 5
6 5
7 5
3 5
5 5
9 1
8 1
13 5
6 5
15 5
6 1
0 5
1 1
10 1
17 5
7 2
1 5
5 5
3 5
0 5
6 5
1 5
11 5
6 1
12 5
5 5
3 5
9 5
11 5
4 1
2 5
2 5
6 1
7 1
3 5
9 5
3 5
9 5
5 1
9 5
10 5
7 1
6 5
4 1
5 1
13 4
4 5
14 5
10 5
8 1
10 5
16 5
1 5
5 5
8 4
0 5
11 4
10 5
9 5
6 5
4 5
4 5
7 5
10 5
3 1
11 1
6 5
4 1
4 5
5 5
2 3
3 5
7 5
3 5
6 5
4 3
11 1
7 1
3 5
1 1
0 5
4 4
10 1
5 5
7 1
2 5
4 5
0 4
0 5
4 5
8 1
2 5
3 5
3 4
3 5
4 4
5 5
3 1
4 5
4 1
31 5
11 5
4 5
2 5
2 5
9 4
3 5
4 4
3 5
8 5
4 5
9 5
5 4
4 4
3 5
26 5
3 5
4 5
3 5
10 1
2 5
11 5
5 5
5 5
7 1
4 5
4 5
4 5
3 5
0 5
4 5
9 5
6 5
10 5
10 5
0 5
10 5
15 5
4 1
15 1
13 1
5 5
11 1
13 5
4 5
20 5
6 5
10 5
8 5
6 1
16 1
9 5
5 5
10 5
10 5
9 1
5 5
0 5
11 5
9 1
8 5
7 5
9 1
9 1
10 5
8 5
10 5
4 1
9 5
9 1
13 1
10 5
7 5
8 5
9 1
15 1
10 5
1 5
3 4
6 5
8 5
12 5
10 1
7 5
1 5
5 5
8 1
1 5
2 5
11 5
17 1
19 5
5 1
6 1
5 5
18 5
5 1
12 5
3 1
3 1
13 5
12 2
15 1
13 5
16 5
6 5
4 1
21 5
21 1
21 5
17 5
11 1
13 5
31 5
13 5
20 5
7 1
12 5
9 1
9 5
13 4
10 4
12 5
11 1
27 5
3 1
7 1
17 5
6 1
19 1
10 1
20 5
11 5
15 5
7 1
12 4
11 5
6 1
18 5
15 5
7 1
6 5
10 5
15 1
10 1
9 1
11 1
14 5
14 5
3 1
14 5
6 5
18 5
26 5
9 5
1 4
9 5
14 5
12 5
2 5
13 5
12 5
10 5
3 1
8 1
12 5
17 5
19 5
13 5
9 1
16 5
11 5
23 5
7 5
13 5
21 5
9 5
14 5
2 1
12 5
9 4
4 5
1 1
11 5
16 5
9 5
8 1
11 5
16 5
8 5
13 5
11 5
13 1
7 1
24 5
10 5
2 5
11 5
18 5
14 1
9 5
15 5
12 5
12 5
11 5
8 5
19 5
8 5
12 5
2 1
15 5
2 5
1 5
8 5
26 5
12 5
14 5
9 5
17 5
16 5
15 5
20 5
17 5
10 5
17 5
16 5
18 1
7 5
486 5
9 5
6 5
6 5
8 5
14 5
12 5
3 5
1 5
24 5
21 5
19 5
8 5
14 5
4 5
14 5
16 5
20 5
13 1
13 1
6 5
24 5
19 5
11 5
27 5
12 1
25 5
1 5
8 5
1 1
8 5
11 4
10 5
6 5
5 5
13 1
1 1
13 4
10 5
9 5
5 5
1 5
4 5
17 5
14 5
11 5
23 5
10 5
19 5
31 5
22 1
13 4
15 5
21 5
5 5
29 5
17 5
14 5
7 5
8 5
27 5
24 5
13 5
15 5
16 1
19 5
15 1
2 5
12 5
5 5
4 5
2 1
10 1
21 1
10 1
4 5
5 4
6 5
15 2
18 5
26 5
10 5
6 3
8 5
11 1
4 5
40 5
10 4
9 4
6 5
21 1
9 5
18 5
1 2
3 5
9 1
4 5
3 5
5 5
5 5
4 3
10 5
6 5
10 1
2 5
4 5
12 1
916 5
16 5
12 1
2 5
32 5
4 5
8 1
14 1
7 5
3 4
17 5
18 5
14 5
16 5
15 5
6 5
3 3
12 5
10 5
7 1
8 2
13 5
5 1
2 5
2 5
52 5
19 4
4 5
12 5
7 4
5 5
18 5
10 5
9 1
9 1
10 1
12 4
4 5
12 5
9 5
37 5
30 5
4 5
9 5
7 5
3 5
7 5
9 5
17 5
3 5
7 5
20 5
12 5
7 5
5 4
3 5
7 5
5 5
4 5
4 5
5 5
3 5
3 5
1 1
6 5
8 5
11 5
4 5
4 5
9 5
11 5
9 5
4 5
7 3
2 5
11 5
15 5
9 1
20 5
11 5
11 5
14 5
18 5
21 5
21 5
9 5
16 5
14 5
10 1
11 5
8 1
8 1
11 1
8 1
16 5
11 5
24 5
14 5
16 5
18 5
14 5
0 1
27 4
9 5
25 5
16 5
19 5
15 4
16 4
10 1
11 5
9 1
19 5
10 1
12 5
19 5
17 1
27 3
16 5
14 5
23 5
17 5
24 5
12 1
10 5
14 5
8 5
5 5
5 1
15 5
9 5
19 5
2 1
13 5
8 5
13 5
17 5
12 5
16 3
10 5
14 5
10 5
6 5
15 1
1 1
10 1
7 5
12 5
10 1
4 1
14 5
19 5
13 5
5 1
4 1
5 5
9 5
11 5
15 1
11 5
12 5
18 5
12 5
16 5
7 5
10 5
8 5
15 5
9 5
14 5
17 5
26 5
1 1
17 5
13 5
20 5
12 5
8 1
15 5
14 5
5 5
2 1
13 1
9 5
10 5
17 5
14 1
11 5
11 5
8 5
34 5
15 5
13 5
13 5
21 5
9 5
4 1
15 4
13 5
2 1
27 5
9 5
5 5
2 1
20 1
12 1
11 5
7 5
14 5
7 1
4 1
10 5
2 1
16 5
5 5
18 5
12 5
9 1
4 1
30 5
18 5
4 1
6 2
21 5
4 1
4 1
21 4
11 5
12 1
7 1
12 5
12 1
17 1
15 5
14 5
18 5
13 1
16 5
12 5
25 5
8 2
7 5
17 5
8 5
18 1
9 2
10 5
9 1
3 2
12 5
7 5
15 5
14 5
4 1
16 5
9 1
2 1
2 1
14 1
0 1
3 1
17 5
12 1
15 5
11 5
14 5
23 5
13 5
16 5
11 5
2 1
4 1
13 5
26 5
14 5
14 5
10 5
9 5
10 5
17 5
11 5
14 5
11 1
10 5
17 5
15 5
13 5
14 5
4 5
17 5
16 5
11 5
15 5
6 1
12 5
11 1
11 5
13 5
5 5
14 5
14 5
29 5
29 5
14 5
17 5
6 1
9 5
9 1
18 5
12 5
14 5
19 5
10 1
13 5
19 5
13 5
15 1
12 5
25 5
40 5
32 5
15 5
13 5
7 1
6 1
8 5
10 5
17 5
4 2
15 4
18 5
19 5
8 5
19 5
17 5
14 5
3 1
12 5
23 5
23 5
12 5
8 5
13 5
13 5
15 5
9 1
16 5
13 5
10 5
15 5
16 5
17 1
20 5
7 4
11 1
20 5
8 5
16 5
1 3
25 5
26 4
7 1
9 5
10 5
13 5
35 5
30 5
9 1
16 5
12 5
10 1
2 1
15 5
3 1
6 1
26 5
22 5
22 5
13 5
7 1
20 1
5 1
2 1
28 5
15 4
6 1
32 5
17 5
10 5
37 5
19 5
8 5
8 5
16 5
24 5
21 5
19 5
44 5
4 1
12 1
13 5
10 5
3 1
22 5
31 5
19 1
22 5
9 1
13 5
17 5
5 1
52 5
8 1
35 5
16 5
28 5
2 2
27 5
15 5
29 1
14 5
13 4
25 5
21 5
12 5
5 1
41 5
23 1
33 5
