0	5	1	0
1	4	1	1
1	5	2	0.5
3	5	5	0.6
1	5	3	0.333333
4	5	6	0.666667
9	1	13	0.692308
4	5	5	0.8
2	4	2	1
7	5	10	0.7
4	1	8	0.5
2	4	3	0.666667
1	5	3	0.333333
1	4	2	0.5
1	2	5	0.2
1	4	2	0.5
2	4	3	0.666667
0	5	1	0
0	4	3	0
0	4	1	0
1	2	2	0.5
0	5	1	0
4	2	8	0.5
0	5	1	0
1	4	1	1
1	5	2	0.5
3	3	3	1
2	1	11	0.181818
1	4	2	0.5
0	5	2	0
1	4	2	0.5
8	4	12	0.666667
6	3	6	1
0	5	2	0
0	4	1	0
0	4	1	0
2	4	4	0.5
0	5	2	0
6	2	8	0.75
0	4	2	0
0	5	2	0
1	5	3	0.333333
1	5	2	0.5
0	5	1	0
1	5	2	0.5
7	1	12	0.583333
1	4	1	1
2	5	3	0.666667
6	2	7	0.857143
0	3	0	0
0	4	0	0
1	1	6	0.166667
0	5	0	0
0	5	0	0
2	5	2	1
0	5	0	0
3	1	10	0.3
0	5	1	0
0	5	1	0
0	5	1	0
0	4	1	0
2	5	4	0.5
6	3	6	1
0	4	3	0
0	4	1	0
1	5	1	1
4	2	6	0.666667
2	5	3	0.666667
1	5	2	0.5
0	4	1	0
0	4	2	0
0	5	0	0
0	4	0	0
0	4	0	0
6	2	7	0.857143
4	2	7	0.571429
0	5	0	0
0	5	0	0
0	4	3	0
0	5	0	0
1	4	1	1
4	1	6	0.666667
0	5	1	0
0	3	3	0
2	3	2	1
0	5	0	0
0	4	0	0
0	5	0	0
2	2	4	0.5
1	5	1	1
0	4	1	0
1	4	1	1
1	5	1	1
1	4	1	1
0	4	0	0
0	4	0	0
0	4	0	0
0	5	0	0
5	1	7	0.714286
3	5	3	1
0	5	1	0
0	5	0	0
0	4	0	0
0	3	0	0
0	4	0	0
0	4	0	0
0	5	0	0
3	3	3	1
1	4	1	1
0	5	0	0
0	5	0	0
2	1	3	0.666667
1	5	2	0.5
0	3	0	0
0	3	0	0
0	2	0	0
0	5	0	0
1	4	1	1
1	5	2	0.5
3	2	7	0.428571
0	4	0	0
1	4	1	1
1	3	3	0.333333
0	4	0	0
13	1	19	0.684211
1	4	2	0.5
3	5	4	0.75
1	4	2	0.5
3	3	5	0.6
2	4	2	1
1	3	2	0.5
0	3	0	0
2	3	3	0.666667
18	1	21	0.857143
4	5	5	0.8
2	4	3	0.666667
6	2	8	0.75
2	4	3	0.666667
5	5	9	0.555556
0	4	1	0
17	1	24	0.708333
0	5	2	0
0	4	1	0
0	4	1	0
1	4	3	0.333333
9	2	17	0.529412
0	5	1	0
14	5	17	0.823529
11	1	16	0.6875
0	4	0	0
0	5	1	0
0	4	2	0
0	5	1	0
0	5	0	0
0	5	1	0
0	4	1	0
0	5	0	0
0	4	1	0
33	5	38	0.868421
0	5	0	0
10	1	19	0.526316
14	4	14	1
0	5	0	0
1	5	2	0.5
0	5	1	0
0	4	1	0
2	4	3	0.666667
9	5	10	0.9
0	4	1	0
0	5	1	0
2	3	5	0.4
0	5	2	0
0	5	2	0
1	5	1	1
5	5	6	0.833333
0	5	1	0
0	5	0	0
23	2	48	0.479167
2	5	5	0.4
2	5	2	1
0	5	1	0
0	5	1	0
2	5	6	0.333333
3	4	4	0.75
0	5	0	0
1	5	1	1
0	3	1	0
0	5	2	0
0	4	0	0
1	4	1	1
4	4	5	0.8
1	5	1	1
1	5	1	1
0	3	2	0
2	5	3	0.666667
4	5	5	0.8
0	4	0	0
0	5	0	0
12	2	24	0.5
3	2	5	0.6
0	4	0	0
0	4	0	0
3	5	3	1
2	4	2	1
0	5	0	0
0	4	0	0
15	2	32	0.46875
4	2	6	0.666667
0	4	0	0
1	4	1	1
1	4	1	1
0	3	0	0
0	4	3	0
4	4	4	1
1	4	1	1
4	5	4	1
1	3	2	0.5
2	5	2	1
1	2	4	0.25
2	5	2	1
1	4	3	0.333333
1	5	1	1
3	5	3	1
1	5	1	1
2	5	3	0.666667
4	1	8	0.5
0	4	2	0
0	5	0	0
0	5	0	0
2	5	2	1
4	2	6	0.666667
0	5	0	0
1	5	1	1
2	5	2	1
2	4	3	0.666667
2	4	2	1
0	5	2	0
1	5	1	1
2	5	2	1
0	4	1	0
0	5	0	0
2	5	2	1
1	5	1	1
1	4	1	1
1	5	1	1
4	5	5	0.8
2	5	2	1
1	5	1	1
5	1	9	0.555556
6	4	8	0.75
7	4	7	1
4	2	6	0.666667
0	5	0	0
2	5	2	1
2	5	2	1
3	5	3	1
3	2	6	0.5
7	4	7	1
6	4	6	1
0	4	0	0
1	5	1	1
0	5	0	0
1	5	1	1
1	1	2	0.5
4	5	4	1
3	5	4	0.75
1	4	1	1
3	5	3	1
4	5	5	0.8
0	5	0	0
2	1	6	0.333333
2	5	2	1
1	5	2	0.5
0	4	0	0
4	5	4	1
4	1	10	0.4
1	5	2	0.5
1	3	4	0.25
2	5	2	1
2	5	2	1
6	3	6	1
4	4	4	1
2	4	4	0.5
1	4	1	1
3	3	8	0.375
2	3	2	1
1	3	2	0.5
4	2	6	0.666667
0	5	0	0
0	5	0	0
5	1	7	0.714286
1	4	1	1
2	4	2	1
1	5	1	1
0	5	0	0
1	4	1	1
2	5	3	0.666667
18	5	21	0.857143
2	4	3	0.666667
6	5	7	0.857143
2	5	2	1
1	5	1	1
0	5	0	0
7	2	8	0.875
25	5	30	0.833333
5	5	5	1
1	5	1	1
3	2	5	0.6
0	5	0	0
0	3	0	0
1	4	1	1
2	2	3	0.666667
1	5	1	1
2	5	2	1
3	5	4	0.75
68	4	71	0.957746
1	5	1	1
1	5	1	1
9	5	9	1
5	1	11	0.454545
4	1	7	0.571429
4	4	4	1
2	5	2	1
7	5	7	1
4	5	4	1
17	2	21	0.809524
2	3	5	0.4
7	5	7	1
1	4	1	1
0	4	0	0
1	1	3	0.333333
0	4	0	0
4	4	4	1
10	1	11	0.909091
3	5	20	0.15
2	1	5	0.4
0	5	0	0
2	5	2	1
3	1	4	0.75
29	5	30	0.966667
2	5	2	1
2	5	2	1
1	5	3	0.333333
2	5	2	1
2	5	3	0.666667
8	1	12	0.666667
4	1	7	0.571429
0	4	0	0
9	2	11	0.818182
5	3	6	0.833333
1	5	2	0.5
0	5	1	0
0	5	1	0
1	5	2	0.5
0	3	0	0
6	1	13	0.461538
0	5	1	0
0	5	0	0
0	4	0	0
0	5	0	0
3	4	5	0.6
4	3	5	0.8
0	5	2	0
6	3	8	0.75
2	4	2	1
1	4	1	1
0	4	0	0
5	3	6	0.833333
4	2	7	0.571429
3	4	4	0.75
7	5	9	0.777778
2	5	2	1
1	5	5	0.2
2	5	3	0.666667
2	5	2	1
0	3	9	0
0	3	0	0
3	5	3	1
2	3	2	1
4	1	9	0.444444
5	4	6	0.833333
3	5	3	1
0	3	1	0
1	5	1	1
0	4	0	0
3	1	4	0.75
0	1	0	0
1	5	1	1
0	4	0	0
0	4	0	0
0	5	0	0
0	5	0	0
2	1	3	0.666667
0	5	0	0
0	5	0	0
0	2	0	0
0	5	0	0
0	5	0	0
0	2	0	0
0	5	0	0
0	4	0	0
0	5	0	0
0	5	0	0
0	5	0	0
3	1	3	1
1	3	1	1
2	2	2	1
0	5	0	0
0	5	0	0
0	4	0	0
0	1	0	0
0	2	0	0
0	5	0	0
0	4	0	0
0	4	0	0
0	4	0	0
12	5	13	0.923077
0	5	0	0
3	1	4	0.75
0	5	0	0
0	3	0	0
0	4	0	0
0	4	0	0
5	3	7	0.714286
0	5	0	0
0	5	0	0
0	3	0	0
0	5	0	0
0	3	0	0
0	4	0	0
0	5	1	0
0	2	1	0
2	1	2	1
0	5	0	0
0	5	0	0
0	5	0	0
0	5	0	0
0	5	0	0
4	1	4	1
0	5	0	0
0	1	0	0
0	4	0	0
0	5	0	0
0	5	0	0
0	4	0	0
0	3	0	0
0	3	0	0
0	5	0	0
0	5	0	0
0	4	0	0
0	4	0	0
0	5	0	0
0	5	0	0
0	5	0	0
0	4	0	0
0	3	0	0
0	5	0	0
0	5	0	0
0	5	0	0
2	5	2	1
0	5	0	0
0	5	0	0
0	5	0	0
0	5	0	0
0	5	0	0
1	1	4	0.25
0	5	0	0
0	4	0	0
0	5	0	0
0	1	0	0
0	5	0	0
0	4	0	0
0	4	0	0
0	3	0	0
0	5	0	0
0	1	1	0
0	5	0	0
0	4	0	0
0	3	0	0
0	4	0	0
0	1	0	0
0	5	0	0
0	5	0	0
0	5	0	0
0	5	0	0
0	5	0	0
0	5	0	0
0	3	0	0
0	5	0	0
0	4	0	0
0	5	0	0
0	5	0	0
0	4	0	0
0	1	0	0
0	5	0	0
0	1	0	0
0	5	0	0
0	5	0	0
0	3	1	0
0	4	0	0
0	5	0	0
0	5	0	0
1	2	2	0.5
0	5	0	0
0	5	0	0
0	1	1	0
0	5	0	0
0	1	0	0
0	2	0	0
0	5	0	0
0	5	0	0
0	1	0	0
0	5	0	0
0	5	0	0
0	1	0	0
0	4	0	0
0	5	0	0
0	1	0	0
0	5	0	0
0	5	0	0
0	5	0	0
0	5	0	0
0	1	0	0
0	5	0	0
0	2	0	0
0	5	0	0
0	5	0	0
0	4	0	0
0	5	0	0
0	5	0	0
0	2	0	0
0	2	0	0
0	1	0	0
0	4	0	0
0	5	0	0
0	3	0	0
0	5	0	0
0	5	0	0
0	5	0	0
0	5	0	0
1	1	1	1
0	1	0	0
0	3	0	0
0	5	0	0
0	2	0	0
0	1	0	0
0	5	0	0
0	5	0	0
4	1	4	1
0	5	0	0
3	1	4	0.75
0	3	0	0
0	5	0	0
0	4	0	0
0	1	0	0
0	5	0	0
0	5	0	0
0	4	0	0
0	3	0	0
0	5	0	0
0	4	0	0
1	1	2	0.5
0	4	0	0
0	5	0	0
0	5	0	0
0	5	0	0
0	3	0	0
0	5	0	0
2	1	3	0.666667
0	4	0	0
1	3	2	0.5
0	4	0	0
1	5	1	1
0	2	0	0
0	5	0	0
0	4	0	0
1	1	1	1
0	4	0	0
0	5	0	0
0	5	0	0
0	2	0	0
0	5	0	0
0	4	0	0
0	5	0	0
0	5	0	0
0	5	0	0
0	5	0	0
0	5	0	0
0	1	0	0
0	5	0	0
0	4	0	0
0	5	0	0
0	5	0	0
0	5	0	0
0	5	0	0
0	5	0	0
0	2	0	0
0	1	0	0
0	5	0	0
0	5	0	0
0	4	0	0
0	4	0	0
0	1	1	0
0	3	0	0
0	5	0	0
0	5	0	0
0	5	0	0
0	5	0	0
0	5	0	0
0	5	0	0
0	5	0	0
0	5	0	0
0	5	0	0
0	5	0	0
0	5	0	0
0	5	0	0
0	5	0	0
0	4	0	0
0	5	0	0
0	4	0	0
0	5	0	0
0	4	0	0
0	5	0	0
0	5	0	0
4	1	4	1
1	1	1	1
0	5	0	0
0	4	0	0
0	5	0	0
0	5	0	0
0	5	0	0
0	5	0	0
1	1	1	1
0	4	0	0
0	5	0	0
0	4	0	0
0	5	0	0
0	5	0	0
0	5	0	0
0	4	0	0
0	5	0	0
0	4	0	0
0	3	0	0
0	5	0	0
0	4	0	0
0	5	0	0
0	5	0	0
0	5	0	0
0	5	1	0
0	4	0	0
0	3	0	0
0	5	0	0
0	2	0	0
0	4	0	0
0	4	0	0
0	4	0	0
0	5	0	0
0	3	0	0
0	5	0	0
0	5	0	0
0	5	0	0
0	2	1	0
1	1	1	1
0	5	0	0
0	5	0	0
0	2	0	0
0	5	0	0
0	5	0	0
0	5	0	0
0	5	0	0
