0 4
1 5
7 3
3 3
0 5
8 2
4 5
2 4
4 4
2 5
2 3
2 5
3 2
5 5
3 5
12 1
8 5
7 5
1 5
2 5
3 3
5 5
2 5
5 5
2 5
1 5
1 5
1 5
1 5
0 5
1 5
1 5
4 5
1 5
2 4
1 5
1 3
10 3
1 5
5 5
6 1
1 2
1 5
1 5
2 2
2 4
1 5
1 5
2 5
2 5
2 4
3 2
0 5
1 4
1 4
15 1
1 2
2 3
4 4
0 5
7 2
5 3
14 1
0 2
1 5
1 5
2 5
8 5
1 5
1 4
2 5
0 5
4 5
0 5
3 5
2 5
2 5
1 3
4 5
3 2
0 4
0 4
5 4
0 4
0 4
0 4
0 3
0 4
0 5
1 3
0 5
1 2
2 2
1 5
0 4
1 3
0 3
0 3
0 4
0 4
0 4
0 4
0 4
1 3
0 4
1 3
0 3
3 2
0 4
0 4
0 5
1 5
0 5
3 3
0 5
0 5
0 5
2 5
1 5
1 3
0 5
0 5
2 3
0 5
4 2
0 3
0 5
1 5
0 5
2 4
1 5
1 5
0 5
4 4
0 4
0 4
0 5
0 5
0 5
7 2
2 5
3 5
0 4
20 3
2 5
1 5
3 2
1 5
0 5
0 5
4 4
3 3
0 5
1 5
11 1
1 4
6 4
1 4
1 5
17 2
3 5
4 5
3 4
1 5
0 5
0 4
0 4
0 5
0 5
2 5
3 1
3 1
2 1
3 1
0 4
0 5
1 5
2 1
2 3
2 4
10 2
15 1
2 5
9 1
4 5
7 5
4 5
6 4
3 5
0 5
2 5
0 4
19 5
3 5
1 5
0 3
43 4
2 5
4 5
1 5
1 4
3 5
2 4
1 4
0 5
1 5
0 5
0 5
0 4
1 4
4 3
2 1
32 1
2 4
1 3
2 4
3 4
1 4
3 5
2 5
1 5
1 5
1 3
1 4
2 5
4 5
2 5
6 5
14 4
0 5
0 5
0 5
1 3
3 3
7 1
0 5
1 5
0 4
6 5
5 1
0 5
2 5
0 4
6 1
6 4
0 5
0 5
1 5
1 5
0 5
0 5
3 5
0 5
3 5
11 5
4 3
6 5
1 5
0 5
3 4
3 3
3 5
11 5
2 4
1 4
7 1
1 4
0 5
1 5
5 3
1 5
5 5
1 4
104 1
19 1
1 4
2 2
0 2
1 4
2 5
4 2
0 5
0 3
4 5
2 5
20 1
3 5
96 1
1 5
1 5
1 5
4 1
2 5
0 4
2 4
0 4
0 4
0 5
1 4
0 4
3 5
1 5
0 5
2 5
5 4
0 5
2 5
5 4
4 5
1 3
1 4
2 5
0 5
9 1
0 5
1 5
0 5
1 2
3 5
0 5
0 5
0 3
4 5
1 4
3 5
1 4
0 4
1 4
0 4
1 2
6 4
0 5
2 5
1 2
0 3
1 5
0 5
1 4
0 4
3 3
1 4
1 5
0 5
5 5
1 3
13 1
4 5
1 5
0 4
5 5
8 4
1 5
1 5
2 3
0 5
2 5
3 5
1 5
1 4
4 5
0 4
44 4
1 4
2 5
1 4
2 4
4 5
4 5
1 4
1 5
4 5
1 3
5 5
24 2
1 5
0 5
3 5
0 5
2 5
2 4
2 2
4 3
1 3
2 3
0 5
6 2
2 5
0 5
1 5
1 2
0 4
0 4
1 4
1 4
5 3
2 5
2 2
1 3
6 4
3 4
3 2
1 5
0 5
0 5
8 1
1 4
1 3
3 5
5 5
9 1
5 5
0 3
3 5
0 5
1 5
3 4
0 5
3 3
0 5
4 5
0 4
14 3
4 5
5 5
1 5
33 4
29 5
25 4
29 1
1 5
0 4
0 5
7 5
3 5
2 5
4 3
1 4
0 5
2 5
3 4
4 5
1 5
2 5
1 4
2 5
1 5
64 5
3 5
4 4
2 5
6 5
0 3
5 3
1 3
2 5
6 5
2 5
3 5
15 5
5 4
1 5
8 1
1 5
5 1
2 1
2 4
2 5
5 4
0 5
8 1
2 2
24 1
1 4
7 2
11 2
21 5
17 5
1 4
5 5
4 5
1 5
4 4
0 5
10 3
4 5
2 4
2 4
9 2
3 5
3 5
3 5
2 5
9 5
7 5
3 5
4 5
6 4
0 5
2 4
8 3
0 5
2 5
4 3
0 5
1 5
5 5
4 4
3 5
8 4
3 5
10 5
4 5
4 3
5 5
5 3
11 5
2 3
2 5
2 5
12 2
8 1
2 5
2 5
3 3
18 3
6 4
8 5
2 5
4 5
4 5
2 5
0 5
1 4
14 5
0 5
4 5
1 5
1 5
12 5
4 2
0 5
0 5
0 5
16 4
4 5
10 5
31 4
7 5
5 5
1 5
0 5
2 3
4 5
23 4
8 5
1 5
6 4
3 5
3 5
3 3
3 4
2 5
1 5
0 4
2 2
0 5
0 5
0 5
1 5
2 4
14 4
48 5
2 4
3 5
0 5
4 5
2 5
9 2
1 5
4 5
1 4
0 5
2 4
1 4
404 5
2 3
9 4
10 3
2 2
0 5
1 4
6 1
7 2
9 5
8 1
0 5
1 5
12 4
30 5
3 4
4 3
5 5
1 5
1 5
9 5
16 5
4 5
1 4
11 1
10 5
7 3
20 4
0 5
1 4
5 3
0 4
3 2
9 3
4 5
27 1
23 3
5 1
1 5
4 5
0 4
15 3
303 4
3 4
8 2
8 4
2 3
4 5
37 4
6 4
286 5
4 5
1 4
11 4
10 2
10 4
6 2
5 4
1 5
5 1
1 4
12 5
2 5
2 5
4 4
0 4
1 3
3 4
5 4
2 1
0 4
18 5
2 5
4 2
1 1
0 4
2 4
2 5
1 5
1 3
2 5
4 1
0 4
0 4
1 5
2 2
1 4
1 5
3 5
1 5
15 1
1 5
1 5
2 5
0 4
0 5
2 5
7 3
13 1
1 5
29 4
11 5
3 5
1 5
17 1
2 5
77 1
8 4
8 4
38 5
63 3
22 5
56 4
3 5
1 4
3 4
4 5
12 3
22 2
19 5
7 5
5 5
2 5
0 5
6 5
0 4
1 4
3 5
3 1
10 4
23 4
0 4
2 4
0 4
6 4
4 5
2 5
7 4
5 5
1 4
0 5
2 5
0 5
0 5
0 5
6 5
1 5
2 4
23 4
14 4
1 5
30 2
8 5
5 5
5 5
14 5
0 5
4 3
25 3
10 4
0 2
24 2
28 5
22 5
12 5
106 1
1 4
9 1
14 4
8 5
0 5
30 5
3 5
33 1
1 5
0 5
17 5
6 4
9 5
3 5
15 5
5 5
6 4
49 4
8 4
7 5
11 4
5 3
4 3
2 5
4 5
191 3
8 3
11 5
16 4
27 5
6 4
9 5
4 5
2 5
8 1
21 2
3 4
11 1
2 5
1 4
0 2
7 4
13 5
0 5
3 5
32 5
8 5
9 5
22 4
7 4
1 5
5 4
2 5
18 3
11 2
5 5
23 3
6 5
3 2
6 4
4 3
45 1
9 5
11 5
5 3
3 5
29 5
14 4
5 5
8 5
8 5
20 5
5 2
2 5
1 5
1 2
1 5
2 5
0 5
2 5
3 5
4 4
1 5
1 5
0 5
3 3
0 5
0 5
0 5
0 5
0 5
