3 3
10 3
11 2
4 4
5 5
13 5
21 1
4 5
4 4
31 1
9 4
28 1
8 5
19 1
9 4
9 5
5 3
19 1
4 5
14 1
23 5
4 4
19 1
7 1
8 5
11 5
5 4
7 3
2 4
2 5
9 5
16 5
11 1
18 1
12 5
10 5
14 5
11 2
4 5
11 1
8 5
11 4
8 5
9 5
14 5
5 5
10 5
8 5
9 5
7 5
19 5
7 4
5 4
22 1
8 5
17 1
16 1
17 2
6 3
17 1
2 3
2 1
18 1
4 4
15 2
4 5
5 5
8 5
3 1
6 5
7 5
9 5
9 5
7 5
10 5
4 5
5 5
8 3
9 3
5 5
13 5
8 5
12 2
6 3
9 3
6 4
5 4
9 5
7 5
5 4
5 3
7 5
5 5
17 1
8 5
5 5
16 2
5 3
7 5
6 5
2 5
5 4
4 4
13 1
17 1
3 5
6 5
11 1
3 5
5 4
4 5
6 5
7 1
15 1
5 5
7 4
1 5
14 5
50 1
23 1
15 3
7 4
19 5
6 5
12 5
9 5
7 5
4 4
4 4
7 5
3 5
6 3
11 5
5 5
29 1
10 5
20 1
3 5
2 5
3 3
9 5
1 5
9 5
11 5
12 5
6 4
8 5
6 3
12 5
12 5
11 1
6 5
2 4
10 5
1 5
5 5
6 4
1 3
7 4
11 5
17 1
7 4
17 5
18 5
8 1
4 5
7 5
25 1
21 1
25 1
6 4
4 5
27 1
6 5
6 5
9 3
17 1
20 1
16 1
27 1
24 1
25 2
43 2
57 1
12 4
12 5
13 5
18 5
13 5
54 1
17 5
21 4
22 1
28 1
10 4
7 3
23 5
12 5
25 1
11 5
9 4
16 5
20 5
6 5
3 4
14 5
16 5
4 5
19 4
11 5
6 5
23 1
25 1
6 5
11 5
39 1
13 5
34 1
48 1
22 5
19 4
27 1
31 1
38 4
31 2
42 1
34 1
31 1
32 5
40 1
33 1
5 3
27 5
23 5
20 1
21 5
11 1
38 5
22 5
13 1
43 1
21 1
22 1
23 5
59 2
12 1
19 1
25 1
8 4
21 1
20 1
49 5
22 1
28 1
78 5
34 5
17 2
21 4
10 5
20 1
22 1
18 1
23 1
19 1
23 5
9 3
6 5
20 5
15 5
19 2
11 1
12 3
7 5
9 5
16 1
5 5
11 1
24 1
17 5
17 1
13 5
33 1
5 4
28 1
8 1
11 4
15 1
21 5
13 5
21 1
38 1
22 4
19 5
16 1
12 5
13 4
7 4
6 5
18 5
16 1
3 5
29 1
8 5
7 4
22 1
12 3
6 5
38 5
32 5
11 5
20 5
23 4
26 1
23 1
239 4
14 4
17 4
23 4
30 1
17 1
25 5
21 1
20 5
14 3
15 5
19 1
3 3
20 5
5 3
27 4
37 5
11 2
19 5
6 5
11 1
19 1
10 5
14 2
16 5
28 4
8 5
13 5
27 1
29 1
15 5
27 4
25 1
25 4
28 4
23 1
8 5
42 5
16 1
21 5
48 1
26 1
13 1
19 1
13 1
21 1
14 4
20 5
12 5
29 1
15 5
18 1
17 1
23 5
19 5
20 5
14 1
16 1
26 5
33 5
29 1
23 5
20 5
37 4
30 1
28 5
19 4
24 1
22 5
18 3
16 1
31 5
30 1
20 5
48 5
33 1
21 1
8 3
21 1
32 1
30 1
11 2
29 1
19 5
23 1
23 1
41 1
32 1
39 1
19 5
22 5
20 5
21 1
24 1
18 5
20 1
15 5
18 2
26 1
28 1
30 4
28 1
26 5
10 5
19 5
13 5
26 1
23 1
15 5
39 1
33 1
16 1
27 1
24 1
10 3
29 1
15 5
22 1
32 1
18 5
16 5
34 1
48 1
38 5
30 2
36 4
54 1
17 5
25 5
48 1
39 5
45 5
29 4
27 5
779 5
8 5
21 3
45 5
33 5
30 1
19 5
33 1
21 1
37 1
27 1
34 4
29 4
23 1
34 5
59 1
38 1
33 2
21 5
25 4
39 5
25 5
28 1
26 2
21 1
29 1
38 1
24 3
14 1
28 4
30 5
63 3
29 5
25 2
21 1
53 1
33 5
35 1
38 4
22 1
33 3
22 1
36 4
14 3
30 4
43 1
39 1
24 5
50 1
16 5
24 1
45 5
27 5
25 2
33 4
35 1
51 1
39 4
41 1
27 1
36 4
36 5
23 1
48 1
43 1
43 2
58 1
59 1
29 5
50 1
28 5
45 5
41 1
47 1
47 1
39 1
51 1
77 1
62 1
62 1
64 5
34 4
52 1
49 1
37 1
48 1
44 4
73 1
46 5
83 1
33 5
68 2
26 1
52 5
25 5
39 1
46 1
145 3
22 5
52 1
56 1
44 1
39 1
53 5
52 1
31 1
51 5
35 1
61 4
56 5
80 4
75 5
47 1
36 2
55 1
41 1
43 5
34 5
37 5
38 5
51 1
41 1
13 3
37 2
41 1
61 4
43 2
32 3
34 1
78 1
46 5
73 1
33 1
70 5
25 3
70 5
39 1
23 1
33 1
23 1
33 1
30 1
37 1
59 1
49 1
62 4
91 5
34 1
85 5
42 1
42 1
38 1
101 4
52 1
35 2
74 5
92 5
70 5
75 1
37 1
35 5
54 1
85 5
33 1
76 5
33 1
81 5
94 5
227 4
52 1
44 1
83 5
66 5
47 1
146 4
31 4
64 1
19 1
97 5
40 1
51 2
43 2
100 5
67 2
125 4
