14	1	36	0.388889
6	4	8	0.75
3	4	6	0.5
1	4	12	0.0833333
9	2	13	0.692308
1	5	3	0.333333
2	5	5	0.4
0	5	4	0
15	2	19	0.789474
12	1	15	0.8
2	5	5	0.4
3	3	6	0.5
4	5	8	0.5
10	1	20	0.5
1	5	5	0.2
6	3	7	0.857143
2	5	6	0.333333
0	5	3	0
0	4	0	0
5	2	7	0.714286
1	3	4	0.25
0	5	3	0
0	4	3	0
0	5	4	0
0	4	3	0
6	2	10	0.6
229	1	278	0.823741
2	3	3	0.666667
3	5	5	0.6
0	5	2	0
8	1	23	0.347826
4	2	11	0.363636
2	5	3	0.666667
4	1	12	0.333333
9	1	16	0.5625
0	4	2	0
11	1	19	0.578947
5	5	10	0.5
8	3	11	0.727273
10	2	25	0.4
6	5	10	0.6
6	2	13	0.461538
24	3	27	0.888889
3	4	9	0.333333
1	5	6	0.166667
2	4	4	0.5
1	4	5	0.2
10	2	14	0.714286
0	3	0	0
3	4	4	0.75
30	2	34	0.882353
2	4	4	0.5
4	5	8	0.5
14	2	19	0.736842
6	3	9	0.666667
2	5	6	0.333333
1	4	4	0.25
2	3	5	0.4
1	5	5	0.2
3	2	9	0.333333
5	5	8	0.625
10	1	38	0.263158
2	5	5	0.4
7	3	12	0.583333
4	2	16	0.25
16	1	24	0.666667
1	4	4	0.25
2	4	2	1
59	1	78	0.75641
2	5	4	0.5
1	4	4	0.25
6	3	8	0.75
3	5	5	0.6
1	3	1	1
0	5	2	0
0	5	3	0
14	1	58	0.241379
8	2	17	0.470588
1	4	3	0.333333
9	2	13	0.692308
1	5	6	0.166667
9	5	12	0.75
2	4	5	0.4
1	5	5	0.2
2	5	6	0.333333
12	1	32	0.375
21	1	40	0.525
5	5	6	0.833333
7	2	15	0.466667
7	4	8	0.875
5	2	13	0.384615
1	5	4	0.25
2	4	6	0.333333
8	5	10	0.8
4	4	5	0.8
3	4	6	0.5
3	4	4	0.75
8	2	21	0.380952
10	5	13	0.769231
2	4	2	1
2	3	6	0.333333
1	5	3	0.333333
3	4	26	0.115385
5	2	25	0.2
6	2	17	0.352941
4	4	9	0.444444
2	5	5	0.4
2	4	3	0.666667
13	1	27	0.481481
3	3	3	1
8	1	16	0.5
2	5	4	0.5
3	5	5	0.6
0	5	2	0
2	5	4	0.5
1	5	2	0.5
1	4	2	0.5
17	1	41	0.414634
1	5	2	0.5
2	3	5	0.4
3	4	4	0.75
26	1	38	0.684211
10	4	11	0.909091
5	5	6	0.833333
15	1	26	0.576923
1	5	1	1
1	3	2	0.5
1	5	1	1
2	4	2	1
1	4	1	1
2	5	3	0.666667
2	4	3	0.666667
6	5	8	0.75
2	5	2	1
2	5	4	0.5
1	3	2	0.5
0	5	1	0
7	4	7	1
2	4	3	0.666667
4	3	7	0.571429
3	4	4	0.75
0	5	1	0
5	4	5	1
12	1	20	0.6
0	4	5	0
138	1	166	0.831325
0	5	0	0
1	4	1	1
9	2	16	0.5625
5	5	8	0.625
2	5	4	0.5
7	5	8	0.875
3	4	3	1
2	5	2	1
0	4	2	0
5	2	8	0.625
1	5	2	0.5
2	5	4	0.5
0	5	0	0
0	5	0	0
1	3	1	1
1	4	1	1
1	4	2	0.5
7	2	8	0.875
9	5	11	0.818182
4	3	4	1
2	5	2	1
1	4	1	1
1	2	4	0.25
28	1	42	0.666667
4	5	5	0.8
1	5	2	0.5
2	4	2	1
28	1	38	0.736842
4	4	4	1
2	3	3	0.666667
1	3	2	0.5
4	5	5	0.8
0	5	4	0
3	1	23	0.130435
1	2	2	0.5
5	2	11	0.454545
2	5	2	1
2	5	2	1
1	5	1	1
12	1	20	0.6
3	5	5	0.6
13	2	17	0.764706
5	4	5	1
3	4	3	1
3	5	4	0.75
10	1	18	0.555556
1	4	3	0.333333
5	5	6	0.833333
6	1	21	0.285714
5	5	7	0.714286
5	5	6	0.833333
1	4	2	0.5
7	1	16	0.4375
1	4	1	1
1	5	1	1
2	5	3	0.666667
2	5	2	1
0	5	2	0
2	5	5	0.4
3	4	4	0.75
1	5	1	1
7	1	23	0.304348
0	5	0	0
11	5	14	0.785714
2	4	2	1
0	3	2	0
0	4	0	0
3	5	3	1
2	5	2	1
0	3	9	0
1	4	1	1
4	4	5	0.8
2	3	3	0.666667
5	1	14	0.357143
1	4	2	0.5
7	1	15	0.466667
1	4	2	0.5
9	4	10	0.9
2	5	3	0.666667
3	5	3	1
3	5	4	0.75
2	1	12	0.166667
1	5	1	1
3	1	18	0.166667
4	2	9	0.444444
22	3	45	0.488889
0	4	0	0
1	4	3	0.333333
0	4	1	0
1	5	3	0.333333
5	2	8	0.625
2	5	3	0.666667
0	4	0	0
0	5	4	0
6	1	64	0.09375
4	5	5	0.8
1	5	4	0.25
2	4	2	1
5	2	6	0.833333
1	5	1	1
0	5	0	0
2	4	2	1
0	5	0	0
2	5	3	0.666667
0	4	0	0
4	4	5	0.8
2	5	2	1
0	5	0	0
1	5	2	0.5
6	5	8	0.75
1	4	4	0.25
0	2	4	0
4	1	12	0.333333
10	1	14	0.714286
2	3	2	1
0	5	10	0
13	1	17	0.764706
2	2	5	0.4
5	1	12	0.416667
2	4	3	0.666667
3	2	4	0.75
2	5	2	1
0	5	0	0
5	4	8	0.625
1	5	10	0.1
4	4	6	0.666667
8	5	11	0.727273
14	2	19	0.736842
1	4	2	0.5
6	2	7	0.857143
6	1	11	0.545455
1	3	2	0.5
4	5	4	1
1	4	1	1
1	5	1	1
2	3	6	0.333333
1	3	3	0.333333
1	3	3	0.333333
1	4	2	0.5
42	1	171	0.245614
0	5	1	0
4	3	11	0.363636
0	3	0	0
0	3	0	0
1	4	1	1
0	5	1	0
2	2	7	0.285714
2	5	2	1
0	5	0	0
1	3	7	0.142857
4	2	6	0.666667
0	5	0	0
0	2	3	0
1	5	1	1
0	4	0	0
6	3	6	1
0	5	0	0
0	5	0	0
1	5	1	1
4	4	4	1
0	5	0	0
4	1	10	0.4
7	5	8	0.875
2	4	4	0.5
1	4	2	0.5
0	5	1	0
3	2	6	0.5
7	1	25	0.28
1	5	3	0.333333
2	4	3	0.666667
4	1	12	0.333333
6	4	9	0.666667
1	5	4	0.25
1	5	2	0.5
1	5	2	0.5
4	3	9	0.444444
0	5	3	0
0	5	2	0
6	3	7	0.857143
7	1	13	0.538462
2	5	5	0.4
1	4	4	0.25
6	1	14	0.428571
0	5	2	0
4	4	6	0.666667
0	5	2	0
0	5	2	0
6	2	13	0.461538
3	5	5	0.6
1	4	4	0.25
3	3	9	0.333333
170	5	202	0.841584
50	5	67	0.746269
7	1	23	0.304348
6	4	8	0.75
5	5	7	0.714286
0	4	3	0
1	5	3	0.333333
6	2	11	0.545455
1	5	3	0.333333
2	4	4	0.5
0	4	2	0
4	2	9	0.444444
0	4	4	0
1	4	4	0.25
4	3	9	0.444444
7	4	9	0.777778
1	5	3	0.333333
0	5	2	0
8	5	13	0.615385
1	4	3	0.333333
1	5	3	0.333333
0	4	4	0
0	4	3	0
2	2	4	0.5
2	4	5	0.4
1	5	3	0.333333
1	4	3	0.333333
0	4	2	0
1	5	3	0.333333
1	3	3	0.333333
1	3	6	0.166667
5	1	12	0.416667
0	4	2	0
1	3	3	0.333333
2	5	5	0.4
3	2	7	0.428571
1	4	2	0.5
1	5	1	1
6	1	12	0.5
1	5	2	0.5
2	5	2	1
0	5	4	0
1	5	3	0.333333
2	3	2	1
1	5	2	0.5
0	5	2	0
0	5	0	0
1	5	2	0.5
0	4	1	0
6	1	18	0.333333
0	4	4	0
6	2	9	0.666667
5	5	7	0.714286
2	2	5	0.4
5	4	8	0.625
0	5	3	0
1	4	3	0.333333
2	5	3	0.666667
4	3	5	0.8
2	4	3	0.666667
0	4	1	0
3	5	5	0.6
1	5	3	0.333333
1	4	2	0.5
1	4	2	0.5
0	5	3	0
0	4	2	0
3	2	5	0.6
2	4	2	1
4	5	5	0.8
0	3	4	0
6	1	25	0.24
0	5	0	0
0	5	0	0
7	4	7	1
0	5	0	0
2	5	2	1
0	5	1	0
0	5	0	0
1	5	1	1
0	5	0	0
2	5	2	1
5	5	6	0.833333
7	4	7	1
2	5	9	0.222222
1	4	1	1
8	5	10	0.8
3	4	3	1
1	1	13	0.0769231
2	5	2	1
4	3	4	1
0	5	3	0
0	5	0	0
1	5	1	1
0	5	0	0
1	4	1	1
1	4	1	1
1	5	1	1
6	1	16	0.375
1	4	2	0.5
1	5	2	0.5
0	4	0	0
10	3	10	1
1	3	1	1
0	4	0	0
0	5	1	0
0	5	0	0
10	5	12	0.833333
0	4	1	0
1	5	1	1
1	5	1	1
0	5	3	0
6	1	13	0.461538
14	2	17	0.823529
4	3	7	0.571429
1	4	1	1
1	5	1	1
1	4	1	1
1	5	1	1
0	5	0	0
0	5	0	0
4	2	7	0.571429
1	5	1	1
3	5	3	1
1	5	1	1
0	3	0	0
2	2	8	0.25
0	5	0	0
0	4	4	0
3	2	4	0.75
115	4	144	0.798611
0	4	0	0
4	3	4	1
7	5	8	0.875
2	5	3	0.666667
3	4	5	0.6
2	4	2	1
3	4	4	0.75
2	4	3	0.666667
1	5	2	0.5
2	4	3	0.666667
3	3	8	0.375
1	5	2	0.5
3	5	4	0.75
0	5	1	0
0	5	1	0
2	5	3	0.666667
9	5	13	0.692308
8	5	11	0.727273
0	5	1	0
0	4	1	0
1	5	4	0.25
0	4	0	0
1	5	2	0.5
0	5	1	0
0	5	2	0
0	5	1	0
3	3	3	1
0	2	15	0
0	5	1	0
1	5	2	0.5
2	4	3	0.666667
0	5	1	0
3	4	3	1
6	4	7	0.857143
0	5	1	0
0	4	3	0
0	5	1	0
14	2	26	0.538462
4	5	6	0.666667
4	4	5	0.8
1	4	8	0.125
0	4	0	0
1	4	2	0.5
1	5	2	0.5
0	5	0	0
8	1	14	0.571429
2	4	3	0.666667
5	5	8	0.625
3	5	4	0.75
2	5	3	0.666667
8	5	10	0.8
9	1	10	0.9
9	1	25	0.36
3	5	4	0.75
4	5	5	0.8
2	3	8	0.25
1	4	2	0.5
2	4	3	0.666667
19	5	25	0.76
7	4	7	1
0	4	2	0
4	4	5	0.8
3	5	3	1
2	5	4	0.5
1	5	2	0.5
3	5	3	1
40	5	49	0.816327
3	5	3	1
7	5	9	0.777778
3	4	3	1
3	4	3	1
1	5	1	1
3	5	5	0.6
1	5	2	0.5
2	5	2	1
17	1	34	0.5
2	5	3	0.666667
4	5	5	0.8
36	5	46	0.782609
37	5	48	0.770833
3	4	4	0.75
2	4	2	1
0	4	0	0
1	5	1	1
1	5	2	0.5
3	5	4	0.75
3	5	3	1
222	4	276	0.804348
1	5	1	1
1	5	2	0.5
2	5	3	0.666667
2	5	2	1
3	3	5	0.6
4	5	4	1
0	5	0	0
2	5	2	1
2	3	7	0.285714
77	5	94	0.819149
3	4	4	0.75
0	5	0	0
8	2	19	0.421053
48	1	66	0.727273
11	5	15	0.733333
5	4	5	1
2	5	3	0.666667
6	2	14	0.428571
5	5	6	0.833333
4	5	8	0.5
1	5	2	0.5
0	5	3	0
2	5	3	0.666667
4	5	5	0.8
2	5	2	1
2	5	4	0.5
3	5	4	0.75
1	5	3	0.333333
0	5	1	0
2	5	2	1
5	5	6	0.833333
6	5	7	0.857143
1	3	2	0.5
2	2	8	0.25
8	1	23	0.347826
3	5	5	0.6
7	5	9	0.777778
5	5	7	0.714286
5	5	9	0.555556
21	5	27	0.777778
7	5	8	0.875
1	5	1	1
6	5	8	0.75
1	5	1	1
5	5	5	1
7	5	7	1
12	3	16	0.75
1	5	4	0.25
0	3	3	0
2	5	3	0.666667
1	5	1	1
0	5	0	0
12	2	16	0.75
5	4	6	0.833333
20	5	26	0.769231
1	5	2	0.5
36	1	48	0.75
4	5	4	1
13	5	19	0.684211
5	5	5	1
1	5	2	0.5
905	4	1002	0.903194
7	5	8	0.875
4	5	4	1
4	3	10	0.4
2	5	5	0.4
6	5	7	0.857143
1	5	1	1
1	5	2	0.5
2	5	3	0.666667
0	4	2	0
3	5	3	1
1	5	1	1
2	4	2	1
1	5	1	1
0	4	0	0
0	5	0	0
0	5	0	0
6	1	20	0.3
0	5	0	0
7	1	10	0.7
1	5	1	1
2	5	2	1
3	3	7	0.428571
2	5	2	1
1	5	1	1
1	5	1	1
2	5	2	1
0	5	0	0
0	5	1	0
0	5	0	0
1	5	1	1
2	5	2	1
0	5	0	0
0	5	0	0
2	5	2	1
0	5	0	0
0	5	0	0
2	4	2	1
0	4	0	0
0	3	0	0
0	5	0	0
0	5	0	0
1	5	1	1
3	1	19	0.157895
0	5	0	0
1	5	1	1
1	4	2	0.5
1	5	1	1
3	5	3	1
2	5	2	1
2	5	2	1
1	5	1	1
2	5	2	1
2	5	2	1
2	5	3	0.666667
4	5	5	0.8
0	3	1	0
1	4	2	0.5
1	5	2	0.5
