11	5	12	0.916667
11	5	12	0.916667
8	5	9	0.888889
9	5	10	0.9
10	5	12	0.833333
5	5	6	0.833333
13	5	15	0.866667
12	5	14	0.857143
3	1	52	0.0576923
4	1	44	0.0909091
19	4	22	0.863636
3	1	30	0.1
3	1	42	0.0714286
3	1	28	0.107143
2	1	22	0.0909091
3	1	32	0.09375
4	2	29	0.137931
2	1	25	0.08
2	1	27	0.0740741
5	1	41	0.121951
36	3	40	0.9
5	1	48	0.104167
3	1	21	0.142857
6	1	43	0.139535
8	5	13	0.615385
2	1	18	0.111111
13	4	14	0.928571
12	5	14	0.857143
2	1	28	0.0714286
1	1	22	0.0454545
2	1	24	0.0833333
8	5	11	0.727273
1	1	18	0.0555556
1	1	14	0.0714286
1	1	22	0.0454545
1	1	21	0.047619
1	1	18	0.0555556
1	1	23	0.0434783
2	1	13	0.153846
3	1	14	0.214286
11	5	13	0.846154
1	1	16	0.0625
2	1	14	0.142857
1	1	24	0.0416667
3	1	15	0.2
2	1	13	0.153846
2	1	13	0.153846
1	1	12	0.0833333
3	1	16	0.1875
4	1	17	0.235294
2	1	15	0.133333
3	1	14	0.214286
3	1	16	0.1875
4	1	14	0.285714
12	5	14	0.857143
9	5	11	0.818182
3	1	15	0.2
8	5	9	0.888889
2	1	20	0.1
3	1	19	0.157895
4	1	12	0.333333
7	1	18	0.388889
1	1	20	0.05
2	1	12	0.166667
2	1	21	0.0952381
2	1	12	0.166667
1	1	11	0.0909091
2	1	11	0.181818
11	5	12	0.916667
2	1	14	0.142857
4	1	14	0.285714
12	5	13	0.923077
3	1	23	0.130435
9	4	10	0.9
11	5	12	0.916667
1	1	10	0.1
11	5	12	0.916667
5	1	14	0.357143
9	4	9	1
1	1	12	0.0833333
4	1	17	0.235294
3	1	15	0.2
1	1	11	0.0909091
3	1	11	0.272727
1	1	11	0.0909091
3	1	13	0.230769
5	1	13	0.384615
1	1	15	0.0666667
1	1	12	0.0833333
5	1	13	0.384615
3	1	12	0.25
1	1	12	0.0833333
1	1	10	0.1
2	1	10	0.2
1	1	9	0.111111
2	1	13	0.153846
1	1	14	0.0714286
4	1	23	0.173913
9	5	10	0.9
1	1	9	0.111111
1	1	7	0.142857
1	1	10	0.1
1	1	11	0.0909091
1	1	8	0.125
7	4	8	0.875
10	5	11	0.909091
1	1	10	0.1
1	1	9	0.111111
1	1	10	0.1
1	1	10	0.1
1	1	12	0.0833333
1	1	8	0.125
2	1	9	0.222222
1	1	9	0.111111
1	1	8	0.125
1	1	9	0.111111
1	1	10	0.1
1	1	8	0.125
2	1	8	0.25
2	1	8	0.25
1	1	10	0.1
1	1	10	0.1
1	1	8	0.125
8	5	8	1
2	1	9	0.222222
7	5	7	1
1	1	9	0.111111
7	5	7	1
1	1	9	0.111111
1	1	7	0.142857
9	5	9	1
2	1	9	0.222222
4	2	9	0.444444
1	1	7	0.142857
3	1	13	0.230769
2	1	7	0.285714
2	1	10	0.2
2	1	11	0.181818
1	1	7	0.142857
1	1	8	0.125
9	5	9	1
1	1	7	0.142857
1	1	6	0.166667
5	5	5	1
1	1	9	0.111111
1	1	9	0.111111
2	1	7	0.285714
1	1	10	0.1
2	1	9	0.222222
1	1	12	0.0833333
0	1	9	0
2	1	8	0.25
8	5	9	0.888889
6	5	6	1
10	5	11	0.909091
1	1	8	0.125
2	1	7	0.285714
2	1	10	0.2
2	1	10	0.2
8	5	8	1
2	1	8	0.25
8	5	8	1
3	1	7	0.428571
0	1	8	0
1	1	11	0.0909091
7	5	8	0.875
1	1	9	0.111111
2	1	12	0.166667
1	1	9	0.111111
3	1	9	0.333333
6	5	6	1
1	1	7	0.142857
5	5	5	1
7	5	8	0.875
10	5	11	0.909091
2	1	12	0.166667
3	1	15	0.2
0	1	3	0
1	1	9	0.111111
5	1	12	0.416667
2	4	4	0.5
1	1	9	0.111111
1	1	7	0.142857
2	1	22	0.0909091
2	1	12	0.166667
8	5	9	0.888889
2	1	6	0.333333
1	1	12	0.0833333
4	1	17	0.235294
3	1	8	0.375
3	1	16	0.1875
2	1	13	0.153846
3	1	16	0.1875
7	5	8	0.875
1	1	6	0.166667
3	1	8	0.375
1	1	12	0.0833333
1	1	9	0.111111
3	1	14	0.214286
1	1	8	0.125
3	1	20	0.15
1	1	9	0.111111
3	1	14	0.214286
13	5	15	0.866667
1	1	14	0.0714286
1	1	13	0.0769231
5	5	8	0.625
2	1	7	0.285714
2	1	13	0.153846
2	1	15	0.133333
2	1	12	0.166667
4	1	10	0.4
2	1	11	0.181818
1	1	11	0.0909091
0	1	13	0
0	1	8	0
7	5	7	1
2	1	9	0.222222
2	1	11	0.181818
1	1	17	0.0588235
2	1	12	0.166667
6	5	6	1
1	1	13	0.0769231
1	1	18	0.0555556
1	1	17	0.0588235
2	1	11	0.181818
1	1	14	0.0714286
1	1	9	0.111111
2	1	12	0.166667
6	5	6	1
1	1	12	0.0833333
2	1	8	0.25
3	1	11	0.272727
3	1	11	0.272727
5	5	5	1
3	1	11	0.272727
3	1	10	0.3
2	1	9	0.222222
0	1	6	0
2	1	12	0.166667
9	5	10	0.9
3	1	11	0.272727
1	1	14	0.0714286
2	1	14	0.142857
7	5	7	1
2	1	11	0.181818
1	1	7	0.142857
1	1	8	0.125
2	1	11	0.181818
2	1	9	0.222222
2	1	11	0.181818
6	4	7	0.857143
2	1	10	0.2
2	1	10	0.2
1	1	12	0.0833333
8	5	9	0.888889
2	1	9	0.222222
2	1	12	0.166667
3	1	11	0.272727
2	1	11	0.181818
0	1	4	0
2	1	11	0.181818
0	1	5	0
0	1	4	0
3	1	8	0.375
1	1	13	0.0769231
0	1	8	0
1	1	7	0.142857
2	1	10	0.2
6	5	6	1
1	1	7	0.142857
1	1	11	0.0909091
1	1	8	0.125
3	1	11	0.272727
3	1	10	0.3
0	1	10	0
1	1	10	0.1
1	1	7	0.142857
1	1	5	0.2
2	5	5	0.4
4	5	5	0.8
5	5	6	0.833333
1	5	2	0.5
3	5	4	0.75
1	5	3	0.333333
4	1	10	0.4
4	5	5	0.8
4	1	10	0.4
7	1	15	0.466667
3	5	4	0.75
5	1	12	0.416667
3	1	9	0.333333
4	1	10	0.4
1	1	5	0.2
2	1	7	0.285714
3	5	4	0.75
3	1	8	0.375
4	1	10	0.4
0	1	5	0
3	5	3	1
5	1	12	0.416667
1	5	2	0.5
2	1	7	0.285714
2	5	4	0.5
4	1	10	0.4
3	1	13	0.230769
1	5	2	0.5
3	1	11	0.272727
5	1	12	0.416667
2	5	3	0.666667
3	1	17	0.176471
3	1	13	0.230769
3	1	18	0.166667
3	1	12	0.25
2	5	4	0.5
5	1	14	0.357143
7	1	15	0.466667
7	1	15	0.466667
1	5	4	0.25
4	1	13	0.307692
2	5	3	0.666667
1	5	1	1
2	5	2	1
2	5	3	0.666667
3	1	8	0.375
2	5	4	0.5
3	5	5	0.6
2	3	4	0.5
3	1	8	0.375
6	1	13	0.461538
14	1	27	0.518519
2	5	3	0.666667
2	1	6	0.333333
9	2	11	0.818182
5	1	11	0.454545
8	1	17	0.470588
2	5	4	0.5
3	5	6	0.5
6	1	13	0.461538
4	1	10	0.4
3	5	7	0.428571
9	1	18	0.5
2	5	4	0.5
5	5	9	0.555556
6	1	13	0.461538
11	1	22	0.5
4	5	4	1
1	5	3	0.333333
1	5	4	0.25
1	5	3	0.333333
2	5	3	0.666667
1	5	2	0.5
1	5	2	0.5
3	1	8	0.375
3	5	5	0.6
1	5	2	0.5
3	4	4	0.75
4	5	5	0.8
11	3	16	0.6875
5	5	6	0.833333
3	5	6	0.5
5	1	20	0.25
3	5	5	0.6
1	5	3	0.333333
2	5	4	0.5
11	1	25	0.44
5	1	17	0.294118
6	5	9	0.666667
2	5	4	0.5
5	5	6	0.833333
3	5	5	0.6
4	5	6	0.666667
4	1	13	0.307692
1	5	3	0.333333
2	5	6	0.333333
1	5	4	0.25
4	1	10	0.4
3	1	13	0.230769
5	5	8	0.625
5	1	23	0.217391
3	5	6	0.5
7	1	15	0.466667
6	1	17	0.352941
1	5	4	0.25
13	1	25	0.52
1	5	4	0.25
1	5	4	0.25
2	5	4	0.5
8	5	11	0.727273
8	5	11	0.727273
4	5	5	0.8
8	1	21	0.380952
6	5	10	0.6
5	5	8	0.625
26	1	68	0.382353
6	5	7	0.857143
3	5	4	0.75
5	5	7	0.714286
4	5	5	0.8
6	5	7	0.857143
2	4	4	0.5
5	5	8	0.625
7	1	19	0.368421
4	5	6	0.666667
3	5	6	0.5
4	3	9	0.444444
4	5	5	0.8
3	5	6	0.5
4	5	6	0.666667
3	5	6	0.5
5	3	18	0.277778
3	5	6	0.5
4	5	5	0.8
8	5	13	0.615385
8	1	21	0.380952
5	5	6	0.833333
4	5	6	0.666667
8	5	11	0.727273
4	5	6	0.666667
5	5	7	0.714286
5	5	6	0.833333
3	5	5	0.6
5	5	7	0.714286
1	4	2	0.5
5	5	7	0.714286
2	4	3	0.666667
4	5	5	0.8
4	5	5	0.8
2	5	3	0.666667
3	5	4	0.75
2	5	3	0.666667
2	5	3	0.666667
3	5	5	0.6
2	5	4	0.5
4	5	6	0.666667
3	5	4	0.75
3	5	4	0.75
3	5	6	0.5
3	5	6	0.5
7	1	15	0.466667
14	1	34	0.411765
5	5	7	0.714286
2	5	4	0.5
4	5	7	0.571429
5	5	8	0.625
13	1	25	0.52
2	2	8	0.25
3	5	6	0.5
4	5	6	0.666667
3	5	6	0.5
3	5	5	0.6
4	5	6	0.666667
3	5	5	0.6
3	1	11	0.272727
1	5	3	0.333333
13	1	25	0.52
3	5	6	0.5
3	5	4	0.75
2	5	5	0.4
3	5	5	0.6
2	5	3	0.666667
6	1	15	0.4
1	5	4	0.25
2	5	4	0.5
3	4	4	0.75
2	5	6	0.333333
4	1	10	0.4
2	4	3	0.666667
6	1	13	0.461538
5	1	16	0.3125
1	2	5	0.2
6	1	15	0.4
2	5	7	0.285714
3	1	9	0.333333
3	1	12	0.25
7	1	26	0.269231
5	1	19	0.263158
7	5	10	0.7
5	1	21	0.238095
5	5	12	0.416667
6	1	18	0.333333
4	1	11	0.363636
10	5	18	0.555556
9	5	15	0.6
7	1	20	0.35
8	5	13	0.615385
6	1	28	0.214286
7	1	39	0.179487
6	5	10	0.6
4	1	19	0.210526
13	4	16	0.8125
21	5	23	0.913043
17	5	20	0.85
15	5	18	0.833333
8	1	44	0.181818
7	1	35	0.2
13	5	15	0.866667
9	1	41	0.219512
6	1	41	0.146341
21	5	23	0.913043
7	1	38	0.184211
10	3	23	0.434783
6	1	31	0.193548
7	5	11	0.636364
7	1	44	0.159091
9	1	33	0.272727
14	5	21	0.666667
10	5	16	0.625
6	3	24	0.25
15	5	21	0.714286
15	5	20	0.75
11	2	45	0.244444
18	5	24	0.75
20	5	24	0.833333
5	5	20	0.25
15	5	19	0.789474
7	2	27	0.259259
15	5	19	0.789474
16	5	18	0.888889
15	5	17	0.882353
7	1	35	0.2
14	5	18	0.777778
17	5	21	0.809524
12	1	57	0.210526
8	3	35	0.228571
15	5	18	0.833333
6	1	68	0.0882353
13	5	22	0.590909
9	3	27	0.333333
26	5	29	0.896552
11	1	82	0.134146
8	2	62	0.129032
9	1	65	0.138462
40	5	44	0.909091
25	5	28	0.892857
11	5	52	0.211538
11	1	78	0.141026
33	5	37	0.891892
26	5	28	0.928571
16	1	133	0.120301
3	3	43	0.0697674
1	1	5	0.2
15	1	131	0.114504
5	3	49	0.102041
9	4	27	0.333333
45	5	51	0.882353
35	5	40	0.875
17	1	100	0.17
11	3	43	0.255814
38	4	40	0.95
29	5	33	0.878788
9	1	113	0.079646
26	4	35	0.742857
17	4	22	0.772727
11	1	61	0.180328
23	4	31	0.741935
22	5	25	0.88
11	1	82	0.134146
24	5	27	0.888889
26	5	33	0.787879
9	1	60	0.15
15	5	21	0.714286
18	5	23	0.782609
10	2	42	0.238095
24	5	29	0.827586
19	1	79	0.240506
35	5	44	0.795455
24	5	33	0.727273
16	1	104	0.153846
25	5	33	0.757576
23	4	32	0.71875
9	5	17	0.529412
17	5	24	0.708333
11	5	17	0.647059
13	5	21	0.619048
17	5	26	0.653846
8	5	16	0.5
16	5	24	0.666667
11	5	16	0.6875
7	1	100	0.07
12	2	68	0.176471
8	4	13	0.615385
24	5	30	0.8
12	5	21	0.571429
15	4	23	0.652174
7	5	13	0.538462
9	2	64	0.140625
14	1	75	0.186667
13	5	17	0.764706
9	4	52	0.173077
12	5	17	0.705882
15	5	20	0.75
16	5	20	0.8
11	3	24	0.458333
14	5	18	0.777778
8	1	88	0.0909091
14	5	17	0.823529
11	5	15	0.733333
16	5	22	0.727273
11	5	13	0.846154
11	5	13	0.846154
14	5	19	0.736842
11	5	20	0.55
13	5	18	0.722222
12	5	16	0.75
7	5	11	0.636364
12	5	15	0.8
8	5	11	0.727273
8	5	12	0.666667
10	5	13	0.769231
10	5	15	0.666667
6	5	11	0.545455
11	5	14	0.785714
11	4	16	0.6875
23	4	29	0.793103
6	5	10	0.6
7	5	9	0.777778
14	5	17	0.823529
10	5	12	0.833333
8	5	11	0.727273
10	5	13	0.769231
21	5	27	0.777778
16	5	19	0.842105
11	5	14	0.785714
28	5	32	0.875
13	5	17	0.764706
28	1	136	0.205882
14	5	17	0.823529
35	5	42	0.833333
15	5	19	0.789474
16	1	71	0.225352
9	5	13	0.692308
19	5	24	0.791667
17	5	24	0.708333
14	5	18	0.777778
21	5	25	0.84
21	5	26	0.807692
13	5	17	0.764706
15	5	19	0.789474
23	5	27	0.851852
19	5	24	0.791667
7	5	26	0.269231
19	5	24	0.791667
21	5	26	0.807692
15	5	25	0.6
18	5	22	0.818182
10	5	13	0.769231
19	5	23	0.826087
7	5	17	0.411765
17	5	20	0.85
14	5	18	0.777778
27	1	111	0.243243
16	5	18	0.888889
22	5	25	0.88
21	5	25	0.84
18	5	22	0.818182
9	5	13	0.692308
8	5	18	0.444444
11	5	16	0.6875
10	5	13	0.769231
18	5	21	0.857143
16	5	21	0.761905
12	5	16	0.75
37	5	48	0.770833
6	3	89	0.0674157
69	5	78	0.884615
2	5	15	0.133333
20	5	26	0.769231
142	5	159	0.893082
13	5	41	0.317073
16	5	19	0.842105
31	5	35	0.885714
35	4	41	0.853659
17	5	21	0.809524
27	5	33	0.818182
7	5	11	0.636364
20	5	24	0.833333
18	5	24	0.75
9	2	184	0.048913
13	1	193	0.0673575
31	5	34	0.911765
16	5	20	0.8
56	1	229	0.244541
7	5	13	0.538462
32	5	37	0.864865
20	5	24	0.833333
7	5	10	0.7
31	5	37	0.837838
23	5	29	0.793103
26	5	30	0.866667
34	5	42	0.809524
5	5	39	0.128205
19	5	32	0.59375
36	5	43	0.837209
11	1	120	0.0916667
35	5	38	0.921053
7	5	8	0.875
16	1	168	0.0952381
6	5	8	0.75
26	5	29	0.896552
29	5	33	0.878788
30	4	33	0.909091
30	5	34	0.882353
11	5	15	0.733333
102	5	113	0.902655
22	5	37	0.594595
24	5	36	0.666667
9	5	15	0.6
30	5	42	0.714286
27	5	34	0.794118
44	5	51	0.862745
11	5	16	0.6875
24	5	27	0.888889
37	5	49	0.755102
41	5	46	0.891304
36	5	41	0.878049
29	5	40	0.725
17	4	44	0.386364
71	5	80	0.8875
18	5	21	0.857143
32	5	48	0.666667
14	5	19	0.736842
27	5	44	0.613636
28	5	38	0.736842
14	5	30	0.466667
40	4	50	0.8
34	5	40	0.85
29	5	33	0.878788
40	5	45	0.888889
35	5	41	0.853659
47	5	54	0.87037
24	5	35	0.685714
54	5	62	0.870968
75	5	85	0.882353
156	5	189	0.825397
49	5	55	0.890909
37	5	45	0.822222
29	5	41	0.707317
34	5	42	0.809524
32	5	41	0.780488
40	5	54	0.740741
44	5	53	0.830189
14	5	20	0.7
26	5	37	0.702703
39	5	44	0.886364
15	5	17	0.882353
17	5	20	0.85
30	5	40	0.75
57	5	66	0.863636
32	5	39	0.820513
36	5	44	0.818182
25	5	33	0.757576
90	5	108	0.833333
46	5	53	0.867925
38	5	46	0.826087
34	5	43	0.790698
34	5	45	0.755556
42	5	53	0.792453
826	5	923	0.894908
47	5	58	0.810345
49	5	59	0.830508
62	5	73	0.849315
52	5	64	0.8125
21	5	31	0.677419
33	1	152	0.217105
