1	5	3	0.333333
1	5	2	0.5
5	5	6	0.833333
0	5	7	0
3	5	5	0.6
9	1	54	0.166667
3	4	4	0.75
9	3	28	0.321429
3	5	4	0.75
3	4	4	0.75
1	5	2	0.5
15	1	71	0.211268
4	5	5	0.8
2	4	4	0.5
5	5	5	1
0	5	0	0
2	5	2	1
2	5	2	1
4	5	4	1
7	5	9	0.777778
6	5	6	1
8	3	14	0.571429
3	4	4	0.75
4	5	4	1
7	2	26	0.269231
9	5	9	1
15	5	16	0.9375
4	5	4	1
2	4	2	1
8	5	13	0.615385
2	4	3	0.666667
2	5	3	0.666667
1	4	2	0.5
3	5	6	0.5
7	4	9	0.777778
3	5	5	0.6
1	5	2	0.5
2	4	3	0.666667
1	4	1	1
0	2	6	0
2	5	2	1
1	3	7	0.142857
0	3	2	0
2	4	2	1
2	5	3	0.666667
3	4	3	1
0	5	0	0
1	4	2	0.5
1	5	1	1
2	5	2	1
2	4	3	0.666667
2	4	6	0.333333
0	5	0	0
4	4	5	0.8
4	5	4	1
1	4	2	0.5
0	4	0	0
1	5	2	0.5
4	5	4	1
4	5	4	1
5	5	6	0.833333
4	5	4	1
5	5	5	1
2	5	2	1
2	5	2	1
3	4	5	0.6
4	4	4	1
2	5	2	1
0	3	2	0
1	4	2	0.5
2	5	2	1
1	5	1	1
2	4	2	1
3	3	7	0.428571
0	5	0	0
0	5	3	0
1	4	1	1
0	5	0	0
1	4	2	0.5
0	5	0	0
0	4	1	0
2	5	2	1
3	5	3	1
1	3	3	0.333333
1	5	2	0.5
0	5	0	0
2	4	2	1
0	5	0	0
1	3	10	0.1
0	4	0	0
0	4	0	0
0	4	0	0
0	3	0	0
0	4	0	0
0	5	0	0
0	4	0	0
0	5	0	0
0	5	0	0
0	5	0	0
0	5	1	0
1	5	1	1
1	5	2	0.5
1	5	3	0.333333
3	2	10	0.3
1	5	1	1
0	4	1	0
0	4	0	0
1	3	4	0.25
12	1	55	0.218182
2	4	4	0.5
0	3	0	0
1	5	1	1
1	5	1	1
0	5	0	0
0	5	2	0
1	5	2	0.5
0	5	0	0
1	5	1	1
1	3	1	1
0	4	0	0
0	4	0	0
0	4	0	0
0	4	1	0
0	4	0	0
0	5	0	0
0	4	0	0
0	5	0	0
0	5	0	0
1	5	1	1
0	5	0	0
0	5	0	0
0	4	0	0
1	4	1	1
1	4	1	1
0	4	0	0
0	5	2	0
0	4	0	0
0	4	0	0
0	5	0	0
4	4	5	0.8
7	3	7	1
3	5	3	1
1	2	15	0.0666667
5	5	6	0.833333
0	5	0	0
2	3	6	0.333333
0	4	1	0
7	4	8	0.875
7	5	10	0.7
3	5	7	0.428571
2	4	2	1
3	5	3	1
9	3	10	0.9
1	5	3	0.333333
1	4	4	0.25
3	4	4	0.75
1	5	3	0.333333
2	4	3	0.666667
2	5	3	0.666667
3	5	3	1
11	3	18	0.611111
1	4	8	0.125
1	5	2	0.5
8	2	36	0.222222
1	4	1	1
1	5	2	0.5
2	5	4	0.5
1	5	2	0.5
2	5	3	0.666667
5	4	5	1
1	5	1	1
14	4	14	1
0	5	1	0
0	5	0	0
3	5	4	0.75
1	5	1	1
1	5	1	1
1	5	2	0.5
8	5	8	1
3	5	4	0.75
8	2	24	0.333333
0	5	0	0
12	3	26	0.461538
9	5	11	0.818182
1	5	2	0.5
2	5	4	0.5
3	5	4	0.75
2	4	2	1
2	5	3	0.666667
1	4	2	0.5
3	4	3	1
4	5	5	0.8
2	4	2	1
3	5	3	1
14	2	28	0.5
2	3	6	0.333333
0	4	0	0
8	5	9	0.888889
4	5	5	0.8
0	5	0	0
3	4	3	1
1	4	4	0.25
1	5	1	1
2	5	3	0.666667
34	5	51	0.666667
0	5	0	0
1	5	3	0.333333
0	4	0	0
0	4	0	0
2	4	5	0.4
1	3	3	0.333333
0	4	0	0
1	5	1	1
1	5	2	0.5
0	5	0	0
0	4	0	0
0	5	0	0
0	4	0	0
2	5	2	1
2	4	3	0.666667
0	5	0	0
0	4	0	0
0	4	0	0
0	5	0	0
0	3	2	0
1	4	1	1
0	5	2	0
0	5	0	0
0	4	0	0
0	4	0	0
0	4	0	0
0	4	0	0
4	5	5	0.8
0	3	8	0
42	1	75	0.56
3	4	6	0.5
0	4	0	0
0	5	3	0
0	4	0	0
1	5	1	1
3	5	4	0.75
75	1	137	0.547445
3	4	3	1
23	1	181	0.127072
14	3	18	0.777778
1	5	3	0.333333
2	5	2	1
0	5	0	0
8	5	11	0.727273
16	2	28	0.571429
0	5	0	0
25	1	55	0.454545
1	4	2	0.5
3	5	3	1
2	5	2	1
3	5	4	0.75
1	3	2	0.5
0	5	3	0
4	4	5	0.8
3	4	4	0.75
1	5	2	0.5
8	5	10	0.8
6	5	6	1
3	5	3	1
1	5	2	0.5
7	4	7	1
40	1	102	0.392157
3	3	3	1
3	5	3	1
14	4	15	0.933333
2	5	3	0.666667
5	4	6	0.833333
0	3	1	0
3	3	5	0.6
13	4	13	1
13	4	15	0.866667
0	4	0	0
3	4	3	1
0	4	0	0
0	5	0	0
6	4	6	1
24	1	55	0.436364
3	4	3	1
1	5	2	0.5
1	4	1	1
1	5	2	0.5
3	5	4	0.75
1	4	1	1
4	5	4	1
1	5	1	1
0	5	1	0
1	5	1	1
0	5	0	0
4	3	12	0.333333
9	5	90	0.1
2	4	3	0.666667
1	4	1	1
0	5	0	0
0	5	4	0
0	5	0	0
2	5	2	1
1	5	2	0.5
0	4	3	0
0	5	0	0
0	5	1	0
0	4	0	0
0	5	0	0
0	4	0	0
0	4	1	0
1	3	5	0.2
0	4	0	0
0	4	0	0
0	4	0	0
0	5	0	0
0	4	0	0
0	5	0	0
6	5	7	0.857143
0	5	0	0
0	4	0	0
0	4	0	0
0	4	0	0
2	3	2	1
0	4	0	0
0	4	3	0
0	4	2	0
1	4	2	0.5
1	4	2	0.5
3	4	5	0.6
10	2	56	0.178571
3	2	33	0.0909091
1	5	3	0.333333
4	3	7	0.571429
0	5	1	0
3	2	38	0.0789474
2	3	7	0.285714
1	5	2	0.5
4	2	10	0.4
2	5	3	0.666667
4	3	14	0.285714
2	5	3	0.666667
2	5	3	0.666667
1	4	2	0.5
1	5	3	0.333333
1	4	6	0.166667
0	5	4	0
2	5	2	1
2	5	4	0.5
17	1	61	0.278689
1	4	2	0.5
1	5	1	1
5	5	5	1
0	5	0	0
0	5	0	0
0	5	1	0
2	5	3	0.666667
0	5	0	0
22	1	52	0.423077
1	5	1	1
1	5	2	0.5
0	5	1	0
0	5	0	0
1	5	1	1
1	4	1	1
1	4	1	1
7	4	10	0.7
0	4	0	0
2	5	4	0.5
1	4	2	0.5
0	5	0	0
0	5	0	0
3	5	6	0.5
8	5	9	0.888889
1	5	3	0.333333
2	5	2	1
3	5	4	0.75
0	4	0	0
0	5	0	0
4	5	8	0.5
1	5	1	1
0	5	0	0
1	5	2	0.5
2	5	3	0.666667
1	5	1	1
0	5	1	0
0	5	0	0
1	5	1	1
4	5	8	0.5
1	5	2	0.5
0	5	0	0
10	2	16	0.625
0	5	2	0
0	5	2	0
30	5	37	0.810811
0	5	0	0
16	3	32	0.5
7	5	12	0.583333
18	1	74	0.243243
0	4	0	0
1	5	1	1
2	4	5	0.4
1	4	2	0.5
0	4	0	0
1	5	2	0.5
1	5	2	0.5
4	5	4	1
0	4	1	0
0	5	0	0
0	4	0	0
0	4	0	0
0	4	0	0
1	5	3	0.333333
0	4	0	0
2	4	2	1
4	5	4	1
18	3	21	0.857143
4	2	7	0.571429
0	4	0	0
0	5	1	0
0	5	0	0
5	3	10	0.5
3	4	3	1
14	5	19	0.736842
6	5	8	0.75
0	5	1	0
1	3	4	0.25
1	4	3	0.333333
2	3	4	0.5
1	4	2	0.5
0	4	1	0
7	2	72	0.0972222
1	4	2	0.5
2	5	3	0.666667
1	5	2	0.5
1	4	2	0.5
14	5	16	0.875
3	4	4	0.75
20	1	74	0.27027
12	4	14	0.857143
3	5	4	0.75
2	5	6	0.333333
1	4	2	0.5
8	5	8	1
0	4	2	0
0	4	1	0
2	4	3	0.666667
1	5	2	0.5
1	5	2	0.5
0	4	0	0
0	4	0	0
0	4	0	0
0	4	1	0
0	5	0	0
0	5	0	0
3	4	5	0.6
0	5	1	0
1	5	1	1
1	5	1	1
3	3	10	0.3
1	5	2	0.5
0	5	0	0
0	4	0	0
0	4	1	0
0	5	2	0
5	4	7	0.714286
0	4	1	0
3	4	3	1
6	5	8	0.75
1	5	2	0.5
0	5	1	0
2	5	3	0.666667
3	5	3	1
1	5	1	1
0	4	1	0
0	5	1	0
19	1	55	0.345455
3	5	3	1
22	5	23	0.956522
2	5	2	1
0	5	0	0
3	5	3	1
24	5	45	0.533333
0	5	0	0
2	5	3	0.666667
21	5	30	0.7
6	3	6	1
39	1	95	0.410526
6	5	9	0.666667
3	4	3	1
1	4	2	0.5
5	4	6	0.833333
10	5	12	0.833333
7	5	8	0.875
0	4	2	0
1	5	3	0.333333
2	4	2	1
1	5	3	0.333333
7	2	11	0.636364
2	4	4	0.5
22	4	23	0.956522
4	5	7	0.571429
1	5	3	0.333333
1	4	2	0.5
1	4	4	0.25
11	5	15	0.733333
2	5	3	0.666667
2	5	3	0.666667
6	3	8	0.75
0	5	0	0
2	4	7	0.285714
17	1	42	0.404762
5	4	6	0.833333
1	5	3	0.333333
1	4	2	0.5
1	5	3	0.333333
1	5	2	0.5
0	5	2	0
5	4	7	0.714286
3	5	4	0.75
1	4	3	0.333333
0	4	1	0
2	2	11	0.181818
0	3	1	0
4	5	5	0.8
0	5	1	0
0	4	2	0
0	5	1	0
1	4	2	0.5
0	5	2	0
1	5	3	0.333333
0	4	0	0
35	1	67	0.522388
1	5	2	0.5
40	4	47	0.851064
0	5	5	0
0	5	2	0
6	1	39	0.153846
8	5	9	0.888889
1	5	3	0.333333
2	5	4	0.5
3	5	6	0.5
21	1	53	0.396226
3	4	7	0.428571
2	5	4	0.5
1	4	3	0.333333
8	4	11	0.727273
1	5	3	0.333333
0	5	3	0
1	5	5	0.2
25	2	31	0.806452
6	5	8	0.75
12	5	15	0.8
12	5	17	0.705882
15	3	24	0.625
39	1	81	0.481481
1	5	4	0.25
2	3	4	0.5
10	3	14	0.714286
2	5	5	0.4
1	5	3	0.333333
4	5	6	0.666667
1	4	3	0.333333
3	4	5	0.6
1	4	3	0.333333
0	4	0	0
2	4	4	0.5
1	5	3	0.333333
0	4	0	0
0	4	2	0
0	4	1	0
0	4	2	0
0	4	1	0
1	5	2	0.5
0	3	0	0
0	3	2	0
1	5	3	0.333333
1	5	2	0.5
1	5	2	0.5
0	4	2	0
1	5	3	0.333333
0	4	1	0
1	4	2	0.5
0	4	1	0
1	4	2	0.5
0	4	0	0
3	2	6	0.5
1	4	2	0.5
0	4	1	0
2	5	4	0.5
0	3	2	0
1	5	2	0.5
0	4	2	0
0	4	1	0
1	5	3	0.333333
0	5	1	0
0	5	1	0
0	5	1	0
0	3	1	0
1	5	2	0.5
2	4	3	0.666667
1	5	2	0.5
1	5	2	0.5
0	5	1	0
0	5	0	0
83	1	132	0.628788
5	4	9	0.555556
6	4	6	1
2	4	5	0.4
0	4	1	0
2	2	17	0.117647
0	5	2	0
11	2	24	0.458333
6	2	12	0.5
5	5	11	0.454545
10	5	13	0.769231
2	5	4	0.5
27	5	30	0.9
1	4	1	1
14	1	50	0.28
6	1	29	0.206897
3	5	4	0.75
12	5	13	0.923077
2	2	4	0.5
0	5	0	0
1	5	2	0.5
16	1	48	0.333333
4	5	5	0.8
0	4	0	0
1	5	1	1
2	5	2	1
0	5	1	0
4	5	4	1
7	4	7	1
3	5	3	1
4	5	5	0.8
1	5	3	0.333333
0	5	0	0
6	5	6	1
5	4	5	1
1	5	1	1
0	5	1	0
1	5	1	1
3	5	3	1
1	5	1	1
1	5	1	1
0	5	0	0
6	3	8	0.75
3	5	3	1
6	5	6	1
12	5	13	0.923077
2	4	2	1
0	5	0	0
30	2	49	0.612245
1	4	1	1
6	5	6	1
0	5	6	0
11	5	11	1
3	4	3	1
7	5	7	1
9	5	9	1
3	5	5	0.6
6	5	6	1
7	5	7	1
34	1	63	0.539683
29	4	30	0.966667
3	5	3	1
9	5	9	1
2	4	2	1
6	4	7	0.857143
5	5	6	0.833333
6	4	7	0.857143
1	5	3	0.333333
1	5	3	0.333333
12	2	23	0.521739
2	5	6	0.333333
11	5	13	0.846154
1	5	1	1
3	5	3	1
4	5	5	0.8
0	5	0	0
6	5	6	1
4	5	5	0.8
2	4	6	0.333333
1	5	2	0.5
5	5	5	1
5	4	9	0.555556
9	1	47	0.191489
3	5	3	1
2	5	2	1
0	5	0	0
8	5	9	0.888889
5	5	5	1
5	3	5	1
5	4	6	0.833333
2	5	3	0.666667
6	4	7	0.857143
1	5	2	0.5
0	3	0	0
1	4	1	1
3	4	8	0.375
2	5	2	1
0	5	0	0
1	5	3	0.333333
20	5	22	0.909091
345	5	379	0.91029
2	5	2	1
3	5	3	1
16	5	16	1
7	5	10	0.7
3	4	6	0.5
28	1	57	0.491228
0	4	0	0
0	5	0	0
2	5	2	1
2	5	4	0.5
13	4	15	0.866667
1	5	3	0.333333
0	5	2	0
5	5	6	0.833333
7	5	9	0.777778
13	1	31	0.419355
6	2	24	0.25
1	5	1	1
58	5	60	0.966667
0	5	1	0
3	5	4	0.75
5	4	6	0.833333
0	5	6	0
0	5	1	0
1	5	1	1
12	5	13	0.923077
7	4	7	1
0	4	2	0
8	5	8	1
0	4	1	0
1	5	2	0.5
0	4	0	0
10	5	13	0.769231
29	1	90	0.322222
5	5	5	1
23	5	25	0.92
17	5	20	0.85
18	3	25	0.72
3	5	10	0.3
18	5	23	0.782609
1	5	1	1
7	5	7	1
5	5	5	1
243	1	407	0.597052
7	2	10	0.7
10	2	25	0.4
1	5	6	0.166667
