11	5	30	0.366667
18	1	40	0.45
20	5	35	0.571429
20	1	48	0.416667
14	4	27	0.518519
12	2	22	0.545455
33	1	49	0.673469
25	1	40	0.625
14	1	26	0.538462
13	1	26	0.5
7	1	15	0.466667
9	5	21	0.428571
4	4	19	0.210526
20	1	34	0.588235
24	1	38	0.631579
6	5	19	0.315789
14	1	25	0.56
9	5	27	0.333333
22	2	34	0.647059
9	4	21	0.428571
5	4	17	0.294118
11	5	36	0.305556
23	1	34	0.676471
18	5	38	0.473684
11	5	27	0.407407
5	5	18	0.277778
35	1	50	0.7
28	1	42	0.666667
35	1	58	0.603448
29	1	57	0.508772
7	3	23	0.304348
26	1	53	0.490566
12	5	25	0.48
21	1	37	0.567568
14	3	21	0.666667
10	5	32	0.3125
30	5	48	0.625
21	1	41	0.512195
13	5	23	0.565217
11	5	46	0.23913
38	2	56	0.678571
41	1	69	0.594203
8	5	29	0.275862
29	1	49	0.591837
62	1	87	0.712644
20	1	43	0.465116
16	5	41	0.390244
19	1	34	0.558824
9	5	30	0.3
52	5	91	0.571429
21	1	37	0.567568
59	1	86	0.686047
7	5	28	0.25
50	2	69	0.724638
303	1	465	0.651613
26	1	52	0.5
13	5	34	0.382353
20	2	48	0.416667
40	1	59	0.677966
10	4	25	0.4
22	2	33	0.666667
17	1	29	0.586207
14	3	19	0.736842
5	3	13	0.384615
4	5	12	0.333333
10	5	21	0.47619
4	5	13	0.307692
20	1	50	0.4
41	1	75	0.546667
29	5	48	0.604167
22	1	77	0.285714
18	2	47	0.382979
25	2	46	0.543478
15	4	41	0.365854
35	1	68	0.514706
25	1	44	0.568182
11	1	32	0.34375
4	5	21	0.190476
11	2	22	0.5
33	1	57	0.578947
16	5	46	0.347826
8	5	34	0.235294
45	1	61	0.737705
11	2	24	0.458333
9	5	26	0.346154
8	5	21	0.380952
16	1	26	0.615385
7	4	19	0.368421
33	1	46	0.717391
12	1	22	0.545455
10	5	27	0.37037
5	5	25	0.2
21	1	36	0.583333
11	5	24	0.458333
14	5	21	0.666667
17	2	29	0.586207
14	5	23	0.608696
19	3	28	0.678571
10	5	19	0.526316
8	5	18	0.444444
6	3	10	0.6
14	1	24	0.583333
10	5	31	0.322581
16	1	31	0.516129
6	4	21	0.285714
11	5	19	0.578947
4	5	12	0.333333
13	1	28	0.464286
33	1	48	0.6875
8	5	30	0.266667
12	2	22	0.545455
11	3	23	0.478261
13	5	30	0.433333
9	5	18	0.5
6	5	12	0.5
13	5	27	0.481481
8	5	18	0.444444
5	3	7	0.714286
18	1	35	0.514286
16	1	31	0.516129
8	5	24	0.333333
20	5	48	0.416667
11	5	26	0.423077
9	5	18	0.5
16	1	28	0.571429
11	5	25	0.44
8	5	21	0.380952
41	1	71	0.577465
14	1	29	0.482759
11	4	24	0.458333
5	5	23	0.217391
13	5	28	0.464286
39	1	71	0.549296
27	1	44	0.613636
11	1	25	0.44
17	1	29	0.586207
16	2	27	0.592593
10	4	19	0.526316
5	5	13	0.384615
22	2	54	0.407407
30	1	60	0.5
14	4	24	0.583333
17	1	31	0.548387
18	5	32	0.5625
4	3	10	0.4
4	3	19	0.210526
9	5	21	0.428571
7	4	15	0.466667
23	1	36	0.638889
2	3	7	0.285714
7	4	14	0.5
18	1	33	0.545455
11	5	20	0.55
15	1	29	0.517241
18	5	31	0.580645
14	5	33	0.424242
27	1	46	0.586957
7	5	19	0.368421
6	4	12	0.5
15	5	32	0.46875
8	4	12	0.666667
9	5	18	0.5
8	5	25	0.32
13	5	28	0.464286
7	5	19	0.368421
6	5	12	0.5
5	4	10	0.5
15	1	53	0.283019
19	5	35	0.542857
25	5	33	0.757576
6	2	42	0.142857
4	5	8	0.5
4	5	8	0.5
3	5	10	0.3
7	5	13	0.538462
4	1	10	0.4
8	5	16	0.5
4	5	10	0.4
4	4	9	0.444444
3	5	6	0.5
10	5	17	0.588235
2	5	6	0.333333
4	5	9	0.444444
13	1	25	0.52
8	5	16	0.5
18	1	46	0.391304
25	1	63	0.396825
15	5	31	0.483871
8	5	17	0.470588
9	5	17	0.529412
29	1	59	0.491525
14	3	23	0.608696
25	1	39	0.641026
9	5	17	0.529412
11	1	22	0.5
16	1	25	0.64
7	5	14	0.5
13	1	23	0.565217
5	5	6	0.833333
10	1	18	0.555556
7	4	8	0.875
15	2	26	0.576923
8	5	12	0.666667
6	5	7	0.857143
34	1	74	0.459459
5	5	8	0.625
6	5	10	0.6
7	5	10	0.7
3	5	6	0.5
4	5	6	0.666667
8	1	14	0.571429
11	5	16	0.6875
5	4	20	0.25
5	5	13	0.384615
17	1	30	0.566667
5	3	12	0.416667
5	5	14	0.357143
6	4	13	0.461538
11	1	20	0.55
3	3	8	0.375
6	5	11	0.545455
11	5	19	0.578947
9	5	16	0.5625
16	1	33	0.484848
4	5	11	0.363636
5	5	9	0.555556
5	3	11	0.454545
7	5	12	0.583333
4	5	8	0.5
14	1	29	0.482759
4	5	11	0.363636
10	3	15	0.666667
12	1	34	0.352941
12	1	24	0.5
25	1	42	0.595238
5	5	11	0.454545
17	1	35	0.485714
4	5	9	0.444444
8	5	14	0.571429
3	5	7	0.428571
2	5	8	0.25
8	1	18	0.444444
4	5	8	0.5
5	4	9	0.555556
20	1	32	0.625
15	2	25	0.6
7	5	12	0.583333
6	5	14	0.428571
8	1	30	0.266667
8	1	18	0.444444
3	5	5	0.6
3	5	6	0.5
80	1	176	0.454545
10	5	22	0.454545
8	1	18	0.444444
5	5	15	0.333333
6	1	18	0.333333
4	1	13	0.307692
1	5	3	0.333333
4	1	13	0.307692
15	5	36	0.416667
43	1	79	0.544304
17	1	40	0.425
43	5	95	0.452632
3	5	8	0.375
33	1	96	0.34375
27	1	61	0.442623
8	5	23	0.347826
10	2	50	0.2
9	5	18	0.5
74	1	139	0.532374
12	5	24	0.5
12	5	21	0.571429
16	5	32	0.5
11	5	30	0.366667
39	1	67	0.58209
6	4	19	0.315789
5	5	13	0.384615
8	5	17	0.470588
7	5	28	0.25
9	5	16	0.5625
7	5	18	0.388889
5	5	13	0.384615
5	5	18	0.277778
3	5	10	0.3
4	5	7	0.571429
25	1	45	0.555556
4	5	13	0.307692
4	5	10	0.4
36	1	64	0.5625
5	5	13	0.384615
3	5	9	0.333333
5	5	10	0.5
5	5	13	0.384615
6	5	8	0.75
3	5	6	0.5
7	3	11	0.636364
21	1	47	0.446809
27	5	48	0.5625
22	1	42	0.52381
8	5	13	0.615385
3	4	4	0.75
3	5	8	0.375
11	1	20	0.55
13	4	24	0.541667
13	1	30	0.433333
3	5	4	0.75
13	1	24	0.541667
4	5	18	0.222222
3	5	5	0.6
230	1	538	0.427509
35	1	51	0.686275
6	5	17	0.352941
3	3	36	0.0833333
15	1	30	0.5
26	1	75	0.346667
3	5	10	0.3
13	1	26	0.5
5	5	15	0.333333
3	5	8	0.375
17	1	70	0.242857
13	1	36	0.361111
14	1	34	0.411765
3	5	9	0.333333
10	5	17	0.588235
15	5	24	0.625
15	1	119	0.12605
6	5	9	0.666667
57	5	76	0.75
13	4	17	0.764706
10	5	16	0.625
37	5	49	0.755102
1	5	12	0.0833333
19	1	69	0.275362
24	5	33	0.727273
7	5	11	0.636364
17	5	24	0.708333
10	2	22	0.454545
10	5	13	0.769231
11	4	15	0.733333
12	1	40	0.3
10	5	12	0.833333
11	1	36	0.305556
16	5	25	0.64
18	1	39	0.461538
13	5	21	0.619048
12	5	26	0.461538
14	5	19	0.736842
16	5	36	0.444444
71	5	111	0.63964
13	5	17	0.764706
15	5	20	0.75
15	1	40	0.375
9	5	16	0.5625
16	5	21	0.761905
27	5	35	0.771429
11	5	17	0.647059
10	5	17	0.588235
13	1	34	0.382353
15	5	21	0.714286
28	5	66	0.424242
10	1	25	0.4
10	5	19	0.526316
11	5	15	0.733333
5	1	21	0.238095
9	4	15	0.6
8	1	28	0.285714
13	5	17	0.764706
8	5	14	0.571429
4	5	8	0.5
6	1	22	0.272727
9	1	22	0.409091
74	5	211	0.350711
16	4	22	0.727273
8	1	19	0.421053
7	5	12	0.583333
9	4	14	0.642857
17	5	41	0.414634
5	5	12	0.416667
4	2	14	0.285714
6	4	9	0.666667
3	2	19	0.157895
4	5	8	0.5
2	5	2	1
13	1	26	0.5
3	1	18	0.166667
7	5	8	0.875
10	1	28	0.357143
3	1	5	0.6
2	5	2	1
9	1	29	0.310345
7	5	8	0.875
6	1	24	0.25
5	5	9	0.555556
7	5	8	0.875
5	5	8	0.625
3	4	4	0.75
7	5	10	0.7
8	1	22	0.363636
8	5	10	0.8
16	1	34	0.470588
8	1	26	0.307692
1	3	9	0.111111
6	5	10	0.6
4	5	5	0.8
11	4	13	0.846154
2	5	4	0.5
13	1	29	0.448276
7	5	10	0.7
3	1	12	0.25
8	5	10	0.8
4	1	18	0.222222
2	1	4	0.5
9	1	22	0.409091
2	1	6	0.333333
6	5	7	0.857143
5	1	16	0.3125
0	4	2	0
10	5	12	0.833333
6	1	23	0.26087
2	1	19	0.105263
4	1	14	0.285714
3	5	3	1
9	1	18	0.5
9	5	12	0.75
2	5	4	0.5
1	1	4	0.25
5	5	7	0.714286
5	1	9	0.555556
11	1	20	0.55
7	5	10	0.7
7	1	18	0.388889
4	5	4	1
3	5	4	0.75
7	4	9	0.777778
3	1	12	0.25
3	5	4	0.75
4	1	18	0.222222
4	5	5	0.8
10	5	13	0.769231
8	5	12	0.666667
5	5	9	0.555556
3	5	3	1
6	5	8	0.75
5	5	6	0.833333
3	1	15	0.2
6	5	7	0.857143
7	5	11	0.636364
2	5	10	0.2
1	1	4	0.25
3	5	3	1
5	5	7	0.714286
10	1	26	0.384615
5	5	8	0.625
1	1	6	0.166667
6	5	9	0.666667
6	5	10	0.6
6	5	12	0.5
16	5	23	0.695652
9	1	17	0.529412
5	5	8	0.625
11	5	14	0.785714
20	5	27	0.740741
12	1	20	0.6
5	5	9	0.555556
5	5	10	0.5
4	5	6	0.666667
8	1	12	0.666667
6	5	10	0.6
5	5	9	0.555556
7	1	12	0.583333
2	4	4	0.5
10	5	17	0.588235
6	5	11	0.545455
14	1	21	0.666667
4	5	9	0.444444
10	1	19	0.526316
14	1	31	0.451613
5	5	7	0.714286
5	5	15	0.333333
5	1	16	0.3125
12	1	22	0.545455
8	5	12	0.666667
6	5	13	0.461538
6	5	9	0.666667
6	5	14	0.428571
5	5	8	0.625
7	5	11	0.636364
7	5	10	0.7
16	5	24	0.666667
6	5	6	1
5	5	6	0.833333
5	5	6	0.833333
9	1	16	0.5625
17	5	24	0.708333
7	5	13	0.538462
7	5	10	0.7
7	5	15	0.466667
19	1	30	0.633333
7	5	11	0.636364
4	1	7	0.571429
8	5	18	0.444444
10	5	15	0.666667
1	5	2	0.5
5	1	11	0.454545
4	5	6	0.666667
15	1	27	0.555556
6	5	8	0.75
6	1	18	0.333333
2	5	6	0.333333
9	5	12	0.75
13	5	16	0.8125
7	1	15	0.466667
11	1	24	0.458333
9	5	13	0.692308
8	5	13	0.615385
6	1	26	0.230769
7	5	10	0.7
12	5	15	0.8
12	5	16	0.75
21	1	37	0.567568
9	5	14	0.642857
8	5	10	0.8
10	5	13	0.769231
13	5	16	0.8125
4	2	17	0.235294
6	5	10	0.6
9	5	11	0.818182
3	5	4	0.75
9	5	14	0.642857
5	1	25	0.2
10	5	12	0.833333
8	5	11	0.727273
6	5	9	0.666667
13	4	19	0.684211
9	5	11	0.818182
9	5	12	0.75
4	1	14	0.285714
8	5	10	0.8
13	5	17	0.764706
4	5	5	0.8
4	5	6	0.666667
5	5	8	0.625
1	5	3	0.333333
6	1	21	0.285714
11	4	13	0.846154
8	5	10	0.8
7	5	11	0.636364
10	1	26	0.384615
11	5	16	0.6875
3	1	12	0.25
4	5	6	0.666667
7	5	9	0.777778
8	5	9	0.888889
13	5	17	0.764706
5	1	26	0.192308
6	4	8	0.75
10	5	16	0.625
7	5	9	0.777778
5	1	16	0.3125
5	1	14	0.357143
6	1	21	0.285714
7	2	13	0.538462
7	1	12	0.583333
6	1	24	0.25
6	1	16	0.375
7	5	8	0.875
7	1	16	0.4375
7	5	9	0.777778
3	5	4	0.75
2	1	4	0.5
9	5	11	0.818182
15	5	19	0.789474
4	5	8	0.5
4	1	15	0.266667
8	1	26	0.307692
3	1	25	0.12
10	1	21	0.47619
8	5	13	0.615385
1	2	3	0.333333
10	5	12	0.833333
3	5	5	0.6
1	5	13	0.0769231
3	5	4	0.75
9	5	11	0.818182
12	5	25	0.48
5	3	8	0.625
6	1	16	0.375
11	1	23	0.478261
5	2	17	0.294118
11	5	14	0.785714
7	5	11	0.636364
4	5	6	0.666667
9	5	11	0.818182
13	5	16	0.8125
8	5	10	0.8
7	1	31	0.225806
1	2	2	0.5
7	5	10	0.7
8	1	12	0.666667
6	1	22	0.272727
9	5	14	0.642857
4	1	20	0.2
5	5	7	0.714286
11	5	16	0.6875
3	5	6	0.5
8	5	11	0.727273
11	5	15	0.733333
2	1	4	0.5
7	1	17	0.411765
7	1	17	0.411765
9	5	12	0.75
2	5	3	0.666667
4	5	7	0.571429
2	5	2	1
8	5	11	0.727273
12	5	15	0.8
4	1	12	0.333333
2	4	2	1
4	1	18	0.222222
7	4	9	0.777778
8	5	13	0.615385
6	5	8	0.75
7	5	8	0.875
1	4	3	0.333333
9	5	11	0.818182
8	5	10	0.8
11	5	14	0.785714
8	5	10	0.8
12	5	14	0.857143
8	5	13	0.615385
2	5	6	0.333333
4	1	15	0.266667
8	5	11	0.727273
6	5	8	0.75
7	5	12	0.583333
3	5	7	0.428571
5	5	7	0.714286
9	1	24	0.375
8	1	23	0.347826
13	5	17	0.764706
6	5	10	0.6
15	5	19	0.789474
6	1	14	0.428571
0	5	1	0
1	1	2	0.5
10	1	37	0.27027
17	5	22	0.772727
7	2	21	0.333333
1	5	3	0.333333
5	5	7	0.714286
3	5	4	0.75
0	5	0	0
6	5	9	0.666667
1	5	2	0.5
11	5	15	0.733333
6	1	17	0.352941
12	5	19	0.631579
5	5	8	0.625
3	5	6	0.5
9	5	13	0.692308
11	5	14	0.785714
4	1	6	0.666667
2	5	4	0.5
2	5	5	0.4
6	1	27	0.222222
7	1	34	0.205882
3	5	4	0.75
9	5	11	0.818182
3	5	6	0.5
9	5	12	0.75
5	1	16	0.3125
9	5	11	0.818182
10	5	16	0.625
7	1	36	0.194444
6	5	7	0.857143
4	1	15	0.266667
5	1	21	0.238095
13	4	18	0.722222
4	5	7	0.571429
14	5	18	0.777778
10	5	18	0.555556
8	1	19	0.421053
10	5	17	0.588235
16	5	22	0.727273
1	5	6	0.166667
5	5	9	0.555556
8	4	9	0.888889
0	5	0	0
11	4	13	0.846154
10	5	12	0.833333
9	5	14	0.642857
6	5	10	0.6
4	5	7	0.571429
4	5	9	0.444444
7	5	8	0.875
10	5	14	0.714286
3	1	5	0.6
11	1	35	0.314286
6	5	8	0.75
4	1	21	0.190476
4	5	5	0.8
5	5	6	0.833333
2	3	12	0.166667
3	5	5	0.6
7	5	10	0.7
3	5	6	0.5
6	5	8	0.75
4	3	6	0.666667
11	1	91	0.120879
7	1	29	0.241379
3	5	6	0.5
1	1	9	0.111111
0	5	0	0
4	4	7	0.571429
10	1	33	0.30303
5	5	6	0.833333
7	1	29	0.241379
2	5	4	0.5
4	5	10	0.4
0	4	0	0
0	5	0	0
4	5	8	0.5
8	1	20	0.4
2	5	4	0.5
3	5	6	0.5
3	4	13	0.230769
3	5	4	0.75
4	4	6	0.666667
5	5	6	0.833333
3	1	34	0.0882353
4	5	7	0.571429
4	1	32	0.125
31	5	66	0.469697
11	5	14	0.785714
4	5	6	0.666667
2	5	4	0.5
2	5	2	1
9	4	11	0.818182
3	5	5	0.6
4	4	5	0.8
3	5	7	0.428571
8	5	10	0.8
4	5	6	0.666667
9	5	11	0.818182
5	4	5	1
4	4	7	0.571429
3	5	5	0.6
26	5	34	0.764706
3	5	4	0.75
4	5	6	0.666667
3	5	5	0.6
10	1	31	0.322581
2	5	4	0.5
11	5	14	0.785714
5	5	6	0.833333
5	5	7	0.714286
7	1	22	0.318182
4	5	5	0.8
4	5	5	0.8
4	5	7	0.571429
3	5	5	0.6
0	5	0	0
4	5	6	0.666667
9	5	11	0.818182
6	5	9	0.666667
10	5	15	0.666667
10	5	17	0.588235
0	5	1	0
10	5	18	0.555556
15	5	21	0.714286
4	1	7	0.571429
15	1	34	0.441176
13	1	28	0.464286
5	5	8	0.625
11	1	25	0.44
13	5	18	0.722222
4	5	9	0.444444
20	5	26	0.769231
6	5	9	0.666667
10	5	14	0.714286
8	5	10	0.8
6	1	10	0.6
16	1	27	0.592593
9	5	16	0.5625
5	5	6	0.833333
10	5	18	0.555556
10	5	12	0.833333
9	1	29	0.310345
5	5	8	0.625
0	5	0	0
11	5	15	0.733333
9	1	34	0.264706
8	5	12	0.666667
7	5	12	0.583333
9	1	29	0.310345
9	1	24	0.375
10	5	17	0.588235
8	5	13	0.615385
10	5	14	0.714286
4	1	19	0.210526
9	5	11	0.818182
9	1	33	0.272727
13	1	27	0.481481
10	5	16	0.625
7	5	13	0.538462
8	5	16	0.5
9	1	30	0.3
15	1	32	0.46875
10	5	13	0.769231
1	5	2	0.5
3	4	3	1
6	5	9	0.666667
8	5	18	0.444444
12	5	15	0.8
10	1	30	0.333333
7	5	18	0.388889
1	5	1	1
5	5	6	0.833333
8	1	20	0.4
1	5	1	1
2	5	3	0.666667
11	5	14	0.785714
17	1	37	0.459459
19	5	24	0.791667
5	1	18	0.277778
6	1	22	0.272727
5	5	6	0.833333
18	5	23	0.782609
5	1	20	0.25
12	5	14	0.857143
3	1	5	0.6
3	1	12	0.25
13	5	19	0.684211
12	2	33	0.363636
15	1	36	0.416667
13	5	16	0.8125
16	5	23	0.695652
6	5	8	0.75
4	1	17	0.235294
21	5	27	0.777778
21	1	45	0.466667
21	5	27	0.777778
17	5	22	0.772727
11	1	28	0.392857
13	5	16	0.8125
31	5	41	0.756098
13	5	16	0.8125
20	5	26	0.769231
7	1	26	0.269231
12	5	18	0.666667
9	1	29	0.310345
9	5	11	0.818182
13	4	16	0.8125
10	4	17	0.588235
12	5	18	0.666667
11	1	32	0.34375
27	5	35	0.771429
3	1	5	0.6
7	1	25	0.28
17	5	22	0.772727
6	1	21	0.285714
19	1	49	0.387755
10	1	29	0.344828
20	5	26	0.769231
11	5	16	0.6875
15	5	19	0.789474
7	1	22	0.318182
12	4	18	0.666667
11	5	14	0.785714
6	1	29	0.206897
18	5	24	0.75
15	5	22	0.681818
7	1	23	0.304348
6	5	9	0.666667
10	5	12	0.833333
15	1	41	0.365854
10	1	23	0.434783
9	1	32	0.28125
11	1	25	0.44
14	5	18	0.777778
14	5	18	0.777778
3	1	4	0.75
14	5	21	0.666667
6	5	7	0.857143
18	5	25	0.72
26	5	34	0.764706
9	5	11	0.818182
1	4	1	1
9	5	10	0.9
14	5	19	0.736842
12	5	15	0.8
2	5	2	1
13	5	18	0.722222
12	5	16	0.75
10	5	12	0.833333
3	1	6	0.5
8	1	42	0.190476
12	5	15	0.8
17	5	24	0.708333
19	5	27	0.703704
13	5	18	0.722222
9	1	56	0.160714
16	5	20	0.8
11	5	15	0.733333
23	5	30	0.766667
7	5	8	0.875
13	5	17	0.764706
21	5	30	0.7
9	5	11	0.818182
14	5	18	0.777778
2	1	4	0.5
12	5	15	0.8
9	4	14	0.642857
4	5	6	0.666667
1	1	2	0.5
11	5	17	0.647059
16	5	21	0.761905
9	5	11	0.818182
8	1	34	0.235294
11	5	14	0.785714
16	5	20	0.8
8	5	11	0.727273
13	5	17	0.764706
11	5	20	0.55
13	1	54	0.240741
7	1	31	0.225806
24	5	31	0.774194
10	5	12	0.833333
2	5	3	0.666667
11	5	16	0.6875
18	5	23	0.782609
14	1	74	0.189189
9	5	11	0.818182
15	5	22	0.681818
12	5	15	0.8
12	5	15	0.8
11	5	17	0.647059
8	5	15	0.533333
19	5	24	0.791667
8	5	11	0.727273
12	5	15	0.8
2	1	4	0.5
15	5	23	0.652174
2	5	3	0.666667
1	5	2	0.5
8	5	19	0.421053
26	5	34	0.764706
12	5	15	0.8
14	5	18	0.777778
9	5	11	0.818182
17	5	27	0.62963
16	5	23	0.695652
15	5	21	0.714286
20	5	27	0.740741
17	5	24	0.708333
10	5	21	0.47619
17	5	26	0.653846
16	5	22	0.727273
18	1	51	0.352941
7	5	12	0.583333
486	5	1806	0.269103
9	5	13	0.692308
6	5	9	0.666667
6	5	11	0.545455
8	5	12	0.666667
14	5	20	0.7
12	5	15	0.8
3	5	7	0.428571
1	5	2	0.5
24	5	32	0.75
21	5	32	0.65625
19	5	25	0.76
8	5	10	0.8
14	5	22	0.636364
4	5	6	0.666667
14	5	20	0.7
16	5	21	0.761905
20	5	28	0.714286
13	1	46	0.282609
13	1	60	0.216667
6	5	11	0.545455
24	5	33	0.727273
19	5	27	0.703704
11	5	22	0.5
27	5	37	0.72973
12	1	54	0.222222
25	5	34	0.735294
1	5	1	1
8	5	14	0.571429
1	1	3	0.333333
8	5	41	0.195122
11	4	14	0.785714
10	5	14	0.714286
6	5	9	0.666667
5	5	10	0.5
13	1	66	0.19697
1	1	3	0.333333
13	4	17	0.764706
10	5	12	0.833333
9	5	13	0.692308
5	5	8	0.625
1	5	27	0.037037
4	5	8	0.5
17	5	23	0.73913
14	5	20	0.7
11	5	20	0.55
23	5	32	0.71875
10	5	16	0.625
19	5	27	0.703704
31	5	42	0.738095
22	1	90	0.244444
13	4	21	0.619048
15	5	20	0.75
21	5	28	0.75
5	5	15	0.333333
29	5	39	0.74359
17	5	22	0.772727
14	5	22	0.636364
7	5	12	0.583333
8	5	14	0.571429
27	5	36	0.75
24	5	34	0.705882
13	5	16	0.8125
15	5	19	0.789474
16	1	53	0.301887
19	5	26	0.730769
15	1	49	0.306122
2	5	3	0.666667
12	5	18	0.666667
5	5	10	0.5
4	5	5	0.8
2	1	5	0.4
10	1	40	0.25
21	1	103	0.203883
10	1	32	0.3125
4	5	7	0.571429
5	4	7	0.714286
6	5	9	0.666667
15	2	67	0.223881
18	5	29	0.62069
26	5	34	0.764706
10	5	12	0.833333
6	3	47	0.12766
8	5	11	0.727273
11	1	72	0.152778
4	5	8	0.5
40	5	54	0.740741
10	4	14	0.714286
9	4	11	0.818182
6	5	9	0.666667
21	1	111	0.189189
9	5	11	0.818182
18	5	24	0.75
1	2	8	0.125
3	5	4	0.75
9	1	45	0.2
4	5	6	0.666667
3	5	5	0.6
5	5	7	0.714286
5	5	8	0.625
4	3	5	0.8
10	5	13	0.769231
6	5	9	0.666667
10	1	51	0.196078
2	5	4	0.5
4	5	7	0.571429
12	1	34	0.352941
916	5	1440	0.636111
16	5	20	0.8
12	1	43	0.27907
2	5	2	1
32	5	42	0.761905
4	5	5	0.8
8	1	14	0.571429
14	1	75	0.186667
7	5	11	0.636364
3	4	4	0.75
17	5	22	0.772727
18	5	25	0.72
14	5	19	0.736842
16	5	22	0.727273
15	5	22	0.681818
6	5	9	0.666667
3	3	8	0.375
12	5	15	0.8
10	5	12	0.833333
7	1	40	0.175
8	2	34	0.235294
13	5	17	0.764706
5	1	11	0.454545
2	5	2	1
2	5	2	1
52	5	79	0.658228
19	4	24	0.791667
4	5	5	0.8
12	5	17	0.705882
7	4	8	0.875
5	5	8	0.625
18	5	23	0.782609
10	5	15	0.666667
9	1	20	0.45
9	1	41	0.219512
10	1	57	0.175439
12	4	18	0.666667
4	5	6	0.666667
12	5	16	0.75
9	5	12	0.75
37	5	49	0.755102
30	5	40	0.75
4	5	7	0.571429
9	5	12	0.75
7	5	8	0.875
3	5	5	0.6
7	5	10	0.7
9	5	15	0.6
17	5	25	0.68
3	5	4	0.75
7	5	9	0.777778
20	5	27	0.740741
12	5	16	0.75
7	5	11	0.636364
5	4	6	0.833333
3	5	5	0.6
7	5	9	0.777778
5	5	8	0.625
4	5	6	0.666667
4	5	7	0.571429
5	5	8	0.625
3	5	5	0.6
3	5	5	0.6
1	1	9	0.111111
6	5	8	0.75
8	5	10	0.8
11	5	14	0.785714
4	5	6	0.666667
4	5	8	0.5
9	5	12	0.75
11	5	14	0.785714
9	5	11	0.818182
4	5	7	0.571429
7	3	10	0.7
2	5	3	0.666667
11	5	14	0.785714
15	5	19	0.789474
9	1	43	0.209302
20	5	25	0.8
11	5	17	0.647059
11	5	15	0.733333
14	5	18	0.777778
18	5	24	0.75
21	5	27	0.777778
21	5	27	0.777778
9	5	13	0.692308
16	5	20	0.8
14	5	18	0.777778
10	1	51	0.196078
11	5	14	0.785714
8	1	50	0.16
8	1	41	0.195122
11	1	71	0.15493
8	1	54	0.148148
16	5	22	0.727273
11	5	14	0.785714
24	5	32	0.75
14	5	18	0.777778
16	5	21	0.761905
18	5	23	0.782609
14	5	19	0.736842
0	1	6	0
27	4	35	0.771429
9	5	16	0.5625
25	5	33	0.757576
16	5	26	0.615385
19	5	28	0.678571
15	4	19	0.789474
16	4	20	0.8
10	1	54	0.185185
11	5	14	0.785714
9	1	46	0.195652
19	5	24	0.791667
10	1	41	0.243902
12	5	16	0.75
19	5	26	0.730769
17	1	63	0.269841
27	3	35	0.771429
16	5	21	0.761905
14	5	23	0.608696
23	5	29	0.793103
17	5	22	0.772727
24	5	32	0.75
12	1	65	0.184615
10	5	13	0.769231
14	5	18	0.777778
8	5	10	0.8
5	5	7	0.714286
5	1	37	0.135135
15	5	19	0.789474
9	5	11	0.818182
19	5	27	0.703704
2	1	33	0.0606061
13	5	22	0.590909
8	5	10	0.8
13	5	17	0.764706
17	5	22	0.772727
12	5	15	0.8
16	3	20	0.8
10	5	12	0.833333
14	5	18	0.777778
10	5	13	0.769231
6	5	7	0.857143
15	1	68	0.220588
1	1	20	0.05
10	1	57	0.175439
7	5	14	0.5
12	5	15	0.8
10	1	32	0.3125
4	1	44	0.0909091
14	5	18	0.777778
19	5	27	0.703704
13	5	16	0.8125
5	1	33	0.151515
4	1	40	0.1
5	5	7	0.714286
9	5	13	0.692308
11	5	13	0.846154
15	1	103	0.145631
11	5	14	0.785714
12	5	15	0.8
18	5	24	0.75
12	5	15	0.8
16	5	21	0.761905
7	5	10	0.7
10	5	12	0.833333
8	5	10	0.8
15	5	19	0.789474
9	5	12	0.75
14	5	17	0.823529
17	5	22	0.772727
26	5	36	0.722222
1	1	9	0.111111
17	5	22	0.772727
13	5	17	0.764706
20	5	26	0.769231
12	5	15	0.8
8	1	42	0.190476
15	5	19	0.789474
14	5	18	0.777778
5	5	6	0.833333
2	1	12	0.166667
13	1	43	0.302326
9	5	13	0.692308
10	5	14	0.714286
17	5	22	0.772727
14	1	80	0.175
11	5	14	0.785714
11	5	13	0.846154
8	5	10	0.8
34	5	49	0.693878
15	5	20	0.75
13	5	16	0.8125
13	5	22	0.590909
21	5	27	0.777778
9	5	11	0.818182
4	1	34	0.117647
15	4	19	0.789474
13	5	16	0.8125
2	1	33	0.0606061
27	5	38	0.710526
9	5	12	0.75
5	5	7	0.714286
2	1	26	0.0769231
20	1	68	0.294118
12	1	100	0.12
11	5	14	0.785714
7	5	17	0.411765
14	5	18	0.777778
7	1	88	0.0795455
4	1	29	0.137931
10	5	12	0.833333
2	1	34	0.0588235
16	5	20	0.8
5	5	6	0.833333
18	5	24	0.75
12	5	19	0.631579
9	1	45	0.2
4	1	30	0.133333
30	5	41	0.731707
18	5	23	0.782609
4	1	30	0.133333
6	2	46	0.130435
21	5	29	0.724138
4	1	27	0.148148
4	1	44	0.0909091
21	4	29	0.724138
11	5	14	0.785714
12	1	45	0.266667
7	1	50	0.14
12	5	15	0.8
12	1	45	0.266667
17	1	51	0.333333
15	5	19	0.789474
14	5	20	0.7
18	5	23	0.782609
13	1	43	0.302326
16	5	25	0.64
12	5	16	0.75
25	5	39	0.641026
8	2	24	0.333333
7	5	10	0.7
17	5	22	0.772727
8	5	11	0.727273
18	1	53	0.339623
9	2	32	0.28125
10	5	17	0.588235
9	1	45	0.2
3	2	29	0.103448
12	5	19	0.631579
7	5	12	0.583333
15	5	20	0.75
14	5	17	0.823529
4	1	32	0.125
16	5	20	0.8
9	1	35	0.257143
2	1	30	0.0666667
2	1	34	0.0588235
14	1	49	0.285714
0	1	15	0
3	1	35	0.0857143
17	5	22	0.772727
12	1	42	0.285714
15	5	19	0.789474
11	5	13	0.846154
14	5	18	0.777778
23	5	29	0.793103
13	5	14	0.928571
16	5	20	0.8
11	5	14	0.785714
2	1	29	0.0689655
4	1	31	0.129032
13	5	17	0.764706
26	5	36	0.722222
14	5	17	0.823529
14	5	17	0.823529
10	5	14	0.714286
9	5	11	0.818182
10	5	13	0.769231
17	5	22	0.772727
11	5	14	0.785714
14	5	17	0.823529
11	1	36	0.305556
10	5	15	0.666667
17	5	22	0.772727
15	5	19	0.789474
13	5	16	0.8125
14	5	18	0.777778
4	5	6	0.666667
17	5	22	0.772727
16	5	21	0.761905
11	5	14	0.785714
15	5	19	0.789474
6	1	32	0.1875
12	5	15	0.8
11	1	50	0.22
11	5	14	0.785714
13	5	17	0.764706
5	5	6	0.833333
14	5	18	0.777778
14	5	20	0.7
29	5	38	0.763158
29	5	38	0.763158
14	5	17	0.823529
17	5	23	0.73913
6	1	32	0.1875
9	5	13	0.692308
9	1	38	0.236842
18	5	24	0.75
12	5	15	0.8
14	5	17	0.823529
19	5	25	0.76
10	1	49	0.204082
13	5	16	0.8125
19	5	25	0.76
13	5	16	0.8125
15	1	68	0.220588
12	5	15	0.8
25	5	34	0.735294
40	5	74	0.540541
32	5	42	0.761905
15	5	18	0.833333
13	5	26	0.5
7	1	38	0.184211
6	1	34	0.176471
8	5	11	0.727273
10	5	12	0.833333
17	5	22	0.772727
4	2	27	0.148148
15	4	19	0.789474
18	5	23	0.782609
19	5	24	0.791667
8	5	8	1
19	5	24	0.791667
17	5	20	0.85
14	5	17	0.823529
3	1	39	0.0769231
12	5	15	0.8
23	5	32	0.71875
23	5	30	0.766667
12	5	15	0.8
8	5	12	0.666667
13	5	18	0.722222
13	5	16	0.8125
15	5	21	0.714286
9	1	47	0.191489
16	5	21	0.761905
13	5	15	0.866667
10	5	12	0.833333
15	5	19	0.789474
16	5	21	0.761905
17	1	68	0.25
20	5	26	0.769231
7	4	22	0.318182
11	1	54	0.203704
20	5	25	0.8
8	5	10	0.8
16	5	21	0.761905
1	3	23	0.0434783
25	5	35	0.714286
26	4	31	0.83871
7	1	52	0.134615
9	5	11	0.818182
10	5	12	0.833333
13	5	17	0.764706
35	5	46	0.76087
30	5	39	0.769231
9	1	54	0.166667
16	5	20	0.8
12	5	15	0.8
10	1	56	0.178571
2	1	16	0.125
15	5	19	0.789474
3	1	19	0.157895
6	1	54	0.111111
26	5	34	0.764706
22	5	40	0.55
22	5	29	0.758621
13	5	16	0.8125
7	1	48	0.145833
20	1	105	0.190476
5	1	71	0.0704225
2	1	23	0.0869565
28	5	36	0.777778
15	4	19	0.789474
6	1	41	0.146341
32	5	44	0.727273
17	5	22	0.772727
10	5	14	0.714286
37	5	49	0.755102
19	5	24	0.791667
8	5	12	0.666667
8	5	12	0.666667
16	5	23	0.695652
24	5	31	0.774194
21	5	30	0.7
19	5	24	0.791667
44	5	71	0.619718
4	1	44	0.0909091
12	1	124	0.0967742
13	5	17	0.764706
10	5	14	0.714286
3	1	23	0.130435
22	5	28	0.785714
31	5	42	0.738095
19	1	147	0.129252
22	5	28	0.785714
9	1	61	0.147541
13	5	17	0.764706
17	5	22	0.772727
5	1	35	0.142857
52	5	78	0.666667
8	1	56	0.142857
35	5	47	0.744681
16	5	21	0.761905
28	5	36	0.777778
2	2	19	0.105263
27	5	35	0.771429
15	5	19	0.789474
29	1	160	0.18125
14	5	19	0.736842
13	4	17	0.764706
25	5	33	0.757576
21	5	27	0.777778
12	5	16	0.75
5	1	21	0.238095
41	5	54	0.759259
23	1	106	0.216981
33	5	43	0.767442
