18 1
11 2
13 5
9 4
2 4
5 4
17 1
3 5
16 1
22 1
22 1
5 2
7 5
11 3
4 3
10 2
0 3
5 5
7 4
3 1
4 2
14 1
11 2
11 3
7 5
10 1
4 4
1 3
5 5
8 2
9 5
12 1
5 3
10 1
13 1
10 2
12 4
10 1
24 1
16 1
3 4
12 1
7 3
5 4
14 1
13 1
14 1
5 5
10 1
18 1
16 2
15 1
4 4
3 3
11 5
10 5
1 4
0 1
5 5
6 5
8 5
16 1
9 4
4 4
6 5
13 1
9 3
8 4
7 2
1 4
6 5
8 1
8 5
24 1
2 5
10 2
4 3
4 5
5 5
4 3
5 4
1 5
3 3
8 1
1 3
1 5
9 1
29 1
2 5
3 5
3 2
2 3
2 3
3 4
6 5
1 2
2 5
2 3
10 2
10 1
2 4
3 4
2 4
1 5
10 1
3 5
1 4
14 1
2 5
4 5
7 1
6 5
10 1
15 1
7 5
8 3
6 5
16 1
7 5
9 1
7 5
8 3
1 1
8 3
1 4
15 1
18 1
16 1
6 1
8 4
15 1
3 1
13 1
6 5
3 5
5 2
10 3
5 2
8 4
10 5
10 5
2 4
13 5
18 1
4 5
7 4
2 4
1 5
3 4
12 1
15 1
4 5
15 1
17 1
11 4
17 1
18 2
28 5
18 5
6 4
7 4
10 5
16 5
9 4
4 5
6 5
1 5
6 5
12 1
5 2
3 3
17 4
13 5
7 1
7 5
8 1
5 4
2 2
4 1
15 5
1 5
6 4
6 5
8 2
4 5
8 5
11 3
7 5
13 5
12 5
13 4
6 5
4 5
2 5
6 4
3 4
7 1
6 1
4 5
2 4
6 5
4 5
14 4
11 1
3 3
8 4
6 5
6 4
4 5
4 5
5 5
4 5
5 5
12 1
8 1
3 5
2 2
11 1
7 1
7 5
29 5
3 4
4 5
2 4
6 4
3 4
12 3
1 5
5 5
8 5
14 1
8 3
5 4
6 5
5 5
6 4
3 4
6 5
9 4
31 1
3 4
6 5
6 3
0 3
5 4
4 4
5 5
5 5
3 5
3 5
0 3
38 1
22 5
6 4
101 1
3 4
16 4
17 1
11 1
6 5
8 5
10 2
2 4
2 3
7 5
8 4
6 4
11 3
100 1
6 4
0 5
6 5
25 1
2 5
3 5
14 1
9 5
6 5
10 5
29 1
16 2
23 1
11 1
14 1
11 5
3 4
28 5
1 2
1 5
2 5
9 5
4 5
6 5
21 3
6 5
14 1
3 4
14 1
8 3
16 1
34 1
3 5
0 1
7 5
30 1
27 1
35 1
17 2
48 1
10 5
10 5
81 1
10 1
6 4
18 1
21 1
29 1
6 5
5 2
6 5
3 3
5 5
3 5
10 5
6 1
4 5
1 3
7 5
3 4
4 5
15 2
15 1
17 1
2 3
38 2
13 2
39 1
21 1
9 5
14 5
5 3
13 1
7 5
29 4
14 1
21 1
4 5
21 1
4 5
1 5
23 5
3 4
26 1
36 1
9 1
7 5
22 5
2 5
14 1
16 1
0 5
9 5
10 1
12 1
11 5
0 5
11 1
42 1
15 5
0 5
4 5
5 5
17 1
12 1
8 4
2 5
1 5
18 1
7 1
12 1
7 1
2 4
5 1
3 4
13 1
8 1
7 1
2 4
0 3
6 1
8 1
1 5
3 5
7 1
3 4
6 1
12 1
1 5
8 1
26 1
19 1
14 5
11 1
13 1
14 3
22 5
30 1
20 1
12 1
18 1
26 5
14 4
5 4
4 4
6 4
24 2
19 4
20 5
9 4
33 1
13 4
37 1
26 5
24 1
7 3
14 2
19 1
20 1
16 1
15 5
7 5
9 5
16 5
0 5
7 5
9 5
8 2
2 5
1 4
12 2
0 5
30 1
6 2
12 1
9 5
24 1
3 4
0 5
11 1
8 5
6 5
7 5
9 1
8 1
15 1
11 1
0 2
6 5
9 3
6 4
5 2
14 1
8 5
17 1
3 5
16 1
25 5
72 1
25 1
26 1
37 1
3 4
24 5
23 2
24 5
26 1
5 5
8 5
6 5
7 4
20 1
10 5
21 1
4 4
3 3
1 4
13 2
17 1
1 5
7 1
14 5
8 5
9 3
23 1
17 2
11 5
0 3
3 5
15 1
7 5
3 4
14 1
7 5
9 1
9 5
9 1
18 1
9 5
1 4
2 5
6 3
7 1
10 1
0 5
3 2
1 4
3 5
4 5
7 1
13 5
17 1
27 5
9 2
5 5
9 5
9 5
12 5
4 4
5 4
12 1
9 5
9 5
19 1
13 1
14 1
6 5
2 4
1 5
3 5
17 1
1 5
9 5
2 5
2 3
4 5
3 5
10 1
6 5
11 5
8 3
2 5
5 5
10 1
2 5
12 1
5 1
3 3
24 1
15 5
4 5
6 5
5 5
19 1
27 1
6 4
11 3
3 5
21 1
9 3
16 3
4 5
32 4
10 1
29 1
17 3
7 4
5 5
6 3
5 4
15 2
28 1
4 5
3 4
4 5
12 1
15 1
12 1
4 5
4 5
11 1
12 1
23 1
10 5
4 5
9 5
0 5
3 5
3 5
8 4
6 5
7 5
6 5
4 5
0 3
13 1
6 5
1 1
1 3
4 4
5 5
8 2
14 1
11 2
18 1
3 2
4 4
4 4
12 1
7 4
15 1
9 5
13 5
7 5
9 5
6 5
7 5
28 1
2 4
23 1
10 5
4 3
5 4
2 5
4 4
9 1
5 5
2 2
3 3
5 4
19 1
24 1
26 1
7 4
5 5
4 4
5 5
5 3
14 1
5 5
17 1
17 2
78 2
4 4
3 5
10 5
3 4
6 5
6 5
12 4
21 1
4 4
14 5
4 5
2 3
14 5
13 5
10 3
1 1
2 5
14 5
13 5
13 1
22 5
11 5
3 5
3 3
4 5
3 5
19 1
0 5
16 1
13 1
2 5
22 1
4 4
0 5
1 4
1 5
10 2
21 4
1 4
1 5
7 5
3 5
1 3
1 4
7 3
5 5
32 4
5 5
2 5
1 5
4 5
1 5
1 4
14 2
3 5
13 2
4 5
3 5
3 5
5 5
0 5
2 5
1 5
5 5
6 5
8 5
14 5
3 4
23 1
11 4
22 3
2 5
0 4
8 5
5 5
9 5
24 2
6 5
29 1
3 5
21 3
20 3
3 5
21 2
4 3
8 5
10 3
2 5
3 4
12 1
2 5
4 4
2 5
3 4
39 1
3 4
7 5
1 5
24 1
1 4
1 5
2 3
0 4
99 1
12 2
8 3
24 5
13 2
9 5
5 4
8 2
6 5
10 5
1 4
4 4
2 5
4 5
6 5
2 4
32 1
6 3
13 2
12 2
1 4
56 1
9 5
4 5
12 4
4 5
8 5
12 2
19 5
11 5
4 4
5 5
8 5
3 5
5 5
21 5
5 5
11 5
7 5
14 5
19 5
20 5
49 2
15 2
3 3
6 3
38 1
6 5
35 1
3 5
6 5
7 4
9 4
10 3
16 3
7 5
3 3
9 5
17 5
5 4
34 1
2 5
4 5
9 4
8 5
3 3
2 4
7 5
2 4
5 5
15 3
9 5
3 2
8 5
6 5
6 5
6 5
5 5
2 4
5 5
24 5
4 5
2 3
23 5
110 5
166 5
49 5
140 5
63 5
78 5
49 5
78 5
190 5
52 5
53 5
25 5
20 5
25 5
1097 5
34 5
55 5
31 5
18 5
32 5
31 5
32 5
22 4
30 5
13 5
22 5
10 5
15 5
8 5
5 5
10 4
8 5
15 5
24 5
7 5
16 5
22 5
12 5
20 5
7 5
5 5
19 5
15 5
8 5
17 5
11 5
8 5
6 5
21 5
8 5
8 5
12 5
52 5
12 5
22 5
23 5
17 5
28 4
28 5
15 4
17 5
17 5
18 5
10 5
16 4
22 5
12 5
11 5
5 5
20 5
25 5
28 5
10 4
21 5
11 5
5 5
20 5
13 5
29 5
10 5
87 1
17 5
6 5
16 5
13 4
42 5
6 5
22 5
8 5
5 5
12 4
9 5
9 5
8 5
8 5
8 5
7 5
6 5
6 5
6 5
6 5
7 5
8 5
8 5
9 5
8 5
0 5
8 5
18 5
8 5
7 5
10 5
7 5
8 5
6 5
8 5
8 5
7 5
8 5
7 5
9 5
8 5
9 5
7 5
19 5
6 5
9 5
8 5
8 5
11 5
228 5
8 5
15 5
10 5
11 5
9 5
212 5
886 5
340 4
529 5
