16	3	17	0.941176
4	5	4	1
2	2	12	0.166667
7	5	7	1
8	3	12	0.666667
1	5	14	0.0714286
3	5	4	0.75
2	5	2	1
7	4	9	0.777778
4	5	4	1
22	3	24	0.916667
1	4	1	1
10	5	11	0.909091
4	5	5	0.8
3	5	4	0.75
8	4	9	0.888889
4	5	5	0.8
9	1	25	0.36
4	5	6	0.666667
2	5	3	0.666667
13	5	14	0.928571
15	4	16	0.9375
10	5	11	0.909091
10	2	23	0.434783
4	4	4	1
1	4	5	0.2
6	5	6	1
5	5	7	0.714286
13	5	13	1
19	5	20	0.95
14	5	15	0.933333
14	1	64	0.21875
10	3	13	0.769231
2	3	17	0.117647
6	5	7	0.857143
15	2	36	0.416667
3	1	54	0.0555556
5	5	6	0.833333
41	3	43	0.953488
10	5	10	1
18	4	23	0.782609
9	5	10	0.9
18	5	19	0.947368
7	5	7	1
11	5	12	0.916667
3	3	15	0.2
12	5	12	1
32	1	52	0.615385
5	4	5	1
18	3	20	0.9
9	4	22	0.409091
1	4	11	0.0909091
10	5	13	0.769231
22	5	23	0.956522
0	4	0	0
16	5	19	0.842105
9	5	9	1
5	5	5	1
1	2	22	0.0454545
14	5	16	0.875
9	5	11	0.818182
10	4	15	0.666667
17	5	17	1
6	4	8	0.75
6	5	8	0.75
6	5	8	0.75
6	5	8	0.75
4	5	4	1
8	5	8	1
8	5	8	1
5	5	5	1
4	4	6	0.666667
5	5	5	1
11	5	12	0.916667
6	3	10	0.6
4	1	38	0.105263
17	2	40	0.425
2	2	19	0.105263
18	5	18	1
4	5	5	0.8
3	5	4	0.75
2	4	3	0.666667
8	5	9	0.888889
5	3	15	0.333333
20	2	43	0.465116
2	5	4	0.5
5	5	7	0.714286
50	3	54	0.925926
2	5	2	1
3	5	6	0.5
4	4	4	1
1	5	1	1
7	5	8	0.875
1	5	3	0.333333
10	5	13	0.769231
41	5	44	0.931818
147	5	154	0.954545
2	5	3	0.666667
8	5	9	0.888889
6	5	7	0.857143
2	5	4	0.5
1	5	2	0.5
20	5	23	0.869565
4	3	6	0.666667
2	5	4	0.5
0	5	0	0
2	5	5	0.4
3	5	5	0.6
16	5	17	0.941176
1	5	1	1
8	5	69	0.115942
7	5	8	0.875
5	5	6	0.833333
17	5	19	0.894737
10	5	13	0.769231
12	5	15	0.8
11	5	12	0.916667
13	3	34	0.382353
18	4	20	0.9
9	5	10	0.9
4	5	5	0.8
2	5	3	0.666667
5	3	13	0.384615
5	3	11	0.454545
1	4	1	1
7	4	8	0.875
8	3	12	0.666667
15	1	39	0.384615
10	5	11	0.909091
5	3	10	0.5
7	5	7	1
9	5	11	0.818182
6	5	7	0.857143
11	5	13	0.846154
14	5	15	0.933333
3	4	4	0.75
0	4	0	0
4	2	29	0.137931
10	4	13	0.769231
2	5	3	0.666667
5	1	25	0.2
2	2	17	0.117647
37	3	53	0.698113
14	5	14	1
12	5	13	0.923077
12	4	19	0.631579
5	5	5	1
6	5	6	1
22	3	29	0.758621
16	5	17	0.941176
3	5	3	1
2	5	3	0.666667
0	5	0	0
4	5	8	0.5
2	5	2	1
5	5	5	1
2	2	20	0.1
5	4	7	0.714286
2	5	3	0.666667
3	4	3	1
3	5	3	1
4	5	4	1
10	5	10	1
1	5	1	1
2	5	2	1
3	3	8	0.375
6	2	13	0.461538
15	5	15	1
11	5	12	0.916667
4	5	4	1
12	5	13	0.923077
4	5	4	1
5	1	25	0.2
8	2	18	0.444444
28	1	51	0.54902
5	5	7	0.714286
0	5	0	0
1	1	25	0.04
9	5	10	0.9
6	1	37	0.162162
43	4	45	0.955556
11	5	11	1
6	5	7	0.857143
3	5	5	0.6
43	4	63	0.68254
56	4	57	0.982456
27	4	28	0.964286
8	3	13	0.615385
10	3	16	0.625
52	4	53	0.981132
3	5	3	1
31	5	33	0.939394
12	5	16	0.75
2	5	3	0.666667
13	5	14	0.928571
3	5	3	1
25	2	43	0.581395
7	5	7	1
10	4	11	0.909091
20	1	45	0.444444
52	2	71	0.732394
10	3	12	0.833333
4	4	5	0.8
9	4	10	0.9
5	4	5	1
20	5	20	1
1	5	3	0.333333
2	5	2	1
1	3	4	0.25
3	4	3	1
2	5	2	1
10	4	12	0.833333
13	3	17	0.764706
22	4	22	1
8	5	9	0.888889
3	4	3	1
13	1	35	0.371429
18	5	18	1
0	5	1	0
2	5	4	0.5
57	3	61	0.934426
15	5	18	0.833333
20	5	23	0.869565
17	5	20	0.85
1	5	3	0.333333
7	4	9	0.777778
0	5	7	0
2	5	5	0.4
1	3	5	0.2
20	4	23	0.869565
11	4	13	0.846154
9	5	11	0.818182
6	4	8	0.75
51	1	70	0.728571
14	4	15	0.933333
5	5	5	1
3	5	3	1
11	5	11	1
3	5	5	0.6
8	1	33	0.242424
0	5	2	0
9	5	14	0.642857
7	5	8	0.875
2	5	5	0.4
2	4	2	1
4	5	5	0.8
4	5	6	0.666667
19	5	20	0.95
5	5	5	1
6	4	7	0.857143
22	3	30	0.733333
42	5	44	0.954545
6	4	6	1
10	4	11	0.909091
4	4	5	0.8
15	5	16	0.9375
19	5	21	0.904762
9	4	9	1
12	5	13	0.923077
10	5	11	0.909091
14	5	15	0.933333
25	2	47	0.531915
0	3	0	0
21	3	28	0.75
28	1	47	0.595745
11	5	13	0.846154
22	5	23	0.956522
15	1	28	0.535714
21	4	21	1
0	5	1	0
18	5	19	0.947368
3	4	8	0.375
18	5	18	1
15	5	21	0.714286
1	3	19	0.0526316
27	3	34	0.794118
16	5	17	0.941176
4	3	12	0.333333
0	4	0	0
3	4	5	0.6
3	2	15	0.2
30	4	30	1
7	3	10	0.7
5	3	14	0.357143
3	5	6	0.5
4	2	9	0.444444
16	4	21	0.761905
5	5	7	0.714286
9	5	9	1
23	3	28	0.821429
8	4	10	0.8
62	5	67	0.925373
0	4	8	0
20	5	22	0.909091
14	5	18	0.777778
41	4	46	0.891304
20	5	22	0.909091
8	4	9	0.888889
29	5	32	0.90625
19	2	47	0.404255
1	5	2	0.5
7	5	8	0.875
8	4	11	0.727273
12	4	13	0.923077
5	4	6	0.833333
5	5	6	0.833333
30	1	47	0.638298
73	1	107	0.682243
7	5	9	0.777778
3	5	7	0.428571
25	3	35	0.714286
66	5	69	0.956522
15	4	15	1
11	5	13	0.846154
13	1	19	0.684211
21	5	24	0.875
13	5	13	1
20	5	21	0.952381
23	2	33	0.69697
24	4	25	0.96
19	5	20	0.95
4	5	12	0.333333
84	3	100	0.84
74	4	79	0.936709
41	5	41	1
29	4	30	0.966667
23	5	26	0.884615
34	1	73	0.465753
13	4	14	0.928571
69	4	76	0.907895
29	5	35	0.828571
3	5	8	0.375
3	5	4	0.75
9	5	10	0.9
1	3	1	1
20	5	22	0.909091
15	4	18	0.833333
19	3	23	0.826087
0	5	5	0
122	1	168	0.72619
22	3	29	0.758621
10	5	15	0.666667
21	4	28	0.75
8	5	10	0.8
8	5	10	0.8
19	5	22	0.863636
12	5	12	1
4	4	4	1
19	5	20	0.95
29	5	33	0.878788
39	5	53	0.735849
131	4	154	0.850649
10	4	10	1
13	5	16	0.8125
31	4	32	0.96875
15	4	17	0.882353
8	5	10	0.8
20	5	25	0.8
116	4	120	0.966667
58	5	60	0.966667
8	5	8	1
4	5	4	1
5	2	21	0.238095
32	4	32	1
70	5	71	0.985915
69	5	73	0.945205
4	2	18	0.222222
6	5	6	1
15	5	15	1
5	5	9	0.555556
3	1	22	0.136364
3	3	14	0.214286
25	4	27	0.925926
103	5	110	0.936364
27	5	27	1
89	5	94	0.946809
19	5	19	1
7	5	11	0.636364
9	5	9	1
35	5	35	1
1	5	6	0.166667
19	5	21	0.904762
31	5	32	0.96875
19	3	24	0.791667
35	5	45	0.777778
566	5	578	0.979239
9	5	11	0.818182
5	3	9	0.555556
8	1	46	0.173913
162	5	170	0.952941
16	5	19	0.842105
60	5	62	0.967742
5	3	15	0.333333
41	2	48	0.854167
11	1	25	0.44
161	1	195	0.825641
40	1	55	0.727273
32	5	32	1
8	5	9	0.888889
3	5	5	0.6
3	4	6	0.5
10	1	15	0.666667
24	5	27	0.888889
5	5	6	0.833333
134	5	139	0.964029
4	4	6	0.666667
58	2	75	0.773333
7	4	7	1
2	5	2	1
28	5	30	0.933333
4	5	7	0.571429
42	5	43	0.976744
5	1	14	0.357143
5	5	5	1
2	5	2	1
9	5	11	0.818182
8	5	9	0.888889
10	5	11	0.909091
4	5	4	1
4	5	5	0.8
0	5	0	0
8	5	11	0.727273
22	4	24	0.916667
57	5	58	0.982759
58	5	60	0.966667
15	5	25	0.6
90	5	93	0.967742
8	5	11	0.727273
72	1	130	0.553846
2	5	2	1
1	5	1	1
27	2	43	0.627907
4	5	5	0.8
3	5	5	0.6
4	4	6	0.666667
7	5	9	0.777778
19	4	19	1
1	4	1	1
13	5	15	0.866667
4	5	5	0.8
4	5	4	1
9	5	10	0.9
17	3	25	0.68
2	5	11	0.181818
17	5	18	0.944444
15	4	15	1
14	5	16	0.875
5	4	20	0.25
56	5	57	0.982456
437	5	456	0.958333
31	5	32	0.96875
6	5	10	0.6
18	5	20	0.9
19	5	21	0.904762
1	2	1	1
21	5	26	0.807692
51	4	51	1
27	5	28	0.964286
13	3	20	0.65
13	3	16	0.8125
10	4	10	1
8	5	9	0.888889
6	5	7	0.857143
5	5	6	0.833333
1	5	1	1
22	5	22	1
5	5	6	0.833333
5	1	29	0.172414
12	5	13	0.923077
10	1	25	0.4
18	5	21	0.857143
4	1	14	0.285714
4	5	4	1
8	5	8	1
19	5	22	0.863636
3	5	3	1
30	1	67	0.447761
50	2	78	0.641026
10	5	12	0.833333
24	5	26	0.923077
13	5	14	0.928571
42	3	47	0.893617
67	5	75	0.893333
16	5	19	0.842105
208	5	223	0.932735
24	5	25	0.96
43	5	48	0.895833
32	4	35	0.914286
56	3	61	0.918033
0	5	0	0
0	5	0	0
41	5	44	0.931818
0	5	0	0
0	5	0	0
0	5	0	0
31	5	32	0.96875
60	4	66	0.909091
24	5	25	0.96
4	4	4	1
13	5	13	1
25	4	25	1
7	5	7	1
34	5	36	0.944444
62	2	87	0.712644
71	5	75	0.946667
16	5	16	1
49	5	49	1
37	5	37	1
0	5	0	0
12	5	12	1
6	5	6	1
26	4	29	0.896552
20	3	43	0.465116
15	5	16	0.9375
23	5	27	0.851852
71	5	75	0.946667
2	5	2	1
35	5	35	1
18	4	21	0.857143
22	4	22	1
130	5	134	0.970149
13	5	16	0.8125
28	5	32	0.875
116	4	131	0.885496
0	4	0	0
14	5	16	0.875
64	4	67	0.955224
31	3	82	0.378049
12	4	12	1
1	5	1	1
12	5	13	0.923077
25	5	29	0.862069
13	4	16	0.8125
62	4	65	0.953846
34	5	36	0.944444
28	5	31	0.903226
27	1	68	0.397059
15	5	17	0.882353
0	5	1	0
32	5	35	0.914286
34	5	36	0.944444
22	5	22	1
16	5	16	1
12	5	12	1
3	5	4	0.75
7	1	16	0.4375
2	5	6	0.333333
4	5	4	1
1	5	1	1
5	5	5	1
2	5	2	1
3	5	3	1
0	5	0	0
1	5	1	1
2	5	2	1
53	2	67	0.791045
0	4	0	0
1	4	1	1
7	5	7	1
0	5	1	0
2	5	2	1
3	5	3	1
2	5	2	1
0	5	1	0
0	5	1	0
9	5	9	1
0	5	0	0
0	5	0	0
1	5	2	0.5
0	5	0	0
0	5	1	0
59	5	66	0.893939
5	1	13	0.384615
3	4	3	1
44	5	46	0.956522
10	1	13	0.769231
1	5	1	1
8	5	8	1
2	5	3	0.666667
4	5	4	1
1	5	1	1
1	5	1	1
0	5	1	0
0	4	0	0
0	4	0	0
6	1	9	0.666667
1	3	1	1
3	5	3	1
1	5	1	1
0	5	1	0
0	5	1	0
0	5	1	0
1	5	1	1
0	5	1	0
0	5	0	0
0	5	1	0
0	5	1	0
2	2	3	0.666667
1	5	1	1
0	5	0	0
1	5	1	1
1	4	1	1
1	5	1	1
6	1	8	0.75
7	5	7	1
0	3	0	0
5	3	9	0.555556
0	5	0	0
0	5	0	0
7	1	10	0.7
1	4	1	1
0	5	0	0
13	1	18	0.722222
0	5	0	0
2	1	4	0.5
0	5	1	0
0	5	1	0
0	5	0	0
0	2	1	0
18	1	25	0.72
33	5	34	0.970588
0	4	0	0
4	1	6	0.666667
1	5	1	1
0	5	1	0
2	5	2	1
0	5	1	0
0	4	0	0
1	2	2	0.5
3	1	5	0.6
0	4	0	0
1	5	1	1
1	5	1	1
1	5	1	1
0	5	1	0
1	5	1	1
0	3	0	0
0	5	0	0
2	1	2	1
1	4	1	1
1	3	1	1
0	5	0	0
0	2	0	0
0	5	1	0
4	2	4	1
0	5	1	0
2	1	3	0.666667
3	1	5	0.6
0	5	0	0
0	5	1	0
0	5	1	0
5	1	7	0.714286
0	5	3	0
0	5	0	0
1	5	1	1
14	5	15	0.933333
4	1	7	0.571429
0	5	0	0
0	5	0	0
0	5	1	0
0	5	1	0
0	5	0	0
0	5	0	0
