14 1
6 4
3 4
1 4
9 2
1 5
2 5
0 5
15 2
12 1
2 5
3 3
4 5
10 1
1 5
6 3
2 5
0 5
0 4
5 2
1 3
0 5
0 4
0 5
0 4
6 2
229 1
2 3
3 5
0 5
8 1
4 2
2 5
4 1
9 1
0 4
11 1
5 5
8 3
10 2
6 5
6 2
24 3
3 4
1 5
2 4
1 4
10 2
0 3
3 4
30 2
2 4
4 5
14 2
6 3
2 5
1 4
2 3
1 5
3 2
5 5
10 1
2 5
7 3
4 2
16 1
1 4
2 4
59 1
2 5
1 4
6 3
3 5
1 3
0 5
0 5
14 1
8 2
1 4
9 2
1 5
9 5
2 4
1 5
2 5
12 1
21 1
5 5
7 2
7 4
5 2
1 5
2 4
8 5
4 4
3 4
3 4
8 2
10 5
2 4
2 3
1 5
3 4
5 2
6 2
4 4
2 5
2 4
13 1
3 3
8 1
2 5
3 5
0 5
2 5
1 5
1 4
17 1
1 5
2 3
3 4
26 1
10 4
5 5
15 1
1 5
1 3
1 5
2 4
1 4
2 5
2 4
6 5
2 5
2 5
1 3
0 5
7 4
2 4
4 3
3 4
0 5
5 4
12 1
0 4
138 1
0 5
1 4
9 2
5 5
2 5
7 5
3 4
2 5
0 4
5 2
1 5
2 5
0 5
0 5
1 3
1 4
1 4
7 2
9 5
4 3
2 5
1 4
1 2
28 1
4 5
1 5
2 4
28 1
4 4
2 3
1 3
4 5
0 5
3 1
1 2
5 2
2 5
2 5
1 5
12 1
3 5
13 2
5 4
3 4
3 5
10 1
1 4
5 5
6 1
5 5
5 5
1 4
7 1
1 4
1 5
2 5
2 5
0 5
2 5
3 4
1 5
7 1
0 5
11 5
2 4
0 3
0 4
3 5
2 5
0 3
1 4
4 4
2 3
5 1
1 4
7 1
1 4
9 4
2 5
3 5
3 5
2 1
1 5
3 1
4 2
22 3
0 4
1 4
0 4
1 5
5 2
2 5
0 4
0 5
6 1
4 5
1 5
2 4
5 2
1 5
0 5
2 4
0 5
2 5
0 4
4 4
2 5
0 5
1 5
6 5
1 4
0 2
4 1
10 1
2 3
0 5
13 1
2 2
5 1
2 4
3 2
2 5
0 5
5 4
1 5
4 4
8 5
14 2
1 4
6 2
6 1
1 3
4 5
1 4
1 5
2 3
1 3
1 3
1 4
42 1
0 5
4 3
0 3
0 3
1 4
0 5
2 2
2 5
0 5
1 3
4 2
0 5
0 2
1 5
0 4
6 3
0 5
0 5
1 5
4 4
0 5
4 1
7 5
2 4
1 4
0 5
3 2
7 1
1 5
2 4
4 1
6 4
1 5
1 5
1 5
4 3
0 5
0 5
6 3
7 1
2 5
1 4
6 1
0 5
4 4
0 5
0 5
6 2
3 5
1 4
3 3
170 5
50 5
7 1
6 4
5 5
0 4
1 5
6 2
1 5
2 4
0 4
4 2
0 4
1 4
4 3
7 4
1 5
0 5
8 5
1 4
1 5
0 4
0 4
2 2
2 4
1 5
1 4
0 4
1 5
1 3
1 3
5 1
0 4
1 3
2 5
3 2
1 4
1 5
6 1
1 5
2 5
0 5
1 5
2 3
1 5
0 5
0 5
1 5
0 4
6 1
0 4
6 2
5 5
2 2
5 4
0 5
1 4
2 5
4 3
2 4
0 4
3 5
1 5
1 4
1 4
0 5
0 4
3 2
2 4
4 5
0 3
6 1
0 5
0 5
7 4
0 5
2 5
0 5
0 5
1 5
0 5
2 5
5 5
7 4
2 5
1 4
8 5
3 4
1 1
2 5
4 3
0 5
0 5
1 5
0 5
1 4
1 4
1 5
6 1
1 4
1 5
0 4
10 3
1 3
0 4
0 5
0 5
10 5
0 4
1 5
1 5
0 5
6 1
14 2
4 3
1 4
1 5
1 4
1 5
0 5
0 5
4 2
1 5
3 5
1 5
0 3
2 2
0 5
0 4
3 2
115 4
0 4
4 3
7 5
2 5
3 4
2 4
3 4
2 4
1 5
2 4
3 3
1 5
3 5
0 5
0 5
2 5
9 5
8 5
0 5
0 4
1 5
0 4
1 5
0 5
0 5
0 5
3 3
0 2
0 5
1 5
2 4
0 5
3 4
6 4
0 5
0 4
0 5
14 2
4 5
4 4
1 4
0 4
1 4
1 5
0 5
8 1
2 4
5 5
3 5
2 5
8 5
9 1
9 1
3 5
4 5
2 3
1 4
2 4
19 5
7 4
0 4
4 4
3 5
2 5
1 5
3 5
40 5
3 5
7 5
3 4
3 4
1 5
3 5
1 5
2 5
17 1
2 5
4 5
36 5
37 5
3 4
2 4
0 4
1 5
1 5
3 5
3 5
222 4
1 5
1 5
2 5
2 5
3 3
4 5
0 5
2 5
2 3
77 5
3 4
0 5
8 2
48 1
11 5
5 4
2 5
6 2
5 5
4 5
1 5
0 5
2 5
4 5
2 5
2 5
3 5
1 5
0 5
2 5
5 5
6 5
1 3
2 2
8 1
3 5
7 5
5 5
5 5
21 5
7 5
1 5
6 5
1 5
5 5
7 5
12 3
1 5
0 3
2 5
1 5
0 5
12 2
5 4
20 5
1 5
36 1
4 5
13 5
5 5
1 5
905 4
7 5
4 5
4 3
2 5
6 5
1 5
1 5
2 5
0 4
3 5
1 5
2 4
1 5
0 4
0 5
0 5
6 1
0 5
7 1
1 5
2 5
3 3
2 5
1 5
1 5
2 5
0 5
0 5
0 5
1 5
2 5
0 5
0 5
2 5
0 5
0 5
2 4
0 4
0 3
0 5
0 5
1 5
3 1
0 5
1 5
1 4
1 5
3 5
2 5
2 5
1 5
2 5
2 5
2 5
4 5
0 3
1 4
1 5
