8 5
14 3
26 1
18 4
14 5
18 4
14 5
15 2
21 1
7 4
18 1
8 5
9 5
17 1
11 1
17 1
6 5
99 1
20 2
16 1
8 1
7 5
10 1
6 5
20 1
13 5
11 5
20 1
12 1
13 1
5 1
6 4
19 2
6 5
38 1
30 1
9 5
20 1
14 1
13 1
16 2
10 3
7 5
15 1
12 5
16 1
4 5
3 4
8 1
3 5
2 5
22 1
3 4
4 2
2 5
4 5
7 5
7 3
11 1
2 5
0 5
11 1
4 5
3 5
0 5
6 5
1 5
2 4
13 1
21 1
7 5
7 5
14 1
28 1
29 1
6 5
14 1
2 5
14 1
18 1
5 3
3 5
18 1
11 1
6 5
2 5
15 1
2 5
5 5
8 1
7 1
12 1
3 5
9 1
0 5
4 5
3 5
5 5
2 5
1 5
4 5
2 5
3 5
5 5
3 5
2 5
5 1
2 3
7 1
8 1
5 5
11 5
9 5
9 2
6 5
10 1
8 1
10 1
14 5
11 5
8 2
14 5
8 5
5 1
10 1
8 5
8 1
5 1
2 5
2 3
12 5
6 5
15 5
1 5
14 1
11 5
13 5
13 5
11 5
9 1
5 5
9 5
8 1
7 1
7 1
8 1
14 1
7 2
5 1
10 1
6 5
11 1
8 1
7 1
9 1
11 1
6 1
7 3
8 5
9 1
13 1
9 5
15 5
11 1
14 1
10 1
12 1
7 4
10 1
59 1
22 1
13 1
7 1
9 5
3 3
10 2
5 1
5 1
6 1
10 1
7 1
9 5
14 1
12 5
6 4
7 1
17 5
4 1
6 1
11 5
5 2
5 1
6 5
9 4
7 1
3 1
10 1
6 4
11 1
10 1
10 1
10 5
6 5
4 4
6 1
108 1
11 1
8 1
9 5
11 1
16 1
9 1
12 5
5 4
6 1
7 1
10 5
3 3
8 1
1 5
5 1
6 1
1 1
5 1
8 1
32 5
10 1
21 1
13 5
5 1
12 1
30 1
13 1
17 1
16 1
12 2
11 5
7 1
9 1
11 5
10 5
3 1
7 5
11 5
7 5
2 1
10 5
6 1
4 1
11 1
9 5
21 1
10 1
38 1
1 2
2 5
16 1
8 1
11 1
40 1
5 4
24 1
22 1
17 1
7 5
10 1
4 5
11 1
8 4
7 5
3 4
151 2
13 1
8 5
5 5
6 5
8 1
8 1
14 5
3 3
15 1
7 5
10 1
21 1
16 1
20 1
25 1
22 1
167 1
28 5
24 4
12 4
23 1
40 1
7 5
0 3
3 5
2 4
0 4
2 4
14 5
5 5
62 1
18 1
4 5
10 1
14 2
15 5
8 5
10 5
7 1
8 3
10 4
5 5
2 5
4 5
30 1
3 3
26 1
45 1
10 5
13 5
14 1
9 1
9 5
6 1
11 2
8 1
20 5
0 1
15 2
9 1
3 1
12 1
13 1
4 1
9 5
10 5
2 5
9 5
6 5
12 4
3 5
13 2
1 5
21 1
26 1
149 1
2 5
0 4
1 5
11 1
18 5
18 1
14 4
12 5
14 3
10 5
8 5
19 1
18 1
18 1
23 5
53 2
16 5
13 1
4 2
12 5
2 5
26 1
2 5
20 5
21 1
18 1
16 1
6 5
12 5
35 5
11 1
9 4
9 5
4 5
12 5
13 1
14 1
2 1
11 1
28 5
8 4
7 5
2 4
6 5
5 5
12 3
27 2
2 5
13 1
0 4
8 5
4 1
7 4
10 4
17 5
3 5
9 1
10 5
11 1
19 1
17 1
8 5
23 1
26 2
6 2
7 1
12 1
3 1
11 5
9 1
7 5
6 1
8 5
10 5
5 5
3 5
9 1
9 1
32 5
13 1
84 5
8 5
11 1
16 5
8 4
9 5
8 5
0 5
6 2
0 5
12 5
4 5
6 5
7 1
3 5
3 5
7 5
8 1
11 4
12 5
11 5
44 1
49 1
28 1
15 3
10 4
7 4
9 1
17 5
19 5
15 1
2 2
16 5
12 5
9 1
6 5
6 5
22 1
20 1
7 5
17 1
9 5
9 4
6 5
11 5
7 2
52 1
15 5
9 5
18 5
11 3
36 2
11 5
11 3
16 5
19 1
10 2
9 5
59 5
1 5
14 1
4 5
22 5
11 5
111 4
12 5
34 2
7 5
13 5
19 5
15 5
10 5
14 1
13 4
13 5
8 5
6 5
14 1
16 1
9 4
5 1
8 5
8 2
8 5
47 5
36 3
10 5
16 5
28 5
25 5
15 5
21 5
6 5
5 5
19 2
25 5
15 2
56 1
55 5
6 1
7 3
15 5
12 5
8 5
13 5
16 5
13 1
25 1
30 5
11 5
106 5
1 2
12 5
25 4
32 1
9 5
59 1
30 1
14 5
