1 5
1 5
5 5
0 5
3 5
9 1
3 4
9 3
3 5
3 4
1 5
15 1
4 5
2 4
5 5
0 5
2 5
2 5
4 5
7 5
6 5
8 3
3 4
4 5
7 2
9 5
15 5
4 5
2 4
8 5
2 4
2 5
1 4
3 5
7 4
3 5
1 5
2 4
1 4
0 2
2 5
1 3
0 3
2 4
2 5
3 4
0 5
1 4
1 5
2 5
2 4
2 4
0 5
4 4
4 5
1 4
0 4
1 5
4 5
4 5
5 5
4 5
5 5
2 5
2 5
3 4
4 4
2 5
0 3
1 4
2 5
1 5
2 4
3 3
0 5
0 5
1 4
0 5
1 4
0 5
0 4
2 5
3 5
1 3
1 5
0 5
2 4
0 5
1 3
0 4
0 4
0 4
0 3
0 4
0 5
0 4
0 5
0 5
0 5
0 5
1 5
1 5
1 5
3 2
1 5
0 4
0 4
1 3
12 1
2 4
0 3
1 5
1 5
0 5
0 5
1 5
0 5
1 5
1 3
0 4
0 4
0 4
0 4
0 4
0 5
0 4
0 5
0 5
1 5
0 5
0 5
0 4
1 4
1 4
0 4
0 5
0 4
0 4
0 5
4 4
7 3
3 5
1 2
5 5
0 5
2 3
0 4
7 4
7 5
3 5
2 4
3 5
9 3
1 5
1 4
3 4
1 5
2 4
2 5
3 5
11 3
1 4
1 5
8 2
1 4
1 5
2 5
1 5
2 5
5 4
1 5
14 4
0 5
0 5
3 5
1 5
1 5
1 5
8 5
3 5
8 2
0 5
12 3
9 5
1 5
2 5
3 5
2 4
2 5
1 4
3 4
4 5
2 4
3 5
14 2
2 3
0 4
8 5
4 5
0 5
3 4
1 4
1 5
2 5
34 5
0 5
1 5
0 4
0 4
2 4
1 3
0 4
1 5
1 5
0 5
0 4
0 5
0 4
2 5
2 4
0 5
0 4
0 4
0 5
0 3
1 4
0 5
0 5
0 4
0 4
0 4
0 4
4 5
0 3
42 1
3 4
0 4
0 5
0 4
1 5
3 5
75 1
3 4
23 1
14 3
1 5
2 5
0 5
8 5
16 2
0 5
25 1
1 4
3 5
2 5
3 5
1 3
0 5
4 4
3 4
1 5
8 5
6 5
3 5
1 5
7 4
40 1
3 3
3 5
14 4
2 5
5 4
0 3
3 3
13 4
13 4
0 4
3 4
0 4
0 5
6 4
24 1
3 4
1 5
1 4
1 5
3 5
1 4
4 5
1 5
0 5
1 5
0 5
4 3
9 5
2 4
1 4
0 5
0 5
0 5
2 5
1 5
0 4
0 5
0 5
0 4
0 5
0 4
0 4
1 3
0 4
0 4
0 4
0 5
0 4
0 5
6 5
0 5
0 4
0 4
0 4
2 3
0 4
0 4
0 4
1 4
1 4
3 4
10 2
3 2
1 5
4 3
0 5
3 2
2 3
1 5
4 2
2 5
4 3
2 5
2 5
1 4
1 5
1 4
0 5
2 5
2 5
17 1
1 4
1 5
5 5
0 5
0 5
0 5
2 5
0 5
22 1
1 5
1 5
0 5
0 5
1 5
1 4
1 4
7 4
0 4
2 5
1 4
0 5
0 5
3 5
8 5
1 5
2 5
3 5
0 4
0 5
4 5
1 5
0 5
1 5
2 5
1 5
0 5
0 5
1 5
4 5
1 5
0 5
10 2
0 5
0 5
30 5
0 5
16 3
7 5
18 1
0 4
1 5
2 4
1 4
0 4
1 5
1 5
4 5
0 4
0 5
0 4
0 4
0 4
1 5
0 4
2 4
4 5
18 3
4 2
0 4
0 5
0 5
5 3
3 4
14 5
6 5
0 5
1 3
1 4
2 3
1 4
0 4
7 2
1 4
2 5
1 5
1 4
14 5
3 4
20 1
12 4
3 5
2 5
1 4
8 5
0 4
0 4
2 4
1 5
1 5
0 4
0 4
0 4
0 4
0 5
0 5
3 4
0 5
1 5
1 5
3 3
1 5
0 5
0 4
0 4
0 5
5 4
0 4
3 4
6 5
1 5
0 5
2 5
3 5
1 5
0 4
0 5
19 1
3 5
22 5
2 5
0 5
3 5
24 5
0 5
2 5
21 5
6 3
39 1
6 5
3 4
1 4
5 4
10 5
7 5
0 4
1 5
2 4
1 5
7 2
2 4
22 4
4 5
1 5
1 4
1 4
11 5
2 5
2 5
6 3
0 5
2 4
17 1
5 4
1 5
1 4
1 5
1 5
0 5
5 4
3 5
1 4
0 4
2 2
0 3
4 5
0 5
0 4
0 5
1 4
0 5
1 5
0 4
35 1
1 5
40 4
0 5
0 5
6 1
8 5
1 5
2 5
3 5
21 1
3 4
2 5
1 4
8 4
1 5
0 5
1 5
25 2
6 5
12 5
12 5
15 3
39 1
1 5
2 3
10 3
2 5
1 5
4 5
1 4
3 4
1 4
0 4
2 4
1 5
0 4
0 4
0 4
0 4
0 4
1 5
0 3
0 3
1 5
1 5
1 5
0 4
1 5
0 4
1 4
0 4
1 4
0 4
3 2
1 4
0 4
2 5
0 3
1 5
0 4
0 4
1 5
0 5
0 5
0 5
0 3
1 5
2 4
1 5
1 5
0 5
0 5
83 1
5 4
6 4
2 4
0 4
2 2
0 5
11 2
6 2
5 5
10 5
2 5
27 5
1 4
14 1
6 1
3 5
12 5
2 2
0 5
1 5
16 1
4 5
0 4
1 5
2 5
0 5
4 5
7 4
3 5
4 5
1 5
0 5
6 5
5 4
1 5
0 5
1 5
3 5
1 5
1 5
0 5
6 3
3 5
6 5
12 5
2 4
0 5
30 2
1 4
6 5
0 5
11 5
3 4
7 5
9 5
3 5
6 5
7 5
34 1
29 4
3 5
9 5
2 4
6 4
5 5
6 4
1 5
1 5
12 2
2 5
11 5
1 5
3 5
4 5
0 5
6 5
4 5
2 4
1 5
5 5
5 4
9 1
3 5
2 5
0 5
8 5
5 5
5 3
5 4
2 5
6 4
1 5
0 3
1 4
3 4
2 5
0 5
1 5
20 5
345 5
2 5
3 5
16 5
7 5
3 4
28 1
0 4
0 5
2 5
2 5
13 4
1 5
0 5
5 5
7 5
13 1
6 2
1 5
58 5
0 5
3 5
5 4
0 5
0 5
1 5
12 5
7 4
0 4
8 5
0 4
1 5
0 4
10 5
29 1
5 5
23 5
17 5
18 3
3 5
18 5
1 5
7 5
5 5
243 1
7 2
10 2
1 5
