18	1	38	0.473684
11	2	24	0.458333
13	5	24	0.541667
9	4	15	0.6
2	4	8	0.25
5	4	9	0.555556
17	1	33	0.515152
3	5	6	0.5
16	1	26	0.615385
22	1	37	0.594595
22	1	36	0.611111
5	2	8	0.625
7	5	11	0.636364
11	3	20	0.55
4	3	9	0.444444
10	2	15	0.666667
0	3	7	0
5	5	15	0.333333
7	4	11	0.636364
3	1	16	0.1875
4	2	12	0.333333
14	1	28	0.5
11	2	23	0.478261
11	3	15	0.733333
7	5	14	0.5
10	1	19	0.526316
4	4	8	0.5
1	3	4	0.25
5	5	9	0.555556
8	2	25	0.32
9	5	15	0.6
12	1	23	0.521739
5	3	10	0.5
10	1	22	0.454545
13	1	28	0.464286
10	2	20	0.5
12	4	17	0.705882
10	1	23	0.434783
24	1	43	0.55814
16	1	30	0.533333
3	4	10	0.3
12	1	25	0.48
7	3	10	0.7
5	4	9	0.555556
14	1	39	0.358974
13	1	36	0.361111
14	1	35	0.4
5	5	9	0.555556
10	1	34	0.294118
18	1	28	0.642857
16	2	21	0.761905
15	1	35	0.428571
4	4	6	0.666667
3	3	10	0.3
11	5	27	0.407407
10	5	29	0.344828
1	4	3	0.333333
0	1	1	0
5	5	8	0.625
6	5	12	0.5
8	5	14	0.571429
16	1	29	0.551724
9	4	11	0.818182
4	4	5	0.8
6	5	7	0.857143
13	1	25	0.52
9	3	14	0.642857
8	4	13	0.615385
7	2	15	0.466667
1	4	1	1
6	5	9	0.666667
8	1	26	0.307692
8	5	10	0.8
24	1	41	0.585366
2	5	8	0.25
10	2	18	0.555556
4	3	11	0.363636
4	5	8	0.5
5	5	8	0.625
4	3	6	0.666667
5	4	7	0.714286
1	5	3	0.333333
3	3	5	0.6
8	1	17	0.470588
1	3	1	1
1	5	3	0.333333
9	1	23	0.391304
29	1	43	0.674419
2	5	8	0.25
3	5	6	0.5
3	2	8	0.375
2	3	3	0.666667
2	3	6	0.333333
3	4	6	0.5
6	5	12	0.5
1	2	5	0.2
2	5	3	0.666667
2	3	5	0.4
10	2	14	0.714286
10	1	24	0.416667
2	4	3	0.666667
3	4	6	0.5
2	4	5	0.4
1	5	2	0.5
10	1	33	0.30303
3	5	7	0.428571
1	4	8	0.125
14	1	32	0.4375
2	5	5	0.4
4	5	7	0.571429
7	1	22	0.318182
6	5	12	0.5
10	1	63	0.15873
15	1	59	0.254237
7	5	11	0.636364
8	3	12	0.666667
6	5	12	0.5
16	1	56	0.285714
7	5	11	0.636364
9	1	28	0.321429
7	5	10	0.7
8	3	15	0.533333
1	1	5	0.2
8	3	12	0.666667
1	4	2	0.5
15	1	33	0.454545
18	1	43	0.418605
16	1	38	0.421053
6	1	38	0.157895
8	4	11	0.727273
15	1	25	0.6
3	1	14	0.214286
13	1	22	0.590909
6	5	11	0.545455
3	5	9	0.333333
5	2	10	0.5
10	3	13	0.769231
5	2	13	0.384615
8	4	16	0.5
10	5	20	0.5
10	5	21	0.47619
2	4	9	0.222222
13	5	21	0.619048
18	1	59	0.305085
4	5	7	0.571429
7	4	11	0.636364
2	4	4	0.5
1	5	3	0.333333
3	4	5	0.6
12	1	19	0.631579
15	1	35	0.428571
4	5	11	0.363636
15	1	37	0.405405
17	1	42	0.404762
11	4	19	0.578947
17	1	31	0.548387
18	2	38	0.473684
28	5	43	0.651163
18	5	27	0.666667
6	4	14	0.428571
7	4	12	0.583333
10	5	25	0.4
16	5	25	0.64
9	4	15	0.6
4	5	12	0.333333
6	5	11	0.545455
1	5	1	1
6	5	13	0.461538
12	1	26	0.461538
5	2	7	0.714286
3	3	5	0.6
17	4	21	0.809524
13	5	17	0.764706
7	1	24	0.291667
7	5	12	0.583333
8	1	18	0.444444
5	4	7	0.714286
2	2	16	0.125
4	1	17	0.235294
15	5	20	0.75
1	5	2	0.5
6	4	8	0.75
6	5	9	0.666667
8	2	20	0.4
4	5	12	0.333333
8	5	18	0.444444
11	3	18	0.611111
7	5	12	0.583333
13	5	22	0.590909
12	5	20	0.6
13	4	16	0.8125
6	5	9	0.666667
4	5	8	0.5
2	5	4	0.5
6	4	8	0.75
3	4	5	0.6
7	1	13	0.538462
6	1	12	0.5
4	5	8	0.5
2	4	4	0.5
6	5	9	0.666667
4	5	6	0.666667
14	4	20	0.7
11	1	31	0.354839
3	3	6	0.5
8	4	13	0.615385
6	5	11	0.545455
6	4	9	0.666667
4	5	11	0.363636
4	5	9	0.444444
5	5	10	0.5
4	5	8	0.5
5	5	8	0.625
12	1	25	0.48
8	1	27	0.296296
3	5	6	0.5
2	2	7	0.285714
11	1	35	0.314286
7	1	20	0.35
7	5	17	0.411765
29	5	44	0.659091
3	4	7	0.428571
4	5	8	0.5
2	4	4	0.5
6	4	15	0.4
3	4	7	0.428571
12	3	16	0.75
1	5	1	1
5	5	10	0.5
8	5	15	0.533333
14	1	76	0.184211
8	3	13	0.615385
5	4	10	0.5
6	5	12	0.5
5	5	8	0.625
6	4	13	0.461538
3	4	4	0.75
6	5	12	0.5
9	4	15	0.6
31	1	57	0.54386
3	4	7	0.428571
6	5	10	0.6
6	3	16	0.375
0	3	4	0
5	4	9	0.555556
4	4	6	0.666667
5	5	9	0.555556
5	5	13	0.384615
3	5	7	0.428571
3	5	4	0.75
0	3	5	0
38	1	81	0.469136
22	5	39	0.564103
6	4	11	0.545455
101	1	367	0.275204
3	4	4	0.75
16	4	25	0.64
17	1	50	0.34
11	1	37	0.297297
6	5	8	0.75
8	5	10	0.8
10	2	27	0.37037
2	4	2	1
2	3	10	0.2
7	5	13	0.538462
8	4	14	0.571429
6	4	11	0.545455
11	3	19	0.578947
100	1	269	0.371747
6	4	11	0.545455
0	5	0	0
6	5	14	0.428571
25	1	77	0.324675
2	5	8	0.25
3	5	7	0.428571
14	1	35	0.4
9	5	16	0.5625
6	5	12	0.5
10	5	23	0.434783
29	1	74	0.391892
16	2	28	0.571429
23	1	64	0.359375
11	1	31	0.354839
14	1	32	0.4375
11	5	21	0.52381
3	4	6	0.5
28	5	41	0.682927
1	2	1	1
1	5	1	1
2	5	7	0.285714
9	5	15	0.6
4	5	10	0.4
6	5	22	0.272727
21	3	43	0.488372
6	5	18	0.333333
14	1	41	0.341463
3	4	8	0.375
14	1	38	0.368421
8	3	13	0.615385
16	1	29	0.551724
34	1	64	0.53125
3	5	11	0.272727
0	1	3	0
7	5	22	0.318182
30	1	69	0.434783
27	1	42	0.642857
35	1	59	0.59322
17	2	23	0.73913
48	1	71	0.676056
10	5	36	0.277778
10	5	33	0.30303
81	1	108	0.75
10	1	27	0.37037
6	4	21	0.285714
18	1	30	0.6
21	1	46	0.456522
29	1	44	0.659091
6	5	15	0.4
5	2	11	0.454545
6	5	11	0.545455
3	3	5	0.6
5	5	11	0.454545
3	5	8	0.375
10	5	16	0.625
6	1	13	0.461538
4	5	7	0.571429
1	3	7	0.142857
7	5	20	0.35
3	4	33	0.0909091
4	5	29	0.137931
15	2	25	0.6
15	1	32	0.46875
17	1	31	0.548387
2	3	6	0.333333
38	2	77	0.493506
13	2	26	0.5
39	1	124	0.314516
21	1	52	0.403846
9	5	19	0.473684
14	5	27	0.518519
5	3	17	0.294118
13	1	55	0.236364
7	5	18	0.388889
29	4	42	0.690476
14	1	44	0.318182
21	1	43	0.488372
4	5	12	0.333333
21	1	46	0.456522
4	5	14	0.285714
1	5	8	0.125
23	5	29	0.793103
3	4	11	0.272727
26	1	38	0.684211
36	1	77	0.467532
9	1	18	0.5
7	5	17	0.411765
22	5	55	0.4
2	5	14	0.142857
14	1	36	0.388889
16	1	33	0.484848
0	5	6	0
9	5	16	0.5625
10	1	21	0.47619
12	1	22	0.545455
11	5	21	0.52381
0	5	0	0
11	1	20	0.55
42	1	85	0.494118
15	5	30	0.5
0	5	0	0
4	5	14	0.285714
5	5	16	0.3125
17	1	28	0.607143
12	1	28	0.428571
8	4	14	0.571429
2	5	11	0.181818
1	5	7	0.142857
18	1	29	0.62069
7	1	12	0.583333
12	1	19	0.631579
7	1	15	0.466667
2	4	6	0.333333
5	1	11	0.454545
3	4	6	0.5
13	1	21	0.619048
8	1	15	0.533333
7	1	12	0.583333
2	4	6	0.333333
0	3	0	0
6	1	11	0.545455
8	1	13	0.615385
1	5	5	0.2
3	5	8	0.375
7	1	12	0.583333
3	4	8	0.375
6	1	11	0.545455
12	1	19	0.631579
1	5	4	0.25
8	1	13	0.615385
26	1	154	0.168831
19	1	65	0.292308
14	5	26	0.538462
11	1	54	0.203704
13	1	67	0.19403
14	3	31	0.451613
22	5	37	0.594595
30	1	124	0.241935
20	1	62	0.322581
12	1	52	0.230769
18	1	48	0.375
26	5	47	0.553191
14	4	30	0.466667
5	4	16	0.3125
4	4	14	0.285714
6	4	16	0.375
24	2	48	0.5
19	4	30	0.633333
20	5	47	0.425532
9	4	21	0.428571
33	1	88	0.375
13	4	19	0.684211
37	1	66	0.560606
26	5	51	0.509804
24	1	61	0.393443
7	3	16	0.4375
14	2	29	0.482759
19	1	51	0.372549
20	1	46	0.434783
16	1	50	0.32
15	5	32	0.46875
7	5	18	0.388889
9	5	22	0.409091
16	5	34	0.470588
0	5	0	0
7	5	16	0.4375
9	5	19	0.473684
8	2	11	0.727273
2	5	8	0.25
1	4	4	0.25
12	2	20	0.6
0	5	4	0
30	1	74	0.405405
6	2	8	0.75
12	1	27	0.444444
9	5	21	0.428571
24	1	76	0.315789
3	4	5	0.6
0	5	0	0
11	1	38	0.289474
8	5	16	0.5
6	5	19	0.315789
7	5	20	0.35
9	1	21	0.428571
8	1	29	0.275862
15	1	42	0.357143
11	1	29	0.37931
0	2	1	0
6	5	15	0.4
9	3	13	0.692308
6	4	12	0.5
5	2	13	0.384615
14	1	41	0.341463
8	5	15	0.533333
17	1	31	0.548387
3	5	11	0.272727
16	1	33	0.484848
25	5	36	0.694444
72	1	224	0.321429
25	1	62	0.403226
26	1	58	0.448276
37	1	96	0.385417
3	4	6	0.5
24	5	34	0.705882
23	2	43	0.534884
24	5	33	0.727273
26	1	56	0.464286
5	5	18	0.277778
8	5	15	0.533333
6	5	11	0.545455
7	4	14	0.5
20	1	43	0.465116
10	5	18	0.555556
21	1	39	0.538462
4	4	11	0.363636
3	3	5	0.6
1	4	6	0.166667
13	2	18	0.722222
17	1	36	0.472222
1	5	8	0.125
7	1	18	0.388889
14	5	24	0.583333
8	5	19	0.421053
9	3	17	0.529412
23	1	49	0.469388
17	2	28	0.607143
11	5	30	0.366667
0	3	0	0
3	5	11	0.272727
15	1	24	0.625
7	5	17	0.411765
3	4	6	0.5
14	1	65	0.215385
7	5	13	0.538462
9	1	22	0.409091
9	5	14	0.642857
9	1	26	0.346154
18	1	52	0.346154
9	5	15	0.6
1	4	6	0.166667
2	5	7	0.285714
6	3	7	0.857143
7	1	12	0.583333
10	1	26	0.384615
0	5	0	0
3	2	15	0.2
1	4	3	0.333333
3	5	6	0.5
4	5	6	0.666667
7	1	15	0.466667
13	5	21	0.619048
17	1	64	0.265625
27	5	35	0.771429
9	2	35	0.257143
5	5	7	0.714286
9	5	17	0.529412
9	5	15	0.6
12	5	17	0.705882
4	4	8	0.5
5	4	16	0.3125
12	1	26	0.461538
9	5	12	0.75
9	5	16	0.5625
19	1	60	0.316667
13	1	42	0.309524
14	1	24	0.583333
6	5	14	0.428571
2	4	7	0.285714
1	5	2	0.5
3	5	8	0.375
17	1	50	0.34
1	5	8	0.125
9	5	19	0.473684
2	5	6	0.333333
2	3	8	0.25
4	5	8	0.5
3	5	5	0.6
10	1	25	0.4
6	5	10	0.6
11	5	17	0.647059
8	3	10	0.8
2	5	8	0.25
5	5	7	0.714286
10	1	23	0.434783
2	5	9	0.222222
12	1	22	0.545455
5	1	16	0.3125
3	3	4	0.75
24	1	63	0.380952
15	5	22	0.681818
4	5	6	0.666667
6	5	19	0.315789
5	5	12	0.416667
19	1	44	0.431818
27	1	89	0.303371
6	4	11	0.545455
11	3	16	0.6875
3	5	9	0.333333
21	1	54	0.388889
9	3	15	0.6
16	3	24	0.666667
4	5	11	0.363636
32	4	58	0.551724
10	1	42	0.238095
29	1	59	0.491525
17	3	26	0.653846
7	4	13	0.538462
5	5	13	0.384615
6	3	9	0.666667
5	4	10	0.5
15	2	24	0.625
28	1	62	0.451613
4	5	14	0.285714
3	4	11	0.272727
4	5	13	0.307692
12	1	32	0.375
15	1	38	0.394737
12	1	24	0.5
4	5	15	0.266667
4	5	10	0.4
11	1	25	0.44
12	1	29	0.413793
23	1	70	0.328571
10	5	15	0.666667
4	5	8	0.5
9	5	20	0.45
0	5	0	0
3	5	4	0.75
3	5	5	0.6
8	4	11	0.727273
6	5	8	0.75
7	5	11	0.636364
6	5	11	0.545455
4	5	7	0.571429
0	3	1	0
13	1	25	0.52
6	5	9	0.666667
1	1	3	0.333333
1	3	2	0.5
4	4	9	0.444444
5	5	13	0.384615
8	2	14	0.571429
14	1	30	0.466667
11	2	24	0.458333
18	1	47	0.382979
3	2	10	0.3
4	4	8	0.5
4	4	5	0.8
12	1	28	0.428571
7	4	10	0.7
15	1	32	0.46875
9	5	13	0.692308
13	5	18	0.722222
7	5	10	0.7
9	5	12	0.75
6	5	9	0.666667
7	5	11	0.636364
28	1	59	0.474576
2	4	8	0.25
23	1	34	0.676471
10	5	18	0.555556
4	3	4	1
5	4	8	0.625
2	5	9	0.222222
4	4	9	0.444444
9	1	22	0.409091
5	5	10	0.5
2	2	8	0.25
3	3	5	0.6
5	4	8	0.625
19	1	34	0.558824
24	1	56	0.428571
26	1	57	0.45614
7	4	12	0.583333
5	5	15	0.333333
4	4	13	0.307692
5	5	13	0.384615
5	3	10	0.5
14	1	29	0.482759
5	5	11	0.454545
17	1	27	0.62963
17	2	24	0.708333
78	2	123	0.634146
4	4	18	0.222222
3	5	10	0.3
10	5	22	0.454545
3	4	5	0.6
6	5	23	0.26087
6	5	14	0.428571
12	4	20	0.6
21	1	41	0.512195
4	4	10	0.4
14	5	19	0.736842
4	5	8	0.5
2	3	4	0.5
14	5	19	0.736842
13	5	19	0.684211
10	3	19	0.526316
1	1	3	0.333333
2	5	6	0.333333
14	5	25	0.56
13	5	20	0.65
13	1	26	0.5
22	5	32	0.6875
11	5	18	0.611111
3	5	10	0.3
3	3	8	0.375
4	5	11	0.363636
3	5	10	0.3
19	1	42	0.452381
0	5	7	0
16	1	25	0.64
13	1	26	0.5
2	5	9	0.222222
22	1	46	0.478261
4	4	6	0.666667
0	5	6	0
1	4	4	0.25
1	5	10	0.1
10	2	14	0.714286
21	4	32	0.65625
1	4	7	0.142857
1	5	10	0.1
7	5	13	0.538462
3	5	9	0.333333
1	3	13	0.0769231
1	4	7	0.142857
7	3	10	0.7
5	5	20	0.25
32	4	46	0.695652
5	5	15	0.333333
2	5	8	0.25
1	5	2	0.5
4	5	15	0.266667
1	5	11	0.0909091
1	4	2	0.5
14	2	20	0.7
3	5	11	0.272727
13	2	20	0.65
4	5	14	0.285714
3	5	10	0.3
3	5	8	0.375
5	5	12	0.416667
0	5	9	0
2	5	7	0.285714
1	5	6	0.166667
5	5	16	0.3125
6	5	17	0.352941
8	5	15	0.533333
14	5	29	0.482759
3	4	10	0.3
23	1	48	0.479167
11	4	16	0.6875
22	3	31	0.709677
2	5	11	0.181818
0	4	7	0
8	5	19	0.421053
5	5	16	0.3125
9	5	20	0.45
24	2	39	0.615385
6	5	17	0.352941
29	1	60	0.483333
3	5	13	0.230769
21	3	30	0.7
20	3	26	0.769231
3	5	12	0.25
21	2	47	0.446809
4	3	10	0.4
8	5	25	0.32
10	3	14	0.714286
2	5	12	0.166667
3	4	6	0.5
12	1	19	0.631579
2	5	11	0.181818
4	4	11	0.363636
2	5	5	0.4
3	4	5	0.6
39	1	60	0.65
3	4	6	0.5
7	5	15	0.466667
1	5	5	0.2
24	1	35	0.685714
1	4	6	0.166667
1	5	5	0.2
2	3	6	0.333333
0	4	3	0
99	1	190	0.521053
12	2	18	0.666667
8	3	24	0.333333
24	5	41	0.585366
13	2	38	0.342105
9	5	19	0.473684
5	4	9	0.555556
8	2	22	0.363636
6	5	11	0.545455
10	5	21	0.47619
1	4	2	0.5
4	4	8	0.5
2	5	5	0.4
4	5	7	0.571429
6	5	14	0.428571
2	4	6	0.333333
32	1	56	0.571429
6	3	11	0.545455
13	2	23	0.565217
12	2	20	0.6
1	4	2	0.5
56	1	83	0.674699
9	5	22	0.409091
4	5	12	0.333333
12	4	24	0.5
4	5	9	0.444444
8	5	13	0.615385
12	2	26	0.461538
19	5	32	0.59375
11	5	22	0.5
4	4	9	0.444444
5	5	12	0.416667
8	5	18	0.444444
3	5	6	0.5
5	5	11	0.454545
21	5	34	0.617647
5	5	10	0.5
11	5	18	0.611111
7	5	12	0.583333
14	5	24	0.583333
19	5	32	0.59375
20	5	27	0.740741
49	2	89	0.550562
15	2	24	0.625
3	3	9	0.333333
6	3	15	0.4
38	1	70	0.542857
6	5	10	0.6
35	1	65	0.538462
3	5	5	0.6
6	5	8	0.75
7	4	9	0.777778
9	4	18	0.5
10	3	14	0.714286
16	3	34	0.470588
7	5	12	0.583333
3	3	6	0.5
9	5	13	0.692308
17	5	23	0.73913
5	4	9	0.555556
34	1	77	0.441558
2	5	5	0.4
4	5	9	0.444444
9	4	14	0.642857
8	5	14	0.571429
3	3	12	0.25
2	4	4	0.5
7	5	14	0.5
2	4	5	0.4
5	5	8	0.625
15	3	25	0.6
9	5	15	0.6
3	2	7	0.428571
8	5	11	0.727273
6	5	11	0.545455
6	5	13	0.461538
6	5	7	0.857143
5	5	7	0.714286
2	4	4	0.5
5	5	8	0.625
24	5	38	0.631579
4	5	5	0.8
2	3	4	0.5
23	5	35	0.657143
110	5	152	0.723684
166	5	254	0.653543
49	5	68	0.720588
140	5	188	0.744681
63	5	81	0.777778
78	5	103	0.757282
49	5	58	0.844828
78	5	94	0.829787
190	5	252	0.753968
52	5	86	0.604651
53	5	66	0.80303
25	5	41	0.609756
20	5	26	0.769231
25	5	32	0.78125
1097	5	1965	0.55827
34	5	41	0.829268
55	5	76	0.723684
31	5	38	0.815789
18	5	26	0.692308
32	5	40	0.8
31	5	38	0.815789
32	5	40	0.8
22	4	48	0.458333
30	5	37	0.810811
13	5	16	0.8125
22	5	32	0.6875
10	5	14	0.714286
15	5	27	0.555556
8	5	13	0.615385
5	5	7	0.714286
10	4	14	0.714286
8	5	11	0.727273
15	5	26	0.576923
24	5	33	0.727273
7	5	10	0.7
16	5	20	0.8
22	5	29	0.758621
12	5	17	0.705882
20	5	26	0.769231
7	5	12	0.583333
5	5	14	0.357143
19	5	30	0.633333
15	5	20	0.75
8	5	13	0.615385
17	5	24	0.708333
11	5	16	0.6875
8	5	17	0.470588
6	5	12	0.5
21	5	30	0.7
8	5	11	0.727273
8	5	19	0.421053
12	5	14	0.857143
52	5	76	0.684211
12	5	29	0.413793
22	5	33	0.666667
23	5	39	0.589744
17	5	21	0.809524
28	4	40	0.7
28	5	44	0.636364
15	4	23	0.652174
17	5	23	0.73913
17	5	21	0.809524
18	5	21	0.857143
10	5	19	0.526316
16	4	34	0.470588
22	5	33	0.666667
12	5	17	0.705882
11	5	13	0.846154
5	5	7	0.714286
20	5	43	0.465116
25	5	44	0.568182
28	5	39	0.717949
10	4	16	0.625
21	5	36	0.583333
11	5	15	0.733333
5	5	7	0.714286
20	5	29	0.689655
13	5	26	0.5
29	5	42	0.690476
10	5	18	0.555556
87	1	214	0.406542
17	5	28	0.607143
6	5	9	0.666667
16	5	29	0.551724
13	4	22	0.590909
42	5	52	0.807692
6	5	7	0.857143
22	5	33	0.666667
8	5	11	0.727273
5	5	7	0.714286
12	4	19	0.631579
9	5	11	0.818182
9	5	18	0.5
8	5	10	0.8
8	5	11	0.727273
8	5	10	0.8
7	5	13	0.538462
6	5	19	0.315789
6	5	7	0.857143
6	5	9	0.666667
6	5	7	0.857143
7	5	11	0.636364
8	5	13	0.615385
8	5	11	0.727273
9	5	17	0.529412
8	5	13	0.615385
0	5	0	0
8	5	13	0.615385
18	5	26	0.692308
8	5	11	0.727273
7	5	8	0.875
10	5	18	0.555556
7	5	10	0.7
8	5	10	0.8
6	5	10	0.6
8	5	11	0.727273
8	5	15	0.533333
7	5	10	0.7
8	5	11	0.727273
7	5	8	0.875
9	5	12	0.75
8	5	11	0.727273
9	5	14	0.642857
7	5	8	0.875
19	5	26	0.730769
6	5	9	0.666667
9	5	10	0.9
8	5	10	0.8
8	5	11	0.727273
11	5	14	0.785714
228	5	258	0.883721
8	5	11	0.727273
15	5	31	0.483871
10	5	39	0.25641
11	5	14	0.785714
9	5	14	0.642857
212	5	248	0.854839
886	5	1021	0.867777
340	4	382	0.890052
529	5	619	0.854604
