16 3
4 5
2 2
7 5
8 3
1 5
3 5
2 5
7 4
4 5
22 3
1 4
10 5
4 5
3 5
8 4
4 5
9 1
4 5
2 5
13 5
15 4
10 5
10 2
4 4
1 4
6 5
5 5
13 5
19 5
14 5
14 1
10 3
2 3
6 5
15 2
3 1
5 5
41 3
10 5
18 4
9 5
18 5
7 5
11 5
3 3
12 5
32 1
5 4
18 3
9 4
1 4
10 5
22 5
0 4
16 5
9 5
5 5
1 2
14 5
9 5
10 4
17 5
6 4
6 5
6 5
6 5
4 5
8 5
8 5
5 5
4 4
5 5
11 5
6 3
4 1
17 2
2 2
18 5
4 5
3 5
2 4
8 5
5 3
20 2
2 5
5 5
50 3
2 5
3 5
4 4
1 5
7 5
1 5
10 5
41 5
147 5
2 5
8 5
6 5
2 5
1 5
20 5
4 3
2 5
0 5
2 5
3 5
16 5
1 5
8 5
7 5
5 5
17 5
10 5
12 5
11 5
13 3
18 4
9 5
4 5
2 5
5 3
5 3
1 4
7 4
8 3
15 1
10 5
5 3
7 5
9 5
6 5
11 5
14 5
3 4
0 4
4 2
10 4
2 5
5 1
2 2
37 3
14 5
12 5
12 4
5 5
6 5
22 3
16 5
3 5
2 5
0 5
4 5
2 5
5 5
2 2
5 4
2 5
3 4
3 5
4 5
10 5
1 5
2 5
3 3
6 2
15 5
11 5
4 5
12 5
4 5
5 1
8 2
28 1
5 5
0 5
1 1
9 5
6 1
43 4
11 5
6 5
3 5
43 4
56 4
27 4
8 3
10 3
52 4
3 5
31 5
12 5
2 5
13 5
3 5
25 2
7 5
10 4
20 1
52 2
10 3
4 4
9 4
5 4
20 5
1 5
2 5
1 3
3 4
2 5
10 4
13 3
22 4
8 5
3 4
13 1
18 5
0 5
2 5
57 3
15 5
20 5
17 5
1 5
7 4
0 5
2 5
1 3
20 4
11 4
9 5
6 4
51 1
14 4
5 5
3 5
11 5
3 5
8 1
0 5
9 5
7 5
2 5
2 4
4 5
4 5
19 5
5 5
6 4
22 3
42 5
6 4
10 4
4 4
15 5
19 5
9 4
12 5
10 5
14 5
25 2
0 3
21 3
28 1
11 5
22 5
15 1
21 4
0 5
18 5
3 4
18 5
15 5
1 3
27 3
16 5
4 3
0 4
3 4
3 2
30 4
7 3
5 3
3 5
4 2
16 4
5 5
9 5
23 3
8 4
62 5
0 4
20 5
14 5
41 4
20 5
8 4
29 5
19 2
1 5
7 5
8 4
12 4
5 4
5 5
30 1
73 1
7 5
3 5
25 3
66 5
15 4
11 5
13 1
21 5
13 5
20 5
23 2
24 4
19 5
4 5
84 3
74 4
41 5
29 4
23 5
34 1
13 4
69 4
29 5
3 5
3 5
9 5
1 3
20 5
15 4
19 3
0 5
122 1
22 3
10 5
21 4
8 5
8 5
19 5
12 5
4 4
19 5
29 5
39 5
131 4
10 4
13 5
31 4
15 4
8 5
20 5
116 4
58 5
8 5
4 5
5 2
32 4
70 5
69 5
4 2
6 5
15 5
5 5
3 1
3 3
25 4
103 5
27 5
89 5
19 5
7 5
9 5
35 5
1 5
19 5
31 5
19 3
35 5
566 5
9 5
5 3
8 1
162 5
16 5
60 5
5 3
41 2
11 1
161 1
40 1
32 5
8 5
3 5
3 4
10 1
24 5
5 5
134 5
4 4
58 2
7 4
2 5
28 5
4 5
42 5
5 1
5 5
2 5
9 5
8 5
10 5
4 5
4 5
0 5
8 5
22 4
57 5
58 5
15 5
90 5
8 5
72 1
2 5
1 5
27 2
4 5
3 5
4 4
7 5
19 4
1 4
13 5
4 5
4 5
9 5
17 3
2 5
17 5
15 4
14 5
5 4
56 5
437 5
31 5
6 5
18 5
19 5
1 2
21 5
51 4
27 5
13 3
13 3
10 4
8 5
6 5
5 5
1 5
22 5
5 5
5 1
12 5
10 1
18 5
4 1
4 5
8 5
19 5
3 5
30 1
50 2
10 5
24 5
13 5
42 3
67 5
16 5
208 5
24 5
43 5
32 4
56 3
0 5
0 5
41 5
0 5
0 5
0 5
31 5
60 4
24 5
4 4
13 5
25 4
7 5
34 5
62 2
71 5
16 5
49 5
37 5
0 5
12 5
6 5
26 4
20 3
15 5
23 5
71 5
2 5
35 5
18 4
22 4
130 5
13 5
28 5
116 4
0 4
14 5
64 4
31 3
12 4
1 5
12 5
25 5
13 4
62 4
34 5
28 5
27 1
15 5
0 5
32 5
34 5
22 5
16 5
12 5
3 5
7 1
2 5
4 5
1 5
5 5
2 5
3 5
0 5
1 5
2 5
53 2
0 4
1 4
7 5
0 5
2 5
3 5
2 5
0 5
0 5
9 5
0 5
0 5
1 5
0 5
0 5
59 5
5 1
3 4
44 5
10 1
1 5
8 5
2 5
4 5
1 5
1 5
0 5
0 4
0 4
6 1
1 3
3 5
1 5
0 5
0 5
0 5
1 5
0 5
0 5
0 5
0 5
2 2
1 5
0 5
1 5
1 4
1 5
6 1
7 5
0 3
5 3
0 5
0 5
7 1
1 4
0 5
13 1
0 5
2 1
0 5
0 5
0 5
0 2
18 1
33 5
0 4
4 1
1 5
0 5
2 5
0 5
0 4
1 2
3 1
0 4
1 5
1 5
1 5
0 5
1 5
0 3
0 5
2 1
1 4
1 3
0 5
0 2
0 5
4 2
0 5
2 1
3 1
0 5
0 5
0 5
5 1
0 5
0 5
1 5
14 5
4 1
0 5
0 5
0 5
0 5
0 5
0 5
