5 5
2 5
2 5
9 1
1 5
2 5
4 4
21 1
1 5
2 5
1 4
6 2
1 4
7 2
2 5
6 5
4 5
2 5
4 5
2 5
1 5
5 5
3 4
13 1
1 5
25 1
13 5
2 5
3 5
2 3
2 4
1 4
2 5
7 5
7 4
19 3
4 5
4 4
2 5
2 3
2 4
1 5
601 1
10 2
4 5
1 3
2 5
2 3
1 4
4 2
3 5
1 5
2 5
0 3
3 2
1 4
3 4
6 1
5 2
5 4
10 1
6 4
8 4
4 4
4 2
7 5
5 5
3 5
4 5
14 5
3 5
8 4
2 5
2 4
4 4
4 5
14 2
8 1
12 5
3 5
18 1
4 4
25 1
5 4
3 5
4 5
9 5
3 4
11 4
2 4
9 5
1 4
11 1
3 5
193 1
4 5
2 4
1 5
4 5
4 2
11 5
5 5
3 2
3 5
3 4
4 4
4 5
4 5
6 5
3 4
3 5
24 1
2 3
6 5
4 5
6 5
8 5
3 3
2 4
1 4
0 3
2 5
2 4
8 1
2 5
6 4
2 3
8 5
2 3
1 2
4 4
3 5
4 5
5 5
2 4
0 3
22 1
55 2
3 5
2 5
10 3
2 4
2 5
1 5
5 5
1 5
5 5
3 5
2 4
3 5
1 4
22 5
5 5
1 5
3 5
2 5
5 3
361 1
16 1
3 5
1 3
21 1
2 3
3 5
1 4
1 4
1 3
16 1
14 1
2 5
2 5
11 1
4 5
10 2
3 5
4 3
4 5
3 5
1 4
46 1
3 5
5 5
3 5
2 4
2 5
3 5
4 5
6 2
7 5
2 5
3 5
2 5
2 2
2 5
3 5
2 5
4 2
9 1
1 5
4 5
8 1
6 2
24 2
1 4
1 4
1 5
4 3
0 4
3 5
2 5
18 1
4 5
6 3
3 5
1 4
10 1
7 5
5 2
15 5
3 4
5 5
3 5
1 5
5 5
2 5
2 5
1 4
9 2
2 5
1 5
1 5
1 5
1 5
0 5
2 4
8 2
12 5
2 4
0 5
4 5
3 4
3 5
3 5
4 5
5 2
21 2
4 5
4 5
7 5
37 5
2 4
12 5
7 5
7 5
39 2
35 1
2 4
15 2
22 1
3 5
19 1
8 5
16 2
11 5
7 5
0 5
4 5
3 5
3 5
2429 4
3 5
2 5
3 4
16 1
4 1
9 1
25 2
4 5
2 4
6 5
14 2
1 4
4 5
1 4
1 5
29 1
3 5
2 5
23 1
2 5
6 5
0 5
24 3
1 4
2 5
3 5
1 4
1 5
8 5
5 5
3 5
4 5
4 4
2 5
3 5
19 1
8 4
4 5
3 5
4 5
3 5
2 5
2 5
13 2
27 3
0 5
1 4
3 5
3 4
1 4
22 1
37 1
31 1
2 5
37 1
7 5
3 4
26 2
5 4
0 5
28 1
2 5
6 3
153 1
45 1
165 1
73 1
3 5
61 2
32 1
1 5
7 4
4 5
1 4
3 5
2 5
2 4
2 4
1 5
1 3
2 5
2 5
714 5
0 4
2 5
1 5
36 2
2 5
1 3
18 3
1 5
3 5
0 3
2 5
6 5
1 4
1 5
54 1
2 5
1 4
23 2
3 5
86 1
20 3
1 5
0 5
65 1
7 5
1 5
1 5
1 5
0 4
0 5
0 5
44 1
1 4
1 4
3 5
1 5
43 1
1 4
3 5
2 5
1 5
1 5
1 5
1 5
70 1
9 5
0 3
30 2
1 5
0 4
0 5
17 5
1 5
70 1
27 2
1 4
3 5
0 5
2 5
3 5
1 4
2 5
2 5
4 5
33 1
6 5
2 5
5 5
2 5
9 4
6 5
25 1
10 5
0 4
2 4
1 5
3 5
2 5
11 5
3 5
0 4
293 1
26 1
27 1
3 4
7 3
21 3
43 1
5 5
14 2
1 4
3 5
2 4
1 4
0 4
1 5
1 4
1 4
1 5
0 4
1 5
1 5
1 5
2 5
0 5
1 5
1 5
0 5
0 5
2 5
2 5
1 5
1 5
1 5
36 2
7 4
1 5
2 5
40 5
26 4
7 5
1 5
1 3
5 5
1 5
3 4
2 5
1 5
317 3
2 5
0 4
1 5
2 5
26 2
236 1
22 3
3 4
4 5
0 5
2 5
1 5
0 4
3 5
13 4
9 5
7 5
17 3
3 5
3 5
31 3
6 5
2 5
32 1
6 4
23 3
2 5
3 5
1 5
3 5
30 3
1 4
2 4
3 5
1 5
5 5
2 5
0 5
1 5
0 5
1 5
3 5
0 5
2 5
197 5
0 5
2 5
3 4
3 4
0 4
0 5
9 5
0 3
0 3
3 5
0 5
0 5
0 5
11 2
0 5
0 5
1 5
2 5
0 5
0 5
1 5
2 5
0 5
0 5
0 5
1 5
1 5
0 4
0 5
0 5
0 5
0 5
0 5
0 5
18 1
0 5
0 5
1 4
0 5
1 5
1 4
2 5
1 5
1 5
0 5
0 5
0 5
5 5
0 5
1 4
64 1
14 3
1 5
1 5
1 5
11 3
13 3
