5	5	6	0.833333
2	5	3	0.666667
2	5	2	1
9	1	22	0.409091
1	5	6	0.166667
2	5	2	1
4	4	5	0.8
21	1	26	0.807692
1	5	2	0.5
2	5	4	0.5
1	4	2	0.5
6	2	10	0.6
1	4	2	0.5
7	2	10	0.7
2	5	5	0.4
6	5	8	0.75
4	5	5	0.8
2	5	3	0.666667
4	5	5	0.8
2	5	3	0.666667
1	5	2	0.5
5	5	7	0.714286
3	4	4	0.75
13	1	27	0.481481
1	5	2	0.5
25	1	32	0.78125
13	5	16	0.8125
2	5	5	0.4
3	5	4	0.75
2	3	11	0.181818
2	4	2	1
1	4	4	0.25
2	5	6	0.333333
7	5	10	0.7
7	4	9	0.777778
19	3	23	0.826087
4	5	5	0.8
4	4	6	0.666667
2	5	3	0.666667
2	3	5	0.4
2	4	2	1
1	5	2	0.5
601	1	731	0.822161
10	2	16	0.625
4	5	5	0.8
1	3	6	0.166667
2	5	5	0.4
2	3	6	0.333333
1	4	5	0.2
4	2	6	0.666667
3	5	4	0.75
1	5	3	0.333333
2	5	3	0.666667
0	3	1	0
3	2	6	0.5
1	4	2	0.5
3	4	4	0.75
6	1	12	0.5
5	2	10	0.5
5	4	7	0.714286
10	1	20	0.5
6	4	7	0.857143
8	4	9	0.888889
4	4	6	0.666667
4	2	9	0.444444
7	5	9	0.777778
5	5	7	0.714286
3	5	5	0.6
4	5	6	0.666667
14	5	16	0.875
3	5	4	0.75
8	4	9	0.888889
2	5	4	0.5
2	4	3	0.666667
4	4	6	0.666667
4	5	6	0.666667
14	2	17	0.823529
8	1	13	0.615385
12	5	15	0.8
3	5	4	0.75
18	1	23	0.782609
4	4	5	0.8
25	1	32	0.78125
5	4	7	0.714286
3	5	6	0.5
4	5	6	0.666667
9	5	10	0.9
3	4	4	0.75
11	4	12	0.916667
2	4	3	0.666667
9	5	11	0.818182
1	4	2	0.5
11	1	15	0.733333
3	5	4	0.75
193	1	244	0.790984
4	5	6	0.666667
2	4	5	0.4
1	5	4	0.25
4	5	7	0.571429
4	2	12	0.333333
11	5	15	0.733333
5	5	7	0.714286
3	2	4	0.75
3	5	5	0.6
3	4	5	0.6
4	4	6	0.666667
4	5	6	0.666667
4	5	7	0.571429
6	5	8	0.75
3	4	5	0.6
3	5	5	0.6
24	1	34	0.705882
2	3	5	0.4
6	5	8	0.75
4	5	10	0.4
6	5	9	0.666667
8	5	12	0.666667
3	3	5	0.6
2	4	3	0.666667
1	4	4	0.25
0	3	4	0
2	5	6	0.333333
2	4	3	0.666667
8	1	21	0.380952
2	5	4	0.5
6	4	8	0.75
2	3	4	0.5
8	5	11	0.727273
2	3	3	0.666667
1	2	4	0.25
4	4	7	0.571429
3	5	8	0.375
4	5	7	0.571429
5	5	6	0.833333
2	4	3	0.666667
0	3	3	0
22	1	52	0.423077
55	2	78	0.705128
3	5	10	0.3
2	5	7	0.285714
10	3	24	0.416667
2	4	3	0.666667
2	5	4	0.5
1	5	5	0.2
5	5	7	0.714286
1	5	4	0.25
5	5	7	0.714286
3	5	5	0.6
2	4	3	0.666667
3	5	6	0.5
1	4	2	0.5
22	5	29	0.758621
5	5	7	0.714286
1	5	4	0.25
3	5	5	0.6
2	5	4	0.5
5	3	7	0.714286
361	1	440	0.820455
16	1	24	0.666667
3	5	7	0.428571
1	3	3	0.333333
21	1	28	0.75
2	3	4	0.5
3	5	5	0.6
1	4	7	0.142857
1	4	2	0.5
1	3	2	0.5
16	1	21	0.761905
14	1	19	0.736842
2	5	3	0.666667
2	5	3	0.666667
11	1	19	0.578947
4	5	6	0.666667
10	2	12	0.833333
3	5	5	0.6
4	3	6	0.666667
4	5	5	0.8
3	5	5	0.6
1	4	2	0.5
46	1	56	0.821429
3	5	5	0.6
5	5	7	0.714286
3	5	5	0.6
2	4	3	0.666667
2	5	2	1
3	5	5	0.6
4	5	5	0.8
6	2	13	0.461538
7	5	9	0.777778
2	5	3	0.666667
3	5	5	0.6
2	5	3	0.666667
2	2	7	0.285714
2	5	3	0.666667
3	5	4	0.75
2	5	3	0.666667
4	2	5	0.8
9	1	22	0.409091
1	5	5	0.2
4	5	6	0.666667
8	1	20	0.4
6	2	11	0.545455
24	2	30	0.8
1	4	2	0.5
1	4	4	0.25
1	5	3	0.333333
4	3	7	0.571429
0	4	1	0
3	5	5	0.6
2	5	3	0.666667
18	1	27	0.666667
4	5	6	0.666667
6	3	9	0.666667
3	5	4	0.75
1	4	3	0.333333
10	1	19	0.526316
7	5	13	0.538462
5	2	9	0.555556
15	5	21	0.714286
3	4	4	0.75
5	5	7	0.714286
3	5	4	0.75
1	5	2	0.5
5	5	6	0.833333
2	5	3	0.666667
2	5	3	0.666667
1	4	2	0.5
9	2	11	0.818182
2	5	3	0.666667
1	5	2	0.5
1	5	2	0.5
1	5	2	0.5
1	5	2	0.5
0	5	1	0
2	4	3	0.666667
8	2	12	0.666667
12	5	15	0.8
2	4	3	0.666667
0	5	0	0
4	5	5	0.8
3	4	4	0.75
3	5	5	0.6
3	5	4	0.75
4	5	5	0.8
5	2	7	0.714286
21	2	30	0.7
4	5	5	0.8
4	5	5	0.8
7	5	10	0.7
37	5	59	0.627119
2	4	6	0.333333
12	5	18	0.666667
7	5	14	0.5
7	5	13	0.538462
39	2	65	0.6
35	1	45	0.777778
2	4	7	0.285714
15	2	32	0.46875
22	1	30	0.733333
3	5	4	0.75
19	1	26	0.730769
8	5	14	0.571429
16	2	24	0.666667
11	5	15	0.733333
7	5	13	0.538462
0	5	0	0
4	5	9	0.444444
3	5	4	0.75
3	5	6	0.5
2429	4	2577	0.942569
3	5	9	0.333333
2	5	6	0.333333
3	4	3	1
16	1	35	0.457143
4	1	7	0.571429
9	1	13	0.692308
25	2	37	0.675676
4	5	11	0.363636
2	4	3	0.666667
6	5	9	0.666667
14	2	18	0.777778
1	4	3	0.333333
4	5	6	0.666667
1	4	3	0.333333
1	5	3	0.333333
29	1	41	0.707317
3	5	5	0.6
2	5	4	0.5
23	1	30	0.766667
2	5	4	0.5
6	5	9	0.666667
0	5	0	0
24	3	30	0.8
1	4	2	0.5
2	5	6	0.333333
3	5	4	0.75
1	4	2	0.5
1	5	2	0.5
8	5	10	0.8
5	5	7	0.714286
3	5	5	0.6
4	5	4	1
4	4	4	1
2	5	4	0.5
3	5	5	0.6
19	1	29	0.655172
8	4	11	0.727273
4	5	6	0.666667
3	5	4	0.75
4	5	6	0.666667
3	5	4	0.75
2	5	3	0.666667
2	5	3	0.666667
13	2	18	0.722222
27	3	32	0.84375
0	5	1	0
1	4	2	0.5
3	5	4	0.75
3	4	5	0.6
1	4	4	0.25
22	1	28	0.785714
37	1	47	0.787234
31	1	39	0.794872
2	5	3	0.666667
37	1	47	0.787234
7	5	13	0.538462
3	4	7	0.428571
26	2	33	0.787879
5	4	7	0.714286
0	5	1	0
28	1	37	0.756757
2	5	5	0.4
6	3	7	0.857143
153	1	194	0.78866
45	1	56	0.803571
165	1	207	0.797101
73	1	93	0.784946
3	5	5	0.6
61	2	86	0.709302
32	1	41	0.780488
1	5	5	0.2
7	4	8	0.875
4	5	6	0.666667
1	4	2	0.5
3	5	5	0.6
2	5	3	0.666667
2	4	3	0.666667
2	4	4	0.5
1	5	2	0.5
1	3	2	0.5
2	5	3	0.666667
2	5	4	0.5
714	5	861	0.829268
0	4	1	0
2	5	4	0.5
1	5	2	0.5
36	2	46	0.782609
2	5	3	0.666667
1	3	1	1
18	3	23	0.782609
1	5	3	0.333333
3	5	4	0.75
0	3	0	0
2	5	3	0.666667
6	5	9	0.666667
1	4	3	0.333333
1	5	1	1
54	1	69	0.782609
2	5	3	0.666667
1	4	2	0.5
23	2	28	0.821429
3	5	4	0.75
86	1	108	0.796296
20	3	25	0.8
1	5	2	0.5
0	5	1	0
65	1	84	0.77381
7	5	9	0.777778
1	5	2	0.5
1	5	1	1
1	5	1	1
0	4	2	0
0	5	0	0
0	5	0	0
44	1	54	0.814815
1	4	2	0.5
1	4	2	0.5
3	5	4	0.75
1	5	2	0.5
43	1	56	0.767857
1	4	5	0.2
3	5	4	0.75
2	5	4	0.5
1	5	3	0.333333
1	5	3	0.333333
1	5	3	0.333333
1	5	2	0.5
70	1	84	0.833333
9	5	11	0.818182
0	3	4	0
30	2	38	0.789474
1	5	4	0.25
0	4	1	0
0	5	0	0
17	5	21	0.809524
1	5	2	0.5
70	1	89	0.786517
27	2	34	0.794118
1	4	1	1
3	5	4	0.75
0	5	1	0
2	5	3	0.666667
3	5	4	0.75
1	4	1	1
2	5	5	0.4
2	5	3	0.666667
4	5	6	0.666667
33	1	44	0.75
6	5	6	1
2	5	3	0.666667
5	5	7	0.714286
2	5	3	0.666667
9	4	13	0.692308
6	5	9	0.666667
25	1	35	0.714286
10	5	12	0.833333
0	4	0	0
2	4	3	0.666667
1	5	4	0.25
3	5	6	0.5
2	5	3	0.666667
11	5	13	0.846154
3	5	4	0.75
0	4	0	0
293	1	361	0.811634
26	1	34	0.764706
27	1	36	0.75
3	4	3	1
7	3	11	0.636364
21	3	26	0.807692
43	1	55	0.781818
5	5	8	0.625
14	2	18	0.777778
1	4	3	0.333333
3	5	5	0.6
2	4	4	0.5
1	4	3	0.333333
0	4	0	0
1	5	2	0.5
1	4	1	1
1	4	2	0.5
1	5	2	0.5
0	4	0	0
1	5	2	0.5
1	5	2	0.5
1	5	2	0.5
2	5	3	0.666667
0	5	0	0
1	5	3	0.333333
1	5	1	1
0	5	0	0
0	5	0	0
2	5	3	0.666667
2	5	3	0.666667
1	5	2	0.5
1	5	3	0.333333
1	5	2	0.5
36	2	44	0.818182
7	4	8	0.875
1	5	2	0.5
2	5	2	1
40	5	50	0.8
26	4	32	0.8125
7	5	9	0.777778
1	5	2	0.5
1	3	6	0.166667
5	5	7	0.714286
1	5	4	0.25
3	4	4	0.75
2	5	5	0.4
1	5	3	0.333333
317	3	380	0.834211
2	5	3	0.666667
0	4	0	0
1	5	2	0.5
2	5	2	1
26	2	32	0.8125
236	1	283	0.833922
22	3	25	0.88
3	4	4	0.75
4	5	6	0.666667
0	5	0	0
2	5	2	1
1	5	2	0.5
0	4	0	0
3	5	5	0.6
13	4	17	0.764706
9	5	11	0.818182
7	5	9	0.777778
17	3	24	0.708333
3	5	4	0.75
3	5	4	0.75
31	3	37	0.837838
6	5	9	0.666667
2	5	3	0.666667
32	1	44	0.727273
6	4	8	0.75
23	3	34	0.676471
2	5	4	0.5
3	5	4	0.75
1	5	3	0.333333
3	5	5	0.6
30	3	45	0.666667
1	4	3	0.333333
2	4	2	1
3	5	5	0.6
1	5	2	0.5
5	5	5	1
2	5	2	1
0	5	0	0
1	5	2	0.5
0	5	0	0
1	5	2	0.5
3	5	5	0.6
0	5	0	0
2	5	2	1
197	5	260	0.757692
0	5	0	0
2	5	3	0.666667
3	4	5	0.6
3	4	5	0.6
0	4	2	0
0	5	1	0
9	5	11	0.818182
0	3	1	0
0	3	0	0
3	5	4	0.75
0	5	0	0
0	5	0	0
0	5	1	0
11	2	13	0.846154
0	5	0	0
0	5	0	0
1	5	1	1
2	5	2	1
0	5	0	0
0	5	0	0
1	5	2	0.5
2	5	3	0.666667
0	5	0	0
0	5	0	0
0	5	0	0
1	5	2	0.5
1	5	2	0.5
0	4	0	0
0	5	0	0
0	5	1	0
0	5	0	0
0	5	0	0
0	5	0	0
0	5	0	0
18	1	32	0.5625
0	5	0	0
0	5	0	0
1	4	1	1
0	5	0	0
1	5	1	1
1	4	1	1
2	5	3	0.666667
1	5	1	1
1	5	2	0.5
0	5	0	0
0	5	0	0
0	5	0	0
5	5	7	0.714286
0	5	0	0
1	4	2	0.5
64	1	79	0.810127
14	3	25	0.56
1	5	2	0.5
1	5	2	0.5
1	5	1	1
11	3	27	0.407407
13	3	16	0.8125
