35 1
40 1
6 3
35 1
12 5
7 3
28 1
15 2
7 4
33 2
4 4
2 4
18 2
5 4
9 5
27 1
5 5
15 1
4 5
4 4
0 4
2 5
3 4
6 2
1 5
1 5
6 2
1 5
27 1
19 1
4 2
7 4
5 5
4 1
1 4
10 1
6 5
5 2
4 3
14 1
5 3
7 5
6 2
7 5
6 1
4 1
6 5
3 4
4 5
8 5
7 5
7 1
6 3
5 2
10 5
10 4
9 5
7 4
4 1
6 5
9 4
12 5
3 3
7 2
4 3
3 4
6 5
5 5
2 3
5 2
3 2
5 4
6 1
4 3
9 2
5 3
13 1
6 2
23 4
12 5
7 5
7 5
4 4
6 5
7 1
12 1
9 5
11 2
1 4
19 5
6 4
5 4
15 1
5 2
6 1
10 4
8 5
3 2
6 4
2 2
542 4
7 3
9 5
4 5
0 3
3 4
7 4
6 3
4 3
6 2
6 4
6 5
5 1
3 2
16 3
8 4
10 3
2 5
5 5
6 1
11 2
6 2
11 5
12 4
6 2
3 2
6 5
10 1
7 5
2 4
6 3
5 5
15 5
9 4
5 4
9 5
4 5
5 2
3 2
7 4
5 4
5 4
3 5
37 5
50 5
2 3
10 2
6 3
5 2
18 5
13 5
3 4
3 3
8 5
1 4
9 1
3 2
10 5
4 2
12 1
4 5
4 3
18 5
1 3
15 1
7 5
6 4
8 1
6 5
10 5
8 4
10 1
10 5
10 4
5 5
7 1
9 1
4 2
12 5
12 1
10 3
14 1
18 4
3 3
17 2
34 4
8 5
5 1
3 5
2 4
9 2
10 4
12 5
0 3
3 2
17 5
2 4
7 5
2 3
6 5
9 1
21 1
0 3
9 1
4 3
2 3
4 5
9 1
3 4
8 2
5 5
8 5
17 5
0 3
9 5
8 5
10 1
8 2
12 1
12 1
13 5
9 1
11 5
10 4
7 4
9 3
2 2
4 3
5 3
1 2
11 1
3 3
8 5
6 2
11 1
10 1
9 1
17 1
5 4
10 5
11 2
14 1
10 5
10 5
10 4
2 4
5 5
13 2
5 5
13 5
11 5
12 4
10 1
12 1
10 1
6 5
5 3
5 3
11 5
5 5
5 5
7 1
9 5
10 5
6 3
4 4
8 2
5 5
18 1
6 4
4 4
7 4
7 4
12 3
9 4
7 3
13 4
10 5
7 5
13 1
7 1
7 4
9 2
71 3
13 2
4 5
11 5
8 4
8 2
7 4
16 1
4 4
2 3
11 5
7 5
3 4
20 1
1 5
20 1
24 1
9 3
5 4
12 2
6 5
21 1
6 3
21 1
14 5
9 1
24 3
7 5
221 5
14 4
11 5
12 1
16 5
2 4
13 5
10 4
12 1
6 3
13 5
441 5
5 3
15 4
9 1
8 4
10 1
9 2
12 5
10 4
9 2
2 3
13 5
7 4
3 3
12 5
5 3
14 1
13 1
14 5
13 1
15 4
11 5
8 5
6 1
7 4
10 5
2 3
6 4
6 4
6 4
29 1
2 4
5 5
10 2
14 1
7 4
4 3
7 5
5 3
2 3
6 5
24 4
15 2
24 2
37 5
5 4
8 1
11 5
4 5
12 1
35 5
5 5
8 5
8 5
7 1
3 2
3 4
7 2
7 1
3 3
3 3
4 5
5 4
1 4
3 4
17 1
33 1
7 2
16 5
11 5
7 5
10 1
13 1
10 2
3 4
3 2
13 1
15 5
20 1
3 3
7 1
3 3
6 5
4 4
13 1
12 2
15 4
8 4
11 1
11 4
31 4
3 4
9 5
16 4
6 5
18 1
6 5
11 5
6 3
10 5
14 4
7 5
2 4
6 3
16 1
9 5
9 5
7 4
10 4
8 5
1 5
5 5
7 5
5 4
9 2
11 4
7 5
18 1
12 5
10 5
16 1
10 5
10 5
13 5
4 2
12 5
16 5
12 5
3 3
12 5
10 4
11 1
16 1
20 5
10 5
11 4
14 4
2 3
10 5
8 1
19 5
10 4
4 4
5 3
6 3
18 1
10 5
6 4
27 5
11 5
2 3
5 4
13 1
11 5
12 5
11 5
7 4
13 1
7 2
7 1
10 1
12 5
12 4
17 5
14 4
10 2
12 5
13 1
8 1
9 4
11 5
14 5
14 1
16 1
7 3
16 5
28 4
7 2
10 2
20 5
18 4
14 1
13 5
13 2
9 4
11 1
17 1
18 4
11 3
18 2
16 2
12 3
3 2
7 3
102 2
16 5
11 5
8 5
20 4
22 1
105 2
11 5
16 3
14 5
14 1
11 5
19 5
13 1
12 2
11 3
11 5
13 4
7 4
14 5
22 1
13 5
16 1
18 5
16 5
9 3
10 2
11 2
44 3
21 1
13 4
13 1
7 1
31 1
21 3
14 1
8 4
7 4
35 1
18 1
11 3
10 5
6 5
20 1
15 5
22 3
16 5
15 1
19 1
12 1
8 5
17 4
9 3
17 5
23 4
13 3
23 5
16 5
6 3
25 1
34 1
33 1
27 5
17 1
57 1
1186 4
727 4
36 2
31 5
14 1
132 2
