35	1	70	0.5
40	1	80	0.5
6	3	10	0.6
35	1	70	0.5
12	5	16	0.75
7	3	10	0.7
28	1	57	0.491228
15	2	21	0.714286
7	4	15	0.466667
33	2	45	0.733333
4	4	6	0.666667
2	4	3	0.666667
18	2	27	0.666667
5	4	9	0.555556
9	5	14	0.642857
27	1	55	0.490909
5	5	8	0.625
15	1	34	0.441176
4	5	5	0.8
4	4	5	0.8
0	4	1	0
2	5	3	0.666667
3	4	4	0.75
6	2	9	0.666667
1	5	2	0.5
1	5	4	0.25
6	2	14	0.428571
1	5	2	0.5
27	1	55	0.490909
19	1	42	0.452381
4	2	17	0.235294
7	4	9	0.777778
5	5	10	0.5
4	1	17	0.235294
1	4	4	0.25
10	1	28	0.357143
6	5	10	0.6
5	2	14	0.357143
4	3	5	0.8
14	1	35	0.4
5	3	7	0.714286
7	5	10	0.7
6	2	9	0.666667
7	5	10	0.7
6	1	22	0.272727
4	1	17	0.235294
6	5	11	0.545455
3	4	3	1
4	5	9	0.444444
8	5	11	0.727273
7	5	10	0.7
7	1	33	0.212121
6	3	11	0.545455
5	2	8	0.625
10	5	17	0.588235
10	4	14	0.714286
9	5	13	0.692308
7	4	12	0.583333
4	1	18	0.222222
6	5	8	0.75
9	4	12	0.75
12	5	15	0.8
3	3	14	0.214286
7	2	20	0.35
4	3	8	0.5
3	4	10	0.3
6	5	12	0.5
5	5	8	0.625
2	3	8	0.25
5	2	16	0.3125
3	2	6	0.5
5	4	6	0.833333
6	1	32	0.1875
4	3	7	0.571429
9	2	14	0.642857
5	3	9	0.555556
13	1	31	0.419355
6	2	9	0.666667
23	4	29	0.793103
12	5	23	0.521739
7	5	11	0.636364
7	5	10	0.7
4	4	6	0.666667
6	5	8	0.75
7	1	40	0.175
12	1	43	0.27907
9	5	13	0.692308
11	2	21	0.52381
1	4	2	0.5
19	5	25	0.76
6	4	9	0.666667
5	4	6	0.833333
15	1	44	0.340909
5	2	10	0.5
6	1	28	0.214286
10	4	13	0.769231
8	5	10	0.8
3	2	18	0.166667
6	4	8	0.75
2	2	13	0.153846
542	4	623	0.869984
7	3	9	0.777778
9	5	16	0.5625
4	5	6	0.666667
0	3	6	0
3	4	5	0.6
7	4	10	0.7
6	3	8	0.75
4	3	4	1
6	2	9	0.666667
6	4	8	0.75
6	5	8	0.75
5	1	18	0.277778
3	2	6	0.5
16	3	23	0.695652
8	4	12	0.666667
10	3	17	0.588235
2	5	6	0.333333
5	5	6	0.833333
6	1	25	0.24
11	2	28	0.392857
6	2	11	0.545455
11	5	22	0.5
12	4	15	0.8
6	2	14	0.428571
3	2	9	0.333333
6	5	12	0.5
10	1	39	0.25641
7	5	14	0.5
2	4	5	0.4
6	3	9	0.666667
5	5	10	0.5
15	5	20	0.75
9	4	15	0.6
5	4	8	0.625
9	5	14	0.642857
4	5	6	0.666667
5	2	10	0.5
3	2	7	0.428571
7	4	10	0.7
5	4	6	0.833333
5	4	7	0.714286
3	5	5	0.6
37	5	46	0.804348
50	5	63	0.793651
2	3	8	0.25
10	2	18	0.555556
6	3	10	0.6
5	2	12	0.416667
18	5	24	0.75
13	5	17	0.764706
3	4	4	0.75
3	3	9	0.333333
8	5	12	0.666667
1	4	1	1
9	1	33	0.272727
3	2	18	0.166667
10	5	12	0.833333
4	2	9	0.444444
12	1	40	0.3
4	5	8	0.5
4	3	6	0.666667
18	5	24	0.75
1	3	5	0.2
15	1	44	0.340909
7	5	13	0.538462
6	4	8	0.75
8	1	40	0.2
6	5	10	0.6
10	5	14	0.714286
8	4	11	0.727273
10	1	34	0.294118
10	5	15	0.666667
10	4	14	0.714286
5	5	8	0.625
7	1	20	0.35
9	1	26	0.346154
4	2	19	0.210526
12	5	17	0.705882
12	1	38	0.315789
10	3	21	0.47619
14	1	37	0.378378
18	4	33	0.545455
3	3	13	0.230769
17	2	44	0.386364
34	4	51	0.666667
8	5	18	0.444444
5	1	19	0.263158
3	5	9	0.333333
2	4	4	0.5
9	2	24	0.375
10	4	17	0.588235
12	5	18	0.666667
0	3	8	0
3	2	12	0.25
17	5	24	0.708333
2	4	6	0.333333
7	5	10	0.7
2	3	3	0.666667
6	5	9	0.666667
9	1	34	0.264706
21	1	46	0.456522
0	3	2	0
9	1	32	0.28125
4	3	9	0.444444
2	3	4	0.5
4	5	7	0.571429
9	1	29	0.310345
3	4	5	0.6
8	2	25	0.32
5	5	11	0.454545
8	5	15	0.533333
17	5	23	0.73913
0	3	9	0
9	5	13	0.692308
8	5	11	0.727273
10	1	27	0.37037
8	2	24	0.333333
12	1	34	0.352941
12	1	34	0.352941
13	5	20	0.65
9	1	26	0.346154
11	5	20	0.55
10	4	14	0.714286
7	4	9	0.777778
9	3	11	0.818182
2	2	8	0.25
4	3	14	0.285714
5	3	10	0.5
1	2	10	0.1
11	1	28	0.392857
3	3	4	0.75
8	5	12	0.666667
6	2	22	0.272727
11	1	39	0.282051
10	1	31	0.322581
9	1	30	0.3
17	1	42	0.404762
5	4	10	0.5
10	5	18	0.555556
11	2	24	0.458333
14	1	37	0.378378
10	5	18	0.555556
10	5	15	0.666667
10	4	14	0.714286
2	4	8	0.25
5	5	10	0.5
13	2	36	0.361111
5	5	8	0.625
13	5	22	0.590909
11	5	19	0.578947
12	4	20	0.6
10	1	29	0.344828
12	1	32	0.375
10	1	27	0.37037
6	5	11	0.545455
5	3	12	0.416667
5	3	19	0.263158
11	5	17	0.647059
5	5	8	0.625
5	5	8	0.625
7	1	21	0.333333
9	5	14	0.642857
10	5	14	0.714286
6	3	9	0.666667
4	4	11	0.363636
8	2	14	0.571429
5	5	8	0.625
18	1	43	0.418605
6	4	8	0.75
4	4	5	0.8
7	4	9	0.777778
7	4	8	0.875
12	3	15	0.8
9	4	11	0.818182
7	3	10	0.7
13	4	17	0.764706
10	5	16	0.625
7	5	15	0.466667
13	1	36	0.361111
7	1	36	0.194444
7	4	11	0.636364
9	2	20	0.45
71	3	96	0.739583
13	2	24	0.541667
4	5	11	0.363636
11	5	21	0.52381
8	4	14	0.571429
8	2	25	0.32
7	4	12	0.583333
16	1	46	0.347826
4	4	9	0.444444
2	3	14	0.142857
11	5	23	0.478261
7	5	18	0.388889
3	4	6	0.5
20	1	45	0.444444
1	5	13	0.0769231
20	1	49	0.408163
24	1	59	0.40678
9	3	14	0.642857
5	4	11	0.454545
12	2	26	0.461538
6	5	18	0.333333
21	1	46	0.456522
6	3	23	0.26087
21	1	62	0.33871
14	5	29	0.482759
9	1	29	0.310345
24	3	32	0.75
7	5	11	0.636364
221	5	267	0.827715
14	4	19	0.736842
11	5	15	0.733333
12	1	39	0.307692
16	5	22	0.727273
2	4	4	0.5
13	5	17	0.764706
10	4	13	0.769231
12	1	43	0.27907
6	3	31	0.193548
13	5	20	0.65
441	5	516	0.854651
5	3	10	0.5
15	4	20	0.75
9	1	43	0.209302
8	4	11	0.727273
10	1	47	0.212766
9	2	20	0.45
12	5	19	0.631579
10	4	14	0.714286
9	2	25	0.36
2	3	4	0.5
13	5	17	0.764706
7	4	8	0.875
3	3	9	0.333333
12	5	17	0.705882
5	3	15	0.333333
14	1	46	0.304348
13	1	38	0.342105
14	5	22	0.636364
13	1	47	0.276596
15	4	21	0.714286
11	5	15	0.733333
8	5	12	0.666667
6	1	28	0.214286
7	4	12	0.583333
10	5	15	0.666667
2	3	7	0.285714
6	4	9	0.666667
6	4	10	0.6
6	4	8	0.75
29	1	66	0.439394
2	4	7	0.285714
5	5	12	0.416667
10	2	20	0.5
14	1	42	0.333333
7	4	13	0.538462
4	3	10	0.4
7	5	15	0.466667
5	3	15	0.333333
2	3	4	0.5
6	5	12	0.5
24	4	32	0.75
15	2	28	0.535714
24	2	51	0.470588
37	5	50	0.74
5	4	7	0.714286
8	1	29	0.275862
11	5	16	0.6875
4	5	7	0.571429
12	1	48	0.25
35	5	48	0.729167
5	5	10	0.5
8	5	14	0.571429
8	5	13	0.615385
7	1	25	0.28
3	2	13	0.230769
3	4	5	0.6
7	2	16	0.4375
7	1	31	0.225806
3	3	14	0.214286
3	3	12	0.25
4	5	11	0.363636
5	4	8	0.625
1	4	5	0.2
3	4	4	0.75
17	1	44	0.386364
33	1	67	0.492537
7	2	19	0.368421
16	5	26	0.615385
11	5	17	0.647059
7	5	14	0.5
10	1	29	0.344828
13	1	32	0.40625
10	2	25	0.4
3	4	8	0.375
3	2	11	0.272727
13	1	33	0.393939
15	5	24	0.625
20	1	44	0.454545
3	3	7	0.428571
7	1	24	0.291667
3	3	10	0.3
6	5	14	0.428571
4	4	7	0.571429
13	1	33	0.393939
12	2	24	0.5
15	4	21	0.714286
8	4	15	0.533333
11	1	30	0.366667
11	4	23	0.478261
31	4	42	0.738095
3	4	12	0.25
9	5	17	0.529412
16	4	22	0.727273
6	5	14	0.428571
18	1	49	0.367347
6	5	18	0.333333
11	5	19	0.578947
6	3	11	0.545455
10	5	19	0.526316
14	4	29	0.482759
7	5	13	0.538462
2	4	7	0.285714
6	3	9	0.666667
16	1	45	0.355556
9	5	17	0.529412
9	5	14	0.642857
7	4	10	0.7
10	4	16	0.625
8	5	14	0.571429
1	5	4	0.25
5	5	12	0.416667
7	5	14	0.5
5	4	10	0.5
9	2	16	0.5625
11	4	19	0.578947
7	5	14	0.5
18	1	45	0.4
12	5	16	0.75
10	5	15	0.666667
16	1	43	0.372093
10	5	17	0.588235
10	5	14	0.714286
13	5	19	0.684211
4	2	14	0.285714
12	5	18	0.666667
16	5	24	0.666667
12	5	16	0.75
3	3	6	0.5
12	5	21	0.571429
10	4	12	0.833333
11	1	45	0.244444
16	1	47	0.340426
20	5	27	0.740741
10	5	16	0.625
11	4	16	0.6875
14	4	19	0.736842
2	3	7	0.285714
10	5	17	0.588235
8	1	25	0.32
19	5	28	0.678571
10	4	16	0.625
4	4	7	0.571429
5	3	8	0.625
6	3	10	0.6
18	1	45	0.4
10	5	16	0.625
6	4	12	0.5
27	5	37	0.72973
11	5	19	0.578947
2	3	3	0.666667
5	4	10	0.5
13	1	42	0.309524
11	5	24	0.458333
12	5	19	0.631579
11	5	17	0.647059
7	4	14	0.5
13	1	39	0.333333
7	2	25	0.28
7	1	33	0.212121
10	1	36	0.277778
12	5	21	0.571429
12	4	18	0.666667
17	5	26	0.653846
14	4	21	0.666667
10	2	30	0.333333
12	5	21	0.571429
13	1	33	0.393939
8	1	31	0.258065
9	4	13	0.692308
11	5	19	0.578947
14	5	22	0.636364
14	1	37	0.378378
16	1	41	0.390244
7	3	18	0.388889
16	5	27	0.592593
28	4	41	0.682927
7	2	24	0.291667
10	2	30	0.333333
20	5	40	0.5
18	4	26	0.692308
14	1	38	0.368421
13	5	20	0.65
13	2	21	0.619048
9	4	15	0.6
11	1	42	0.261905
17	1	51	0.333333
18	4	27	0.666667
11	3	15	0.733333
18	2	34	0.529412
16	2	38	0.421053
12	3	27	0.444444
3	2	8	0.375
7	3	15	0.466667
102	2	399	0.255639
16	5	26	0.615385
11	5	23	0.478261
8	5	24	0.333333
20	4	28	0.714286
22	1	60	0.366667
105	2	468	0.224359
11	5	20	0.55
16	3	28	0.571429
14	5	27	0.518519
14	1	49	0.285714
11	5	20	0.55
19	5	32	0.59375
13	1	44	0.295455
12	2	38	0.315789
11	3	17	0.647059
11	5	20	0.55
13	4	23	0.565217
7	4	18	0.388889
14	5	27	0.518519
22	1	56	0.392857
13	5	25	0.52
16	1	39	0.410256
18	5	29	0.62069
16	5	28	0.571429
9	3	17	0.529412
10	2	25	0.4
11	2	33	0.333333
44	3	82	0.536585
21	1	51	0.411765
13	4	28	0.464286
13	1	45	0.288889
7	1	16	0.4375
31	1	91	0.340659
21	3	55	0.381818
14	1	33	0.424242
8	4	20	0.4
7	4	14	0.5
35	1	78	0.448718
18	1	61	0.295082
11	3	15	0.733333
10	5	21	0.47619
6	5	21	0.285714
20	1	62	0.322581
15	5	28	0.535714
22	3	30	0.733333
16	5	30	0.533333
15	1	49	0.306122
19	1	79	0.240506
12	1	64	0.1875
8	5	30	0.266667
17	4	34	0.5
9	3	17	0.529412
17	5	32	0.53125
23	4	52	0.442308
13	3	25	0.52
23	5	42	0.547619
16	5	32	0.5
6	3	19	0.315789
25	1	54	0.462963
34	1	95	0.357895
33	1	97	0.340206
27	5	43	0.627907
17	1	106	0.160377
57	1	217	0.262673
1186	4	1432	0.828212
727	4	918	0.791939
36	2	65	0.553846
31	5	52	0.596154
14	1	49	0.285714
132	2	250	0.528
