1 5
0 5
0 5
0 5
0 4
0 4
0 3
1 3
0 4
1 5
1 5
1 4
2 5
0 5
0 5
0 5
7 3
1 2
0 4
0 5
0 5
1 5
0 5
0 3
0 5
0 5
0 5
0 5
0 5
2 5
3 3
2 5
0 4
0 5
0 5
0 5
0 5
1 4
0 5
3 3
0 5
0 5
1 4
0 5
0 5
0 3
0 5
0 5
0 5
0 5
0 4
0 4
0 5
0 5
0 5
28 1
15 1
0 5
0 5
0 5
1 3
1 4
4 3
1 4
0 4
1 4
1 5
1 5
0 5
0 5
1 5
1 5
2 5
0 5
2 5
0 5
1 5
1 3
1 5
0 4
1 4
0 4
0 5
0 5
1 4
0 4
0 4
0 4
0 3
0 3
0 4
3 4
0 4
0 4
0 4
1 5
2 4
1 5
1 4
1 5
1 5
1 4
1 5
2 5
4 5
2 4
1 4
1 5
0 4
0 4
0 5
111 5
0 5
0 4
0 5
0 5
0 4
4 5
0 5
0 4
0 3
18 4
0 5
0 5
0 5
0 3
0 5
1 4
2 4
6 5
0 5
0 5
0 5
2 2
3 5
1 5
1 5
9 5
4 5
1 3
0 5
0 4
0 5
0 4
1 4
0 5
1 5
1 5
1 5
0 4
2 4
13 4
0 5
0 5
1 5
0 5
0 3
1 5
4 5
2 5
12 1
2 4
2 4
0 4
0 4
0 4
0 4
0 4
87 5
0 4
0 4
0 5
0 4
0 5
0 4
0 5
0 4
1 2
0 5
0 4
0 5
1 5
0 5
2 5
0 5
0 4
0 4
0 5
0 5
0 4
0 5
0 5
0 3
0 5
1 5
0 4
0 4
0 4
0 5
0 5
0 5
0 5
1 5
0 4
0 5
0 5
0 5
0 5
0 2
0 3
0 5
0 5
1 5
1 2
2 5
0 5
0 5
0 5
0 5
0 4
0 4
0 5
11 5
0 3
0 5
1 5
3 3
2 5
0 4
0 4
4 5
1 4
1 5
0 5
3 4
0 4
0 3
0 5
0 4
0 4
0 4
0 4
5 4
0 4
0 5
1 5
4 1
4 3
0 4
0 4
0 5
0 5
0 5
9 5
0 5
0 5
0 5
0 4
0 5
0 5
2 5
0 5
0 5
0 4
1 4
0 2
4 5
1 5
0 4
0 5
1 5
1 5
0 5
0 4
0 5
7 5
4 5
0 5
0 4
6 5
0 4
2 5
0 4
0 5
0 5
1 5
0 5
3 5
0 5
0 2
4 5
0 5
0 5
0 4
0 4
0 5
4 5
0 5
1 4
1 5
2 5
0 4
1 4
1 5
1 5
1 4
2 5
2 5
2 4
3 4
0 5
0 4
1 5
1 4
4 1
2 5
1 5
0 3
2 4
0 5
0 4
0 4
1 5
0 5
1 5
0 3
3 5
4 3
7 1
2 5
2 5
2 5
0 4
1 5
0 3
0 3
0 3
0 5
1 5
1 5
1 5
3 4
0 4
0 5
5 5
1 5
0 4
0 5
0 5
0 3
0 4
0 4
14 4
4 1
1 4
1 5
0 5
0 3
0 4
0 4
1 5
0 5
1 4
1 5
3 4
1 5
18 5
12 5
0 5
1 4
1 2
7 5
3 1
0 3
1 3
0 5
0 4
5 4
0 5
3 1
0 5
0 5
1 5
2 5
1 5
2 5
0 5
0 4
12 5
0 3
0 5
0 5
0 5
0 4
0 3
0 5
2 5
0 5
0 5
8 1
0 5
1 5
0 5
3 5
6 1
0 4
0 4
0 4
2 5
2 5
0 3
2 5
1 4
4 5
0 5
0 3
0 2
1 4
1 2
0 2
0 5
0 5
5 5
2 5
0 5
0 5
0 3
0 4
2 3
3 2
1 4
5 4
1 5
1 5
7 5
2 5
1 5
0 4
0 5
0 2
0 3
0 2
0 2
1 5
0 5
0 5
1 5
1 5
3 5
0 5
1 5
0 5
0 5
0 5
0 3
1 5
0 3
0 4
0 4
40 5
0 4
1 5
0 4
0 5
0 5
2 1
0 4
1 4
0 3
0 4
1 1
0 4
0 5
0 4
0 4
2 2
0 4
0 4
1 4
0 3
0 4
0 2
1 5
1 4
0 3
0 4
0 4
0 5
0 3
3 5
0 5
0 5
0 5
1 5
0 5
0 4
0 5
0 5
21 5
0 5
0 5
0 4
1 4
0 5
2 5
0 4
0 4
0 4
1 5
1 5
0 4
9 5
0 5
3 3
2 5
0 3
1 4
0 3
1 4
1 5
0 3
0 3
1 5
2 1
1 3
0 5
0 3
2 1
3 1
1 4
0 5
0 4
2 1
0 5
3 5
0 5
1 4
0 5
27 5
0 4
2 5
8 4
2 5
1 5
1 5
1 5
3 5
0 5
1 5
0 4
0 5
0 4
5 5
1 4
2 3
0 3
1 5
1 4
1 4
2 5
0 4
6 5
0 5
11 5
0 3
0 4
0 3
0 5
0 5
0 5
0 3
1 1
0 5
0 5
1 5
0 5
0 5
9 1
0 5
0 5
0 4
0 5
0 4
0 5
0 5
0 5
0 5
0 2
1 2
0 5
0 4
0 5
0 5
0 3
0 4
0 5
0 2
0 5
0 5
0 5
0 5
0 5
0 5
1 5
0 5
1 5
1 5
