2 4
1 2
3 5
0 5
1 4
0 5
0 4
0 5
1 5
0 4
0 5
2 4
6 5
0 4
0 5
8 1
17 1
0 5
0 5
4 2
0 4
0 5
0 5
0 4
3 2
3 2
1 3
15 1
1 5
2 4
0 5
0 4
2 5
1 4
3 3
1 2
1 2
0 5
2 5
0 5
1 5
1 4
0 4
0 3
1 5
0 4
0 5
0 5
1 5
0 5
0 4
0 2
0 5
17 1
11 1
0 4
0 5
0 4
5 5
0 4
0 2
0 5
1 5
2 5
2 5
1 3
3 3
0 4
0 4
0 5
3 3
1 5
1 2
0 4
0 5
0 5
0 3
2 2
9 1
0 5
0 3
0 4
0 4
1 4
0 5
0 5
1 2
3 5
9 1
1 3
14 1
0 5
0 5
0 4
7 4
0 5
0 5
1 5
4 5
1 3
0 3
0 4
1 5
3 2
1 3
0 5
0 4
0 4
1 3
1 3
0 4
6 5
1 5
0 4
1 4
0 4
0 5
1 5
1 5
1 5
1 5
1 4
3 5
1 5
16 1
0 4
0 5
0 5
0 4
1 5
0 5
18 1
0 5
1 3
0 5
0 5
0 4
6 1
2 4
0 5
1 4
8 1
10 3
1 5
26 1
0 5
1 5
3 3
0 4
0 5
10 1
1 5
6 2
2 5
1 5
1 3
2 5
0 4
0 5
1 5
1 3
4 5
0 5
0 5
0 5
2 4
0 3
0 5
1 4
6 2
3 3
4 4
0 5
1 4
0 5
0 4
0 5
4 3
1 3
0 5
1 4
1 5
6 5
18 1
0 5
8 2
0 5
1 5
0 5
0 5
0 5
0 3
1 5
0 5
2 2
0 5
1 5
1 4
0 5
1 5
0 4
0 5
2 5
3 2
1 4
0 5
1 5
0 5
0 5
1 4
0 1
1 2
0 5
0 5
1 2
16 3
0 2
0 4
1 3
10 1
2 5
0 5
0 5
0 4
0 4
0 5
0 2
16 1
1 4
3 5
1 5
1 4
4 4
0 5
2 3
7 1
0 5
8 1
0 5
0 5
0 4
0 3
4 4
0 5
0 5
4 3
2 3
14 3
1 4
0 3
7 5
0 5
0 5
0 4
2 5
1 5
0 5
1 4
0 5
0 5
1 3
0 3
1 5
2 2
0 2
0 4
0 3
5 5
0 5
0 5
1 2
2 2
0 4
3 4
0 5
0 5
1 5
0 5
2 4
1 5
0 5
0 3
0 5
1 5
0 4
1 5
1 3
0 4
2 4
1 3
1 5
0 5
9 5
0 3
6 5
3 5
2 5
9 1
3 3
3 5
2 5
1 5
5 4
3 5
3 4
3 5
93 5
8 5
2 5
2 4
1 5
1 4
0 3
1 4
2 4
7 5
0 4
12 1
2 4
6 5
0 5
9 2
10 5
0 5
1 5
2 3
3 5
1 4
6 2
2 5
6 4
0 5
0 5
2 5
2 4
5 2
0 5
0 5
2 2
0 4
7 2
2 5
0 3
1 4
7 5
0 5
3 4
2 4
0 4
2 5
3 5
5 5
5 4
2 2
0 5
3 5
10 3
2 3
1 5
0 5
0 5
1 2
5 4
0 5
2 5
1 4
1 4
0 5
0 4
5 2
7 3
1 5
2 5
2 3
1 5
0 4
5 1
2 4
1 5
1 5
3 2
0 5
0 5
0 5
0 5
0 5
0 5
0 5
0 4
1 5
0 5
0 3
0 4
1 5
0 3
0 4
3 3
1 3
0 3
0 5
1 5
0 5
0 5
1 4
2 5
10 2
3 5
0 5
1 5
1 4
3 4
2 5
1 5
1 5
4 4
1 5
8 1
1 5
0 4
0 5
6 2
0 5
1 5
1 4
4 3
1 5
2 5
1 3
0 5
2 3
8 1
18 1
1 4
0 4
0 5
3 5
0 5
6 1
2 4
1 5
1 5
1 5
5 5
0 3
2 4
1 5
6 5
4 5
3 5
4 5
2 5
0 4
8 5
1 3
2 4
2 4
9 2
4 5
6 4
4 1
1 4
3 4
5 5
2 5
2 5
0 5
2 5
7 2
4 1
5 5
2 4
3 2
2 5
0 4
1 5
2 5
0 5
1 5
2 3
0 5
2 4
2 4
0 5
2 5
0 5
0 4
0 5
1 3
0 5
5 1
0 4
0 5
2 5
0 5
0 5
1 5
0 4
0 5
0 4
7 2
0 4
0 5
1 2
0 5
0 5
10 1
0 3
0 5
0 5
0 4
0 2
0 2
0 3
0 4
9 1
0 5
0 2
0 5
0 4
0 5
0 5
0 5
0 2
0 5
3 1
0 4
0 5
0 5
0 2
1 2
0 5
0 5
0 5
3 1
0 5
0 4
1 3
0 5
0 5
0 5
0 5
6 1
1 5
2 1
0 5
101 5
0 5
0 5
1 5
0 3
