2 5
0 5
1 4
0 5
2 4
2 5
1 5
4 5
0 4
0 5
0 4
0 5
1 5
1 4
0 5
0 3
0 4
1 5
2 5
1 4
0 4
0 5
0 5
0 4
1 4
1 4
0 5
0 5
2 5
1 5
0 5
1 3
1 5
2 4
1 4
1 4
1 5
2 5
20 1
1 5
0 4
2 5
1 5
1 5
1 5
2 5
0 5
0 5
0 3
0 4
0 4
3 4
1 4
3 5
2 4
0 5
0 5
1 5
3 5
3 4
2 5
0 5
1 5
0 5
0 4
2 5
0 5
1 5
2 5
2 4
0 5
1 5
0 3
0 5
0 5
0 5
1 4
0 5
1 5
0 5
2 5
1 5
0 5
0 5
0 5
1 5
1 4
0 4
0 5
0 5
0 4
1 4
0 5
0 5
1 5
0 4
0 5
0 5
0 5
0 5
0 5
2 5
1 5
1 5
2 5
1 5
0 4
0 4
0 5
0 4
0 5
3 5
0 5
0 4
0 4
0 5
0 5
0 5
0 5
0 5
4 4
6 3
2 5
0 4
0 5
0 5
1 5
0 3
0 5
0 3
0 3
0 5
0 4
0 4
13 1
0 5
0 5
0 5
0 5
0 5
0 5
1 5
1 5
3 5
1 5
0 5
1 5
1 3
2 3
0 4
0 5
1 5
1 4
1 5
0 4
0 5
0 4
0 4
0 5
0 4
0 5
0 5
0 5
0 5
0 4
0 4
0 5
0 4
2 5
0 5
0 4
0 5
0 5
0 5
0 5
0 5
0 3
1 3
0 5
0 5
0 5
0 5
0 5
0 5
0 5
0 5
3 4
0 4
3 5
0 5
0 4
0 3
0 5
0 4
0 5
0 5
0 5
0 5
1 5
0 4
0 5
0 5
4 5
0 5
0 4
0 5
1 5
12 1
0 5
0 5
0 5
0 5
0 5
0 5
1 3
0 4
11 4
7 1
0 5
1 5
1 5
0 5
2 5
0 4
0 5
1 4
28 1
1 5
0 5
0 5
0 5
0 5
0 5
2 5
0 5
3 5
1 5
0 5
4 5
17 5
135 5
0 5
0 5
0 4
0 4
1 5
1 5
0 5
0 5
0 5
1 5
0 5
0 5
0 5
0 4
0 4
0 4
0 5
0 5
0 5
0 5
0 5
0 5
0 4
0 5
2 5
1 5
4 5
0 5
0 5
0 5
1 4
0 5
0 5
0 3
0 5
0 5
0 5
0 5
1 5
0 4
1 5
0 5
0 4
2 5
0 3
0 4
0 4
6 5
0 5
0 5
0 5
1 5
0 5
0 5
0 5
1 5
0 5
1 5
1 4
0 4
0 5
0 5
0 5
0 5
5 5
0 4
1 5
0 5
0 4
0 5
0 4
6 3
1 5
3 2
0 5
0 4
0 5
0 5
4 5
0 5
0 5
0 5
0 5
0 5
0 5
0 4
0 5
0 4
0 4
0 4
0 4
3 4
0 5
0 4
4 4
1 4
0 3
0 5
8 1
0 4
0 4
0 3
5 5
1 4
0 3
0 4
0 4
0 4
0 5
2 4
0 5
0 3
0 3
1 4
0 5
0 5
1 4
0 5
0 4
0 4
0 4
0 3
0 4
0 4
0 5
8 1
0 5
0 3
0 5
0 4
0 4
0 4
0 4
0 5
0 5
0 5
0 5
0 5
0 4
0 5
0 4
1 4
0 4
1 3
1 5
0 5
1 5
2 5
0 5
0 5
1 5
0 5
0 5
0 5
0 5
0 5
0 5
1 5
1 5
0 5
0 5
0 4
0 5
0 5
0 5
0 5
0 5
8 2
0 4
0 5
0 5
0 5
0 5
0 5
0 5
1 4
0 4
0 5
0 5
0 5
0 5
0 5
2 5
0 5
0 5
0 5
0 5
0 4
1 4
0 5
1 5
0 4
0 5
3 2
0 5
0 5
0 4
0 5
0 5
3 5
0 4
0 5
0 5
0 5
0 5
1 5
0 4
0 4
0 4
1 5
0 5
0 5
0 5
1 5
1 5
0 4
0 5
3 5
0 4
0 3
2 4
11 5
2 5
0 5
3 5
0 5
0 5
0 5
0 5
0 5
8 5
0 4
1 5
1 5
0 3
1 3
4 4
0 5
0 3
0 5
0 4
0 5
0 3
0 3
1 5
0 3
0 5
0 5
0 5
0 5
0 5
0 5
2 5
0 5
0 5
0 5
0 5
0 5
0 5
0 5
1 5
0 5
0 5
0 5
0 5
0 5
0 5
0 4
1 5
0 3
0 5
0 5
0 5
0 5
0 5
0 5
0 5
0 5
0 5
0 5
0 5
0 5
0 5
0 5
0 5
0 5
4 5
0 5
2 1
0 5
4 5
1 5
0 5
1 5
0 5
0 5
1 5
1 5
6 5
1 3
0 3
0 5
0 5
3 4
0 5
0 5
0 4
2 2
0 5
0 5
0 5
0 4
0 4
0 5
1 5
0 5
0 5
0 5
1 5
3 5
0 4
0 5
0 5
2 5
1 4
1 5
0 5
16 1
1 5
6 5
0 5
0 5
0 5
0 5
0 4
0 5
0 5
1 5
0 5
1 4
0 5
4 5
0 5
6 1
4 5
0 5
0 5
1 5
0 5
7 5
0 5
0 5
3 4
0 5
0 5
0 5
0 4
0 5
1 4
1 5
0 5
0 5
4 5
0 5
0 5
