0 5
4 2
0 5
0 5
8 1
3 5
1 5
2 3
1 5
3 1
4 1
1 5
0 4
2 4
0 5
1 5
0 5
2 5
1 5
2 5
8 2
1 3
2 3
1 4
4 3
2 5
1 5
1 4
2 5
8 2
0 5
0 4
1 4
0 5
1 5
1 4
2 4
2 3
4 4
4 5
0 4
3 4
0 5
0 5
1 5
0 5
0 5
0 4
0 4
0 5
0 4
1 4
0 5
5 3
1 5
3 4
1 5
2 5
5 5
8 4
2 5
2 5
2 5
0 5
0 3
2 5
1 5
1 5
3 4
1 5
44 2
2 5
0 4
0 5
0 4
2 5
1 3
0 5
18 2
19 1
4 3
5 3
5 5
2 4
1 5
0 5
0 5
1 5
4 2
10 2
6 2
4 3
0 5
0 5
1 5
0 5
0 5
2 4
2 5
2 4
1 5
1 5
1 5
0 4
2 2
22 1
13 1
1 5
3 4
1 5
0 4
0 5
0 5
2 5
1 3
2 5
0 5
0 5
1 5
1 3
2 4
4 5
2 5
11 2
4 5
2 3
1 4
1 4
1 5
1 4
1 4
0 4
1 4
1 3
2 4
2 5
2 4
3 3
3 3
4 5
3 5
5 5
3 5
0 5
2 4
1 5
1 5
1 5
3 2
0 4
0 5
2 3
0 4
4 4
0 5
0 5
2 5
3 5
2 5
11 1
0 5
0 5
2 3
8 4
1 5
29 2
0 3
1 5
0 3
1 4
0 3
32 1
1 5
2 5
2 5
1 4
2 4
2 5
2 5
4 5
4 2
4 5
2 3
3 5
1 5
0 4
0 5
0 5
0 5
0 4
0 4
1 5
5 2
2 5
0 3
10 1
2 5
10 1
1 5
1 5
10 2
2 5
1 3
2 4
1 4
5 3
1 5
2 5
4 2
2 5
1 4
0 5
12 2
6 1
2 3
1 2
2 5
4 3
4 2
3 4
1 4
2 5
3 4
0 5
8 3
5 2
2 5
2 4
12 1
1 5
4 5
1 4
6 5
2 5
4 5
5 2
0 5
1 4
1 3
2 3
18 2
2 3
2 3
6 1
2 4
13 1
12 1
18 1
2 4
2 5
6 5
2 3
11 3
2 5
0 5
16 2
1 2
2 5
30 1
1 5
7 3
3 5
1 4
0 5
0 5
1 2
6 2
8 1
2 4
4 3
0 4
0 5
7 2
0 5
0 5
0 3
3 2
34 1
0 3
0 5
0 4
0 5
2 5
13 1
0 5
1 5
1 5
0 5
15 1
1 5
8 2
3 3
1 4
0 5
2 5
9 1
0 5
5 5
1 5
7 1
7 2
0 5
16 1
1 3
3 2
1 5
3 3
0 5
1 5
64 1
0 4
1 5
6 2
0 5
0 5
7 1
0 5
3 1
3 4
2 4
0 4
0 5
3 5
1 5
1 5
1 4
2 5
1 5
1 5
1 5
4 1
4 5
3 3
1 5
4 5
2 5
6 5
3 2
0 5
1 5
3 5
0 4
0 5
4 5
1 4
0 5
0 4
1 4
1 3
3 5
7 5
3 2
3 3
2 3
3 3
0 4
3 3
1 5
0 5
0 5
1 5
3 5
0 5
1 5
1 5
11 1
2 4
8 5
3 5
0 5
33 1
1 4
8 5
1 4
15 2
6 2
0 4
2 3
15 2
15 2
3 5
6 5
4 3
10 5
11 5
8 5
7 5
2 3
3 5
7 4
10 5
4 2
6 5
7 5
1 3
1 5
11 1
3 3
2 2
4 4
28 1
2 4
2 3
8 5
0 5
0 4
3 5
1 3
11 1
2 3
1 4
5 5
6 2
0 3
1 4
8 1
1 5
3 3
5 5
2 5
2 5
1 5
2 3
5 5
0 4
0 5
4 5
76 1
0 4
1 5
1 3
0 5
2 4
3 5
7 1
4 5
2 5
15 5
51 2
0 5
0 5
1 5
0 5
2 5
2 3
5 5
4 5
3 5
1 5
4 5
4 2
0 4
1 5
4 5
7 3
0 5
8 5
1 5
8 2
2 5
2 3
49 1
6 3
0 5
0 5
0 4
2 5
2 4
0 5
0 4
2 4
0 4
1 4
1 5
0 4
0 5
0 4
1 5
1 5
15 1
2 4
0 5
5 5
6 1
6 4
4 5
4 5
10 1
0 4
2 4
1 5
0 5
19 1
1 5
1 4
2 5
1 5
2 4
0 5
0 5
0 4
0 5
14 1
0 5
0 5
0 4
0 4
2 3
1 5
1 4
2 5
1 5
40 2
0 5
3 4
1 4
8 2
0 5
1 5
0 5
2 5
5 1
2 5
7 3
5 4
2 5
0 5
22 1
1 5
0 4
2 5
0 5
8 1
2 4
1 4
0 4
3 4
8 5
0 5
0 5
0 5
0 5
1 5
17 3
2 5
0 5
11 2
0 5
2 4
0 5
1 5
0 4
0 5
1 4
3 4
0 5
0 5
2 4
2 5
4 5
3 5
2 4
3 5
3 5
3 5
1 5
0 5
1 5
1 4
6 3
0 5
1 5
0 4
15 1
0 5
0 4
0 4
1 4
0 5
2 3
4 2
1 3
0 4
0 5
0 4
2 2
0 4
0 5
0 5
0 4
0 4
0 4
2 5
4 5
1 4
0 4
7 2
2 5
8 5
30 3
3 2
59 1
2 5
0 2
3 5
9 1
0 4
6 5
12 5
3 5
1 3
0 5
6 2
1 5
4 5
0 5
0 5
0 5
0 5
12 3
4 5
25 1
1 5
4 5
23 1
2 4
5 5
3 5
1 4
0 5
1 5
2 5
19 1
0 5
2 5
1 5
4 4
2 5
5 5
5 5
5 2
2 5
1 5
0 5
0 4
3 5
15 1
0 2
3 5
1 5
1 5
2 5
1 2
8 1
1 5
1 5
1 5
105 1
7 5
13 5
2 5
1 5
7 1
2 5
0 5
0 5
0 5
1 3
3 5
4 4
2 4
4 2
2 5
6 1
2 5
7 1
8 4
4 4
566 2
1 5
4 5
7 5
3 3
4 5
0 5
0 4
5 5
1 5
0 4
0 5
17 5
4 4
0 4
0 5
0 5
6 1
0 5
173 5
5 5
6 5
8 5
4 5
9 5
4 4
6 5
6 5
8 4
1 4
0 4
6 5
1 4
1 4
12 2
13 3
0 3
7 5
12 3
13 5
7 4
6 5
3 5
1 5
28 5
2 5
1 5
2 4
7 5
5 5
14 2
7 5
3 4
8 3
6 1
13 3
3 4
4 4
4 5
3 5
5 4
4 5
0 5
1 4
2 5
1 5
15 1
3 5
4 2
