0 4
0 4
0 5
1 4
2 3
3 2
1 4
1 3
1 3
2 5
7 1
1 4
2 5
4 5
2 5
4 5
1 4
1 4
4 3
6 3
1 5
2 4
1 4
0 5
1 3
1 4
3 5
1 5
0 4
13 1
10 2
0 3
15 2
5 2
8 1
11 2
1 5
2 5
2 5
3 5
6 1
1 5
0 5
0 4
1 4
11 2
0 5
0 4
0 4
1 5
2 5
0 4
3 5
3 5
4 5
1 5
566 4
3 5
1 4
3 4
3 4
5 5
2 5
1 5
2 5
2 5
7 2
1 5
3 5
0 5
0 5
1 3
4 5
0 4
2 5
1 3
0 4
1 4
1 5
8 1
1 4
2 4
1 5
2 5
0 5
2 4
3 4
1 5
2 3
0 5
1 5
1 4
0 5
1 5
3 5
5 5
2 3
201 1
4 5
7 5
6 5
5 5
5 4
6 3
7 3
7 5
6 5
2 4
4 3
1 4
2 4
1 4
11 1
2 4
1 5
9 2
1 5
1 5
2 5
0 5
0 5
8 5
2 5
3 5
5 2
0 4
2 4
13 5
3 5
0 5
1 3
6 2
11 1
4 5
1 4
1 5
4 3
5 5
1 4
3 3
0 3
5 4
23 1
5 5
7 5
7 2
3 4
5 5
4 5
5 5
7 4
8 5
4 5
4 4
8 1
3 4
2 5
8 1
6 1
3 5
5 5
4 5
11 3
1 5
3 5
5 4
1 5
2545 5
2 5
6 5
11 1
0 4
1 5
5 5
1 5
4 5
7 1
3 5
2 5
1 2
3 5
1 5
2 5
4 5
7 5
8 5
3 4
7 5
0 4
4 2
4 2
0 3
3 5
3 5
12 1
5 5
2 5
2 4
1 5
11 1
1 3
3 4
1 5
4 5
5 1
6 2
1 4
4 5
6 2
0 3
1 3
0 5
2 4
20 2
16 1
3 5
2 3
3 4
2 5
6 3
1 3
2 5
2 4
5 3
2 5
4 5
7 1
1 4
1 4
1 3
2 5
1 5
0 5
5 3
2 2
4 5
1 5
0 4
0 3
0 3
0 4
0 5
0 5
6 5
0 5
0 5
9 4
1 5
2 5
4 3
9 5
4 4
1 5
4 5
3 5
1 4
4 3
4 5
5 2
5 4
3 3
1 5
2 5
2 4
2 4
4 5
8 1
3 4
3 4
3 5
4 5
14 2
4 5
1 4
4 4
3 3
6 5
8 3
1 4
1 5
1 4
0 5
14 1
1 5
23 1
2 3
8 5
4 4
4 3
1 5
1 5
1 5
3 4
2 2
2 5
6 4
2 4
2 5
2 5
5 5
1 4
2 3
2 5
2 5
0 5
0 4
2 5
1 5
3 5
1 5
2 4
2 5
3 3
8 1
2 5
1 5
4 5
3 5
2 5
4 5
5 4
1 5
2 5
2 5
0 5
1 4
9 4
4 5
0 3
2 4
1 4
1 4
10 4
2 4
2 5
4 5
0 4
4 4
0 5
1 5
0 5
1 5
59 2
0 5
0 5
2 5
2 4
0 4
2 5
2 5
1 4
4 1
3 4
2 4
1 5
3 5
3 2
1 5
2 5
174 1
2 5
0 4
0 5
0 4
1 4
3 5
0 3
4 5
0 4
0 4
2 5
4 1
16 2
1 3
9 2
0 3
1 5
1 5
1 5
2 5
1 5
3 5
0 4
1 4
1 4
2 5
1 5
1 5
1 5
1 3
1 3
5 5
0 5
2 5
0 5
0 4
0 5
2 3
1 5
1 5
5 1
5 3
2 5
6 5
1 4
1 5
5 1
0 4
4 5
0 5
7 5
3 5
0 5
3 4
2 5
2 5
0 5
2 5
1 3
8 5
3 5
0 5
2 3
2 4
1 4
11 1
1 5
1 4
2 5
3 5
0 4
0 5
0 5
2 5
1 5
1 3
7 4
1 5
1 5
0 5
0 4
0 5
3 3
5 2
1 5
2 1
11 1
1 5
6 5
5 4
0 5
0 5
1 5
1 5
30 4
0 4
0 5
2 4
3 5
1 5
0 4
0 4
1 4
0 4
0 3
0 4
0 3
0 4
2 4
1 2
0 5
0 4
1 2
0 2
2 5
0 3
0 5
0 4
0 3
0 5
0 5
8 5
8 4
8 5
3 3
2 4
15 5
3 5
1 5
2 5
2 5
19 5
2 5
4 3
1 5
1 3
3 4
1 4
0 4
3 5
2 5
5 1
12 1
2 4
12 1
3 3
1 5
0 5
2 3
1 3
0 5
1 5
3 4
2 4
7 1
2 4
5 5
1 4
8 5
0 5
1 4
1 5
0 4
0 5
0 5
1 4
1 5
0 5
1 5
0 5
4 2
3 5
3 4
1 5
1 5
2 5
0 4
1 3
5 4
43 5
3 4
1 5
2 4
3 5
1 4
3 4
0 5
0 5
1 4
1 4
0 4
0 5
0 4
5 5
1 5
0 5
0 5
1 5
8 5
2 5
3 4
0 5
1 4
19 5
12 1
4 5
0 4
0 4
1 5
14 4
5 3
1 5
2 4
11 5
3 4
8 1
2 2
11 1
2 5
1 5
3 5
2 4
1 5
2 4
0 5
0 4
0 4
2 5
0 5
3 5
3 2
1 4
3 2
2 5
1 5
6 2
7 5
1 5
2 5
30 2
5 5
1 5
7 3
1 4
0 5
1 4
0 5
1 5
5 5
1 5
13 1
0 4
3 5
0 4
0 5
1 5
1 5
0 5
0 5
0 5
1 5
1 5
1 5
1 4
1 4
2 5
8 1
0 5
3 5
6 2
1 5
2 4
0 4
0 4
2 5
2 4
1 3
2 4
2 5
1 4
2 4
4 3
1 4
0 4
4 2
3 5
0 5
2 4
1 5
0 5
0 5
1 5
0 5
0 5
3 3
0 5
0 5
0 5
1 5
9 1
15 1
1 5
1 5
9 2
6 5
0 3
16 2
3 5
2 3
4 4
0 4
1 5
1 5
8 1
0 5
0 4
2 5
9 4
2 5
4 3
0 5
1 5
0 5
0 5
1 5
1 5
1 3
0 4
9 1
1 5
3 3
0 5
1 5
0 5
0 5
3 4
0 5
0 5
2 3
0 4
2 5
3 2
4 5
3 2
1 4
3 3
3 5
5 3
2 4
5 4
3 5
0 5
2 3
2 5
0 5
1 4
21 2
3 5
2 5
0 5
0 5
1 5
0 5
0 5
1 4
4 3
3 5
0 5
9 1
2 5
5 4
20 3
1 5
1 4
1 4
581 3
75 1
0 5
1 4
7 3
1 4
3 5
2 4
0 5
0 5
33 1
1 5
0 5
0 5
5 4
1 4
2 5
1 4
0 5
4 2
0 4
6 2
2 4
0 5
19 1
0 4
0 5
1 5
1 5
4 5
0 5
0 5
3 5
2 4
3 5
44 5
0 5
0 5
0 5
21 1
0 4
0 5
0 5
0 5
0 5
0 5
11 1
27 1
3 2
3 5
2 5
4 3
0 4
0 4
0 5
0 5
0 3
0 4
0 4
3 2
0 4
0 4
32 1
3 2
1 4
1 2
15 5
62 5
13 5
1 4
1 5
7 4
7 3
6 5
0 5
1 5
14 1
0 5
4 5
6 2
1 5
1 5
3 3
1 3
15 5
0 5
2 5
1 5
4 5
13 3
10 2
1 5
2 5
1 4
17 5
9 5
7 5
0 5
0 5
1 4
4 5
0 5
11 2
5 5
2 5
0 4
20 2
1 5
3 5
0 5
2 2
1 5
1 2
6 5
3 4
4 5
2 5
1 5
4 5
3 5
2 5
4 3
0 5
1 5
0 5
0 4
0 5
0 5
14 2
3 4
5 4
2 5
3 4
14 5
312 5
9 5
0 5
0 4
1 5
1 4
0 4
3 3
84 5
6 3
1 3
6 5
1 5
15 4
2 5
1 5
6 5
76 5
6 5
2 5
1 5
1 4
0 4
0 5
2 5
13 1
2 4
0 5
2 5
0 5
1 4
8 1
6 5
1 5
1 5
4 5
0 5
9 5
0 5
1 4
1 5
49 5
5 5
10 1
0 5
6 5
0 5
1 4
10 1
1 5
2 4
4 5
27 4
7 2
6 5
5 2
4 5
4 5
0 5
6 5
5 5
1 4
3 5
