20 1
23 1
2 5
2 5
3 4
3 5
21 1
15 1
11 1
7 5
5 3
16 1
5 5
3 5
6 5
5 5
2 5
1 4
3 5
6 5
11 5
15 1
4 5
5 5
18 2
26 1
5 3
16 1
6 3
10 5
1 5
3 5
8 3
23 1
11 5
20 1
33 1
23 5
9 5
5 5
2 5
2 5
3 5
1 4
17 1
7 1
93 1
2 4
3 4
77 1
5 5
6 1
11 3
2 5
97 1
3 4
24 1
4 5
16 2
82 1
2 5
3 5
23 2
5 3
4 5
10 5
4 5
32 1
1 4
45 1
30 1
5 3
3 5
62 2
2 5
56 1
17 1
14 1
38 1
37 1
26 1
48 2
8 3
5 5
27 1
9 5
13 2
8 2
4 3
5 4
2 4
15 1
5 1
18 3
2 5
7 3
1 4
16 1
2 5
13 2
15 2
20 1
3 4
5 5
17 1
3 4
8 5
2 5
4 1
24 1
2 5
5 4
6 4
3 5
6 4
10 1
6 1
4 5
14 2
24 1
4 5
15 5
13 1
6 5
7 5
33 1
14 2
23 4
5 5
9 5
18 1
24 1
22 1
7 3
13 1
6 1
4 5
11 1
14 5
25 1
14 1
6 5
23 1
34 1
16 2
26 1
7 4
21 1
4 5
5 5
10 5
37 1
25 1
16 5
25 1
8 5
12 5
4 4
59 1
59 1
20 5
11 5
14 3
42 1
7 5
12 5
54 1
13 5
8 5
12 4
57 1
10 2
10 4
41 1
4 5
8 5
5 4
3 5
14 2
8 2
5 5
9 4
12 5
20 1
7 5
4 5
17 1
30 1
5 5
14 5
2 4
8 5
7 5
24 2
13 3
29 1
8 5
39 1
19 1
4 5
8 5
18 3
26 2
10 5
5 5
3 5
25 1
4 5
16 5
8 3
6 3
12 3
18 2
4 5
14 2
108 1
36 3
8 5
12 5
37 1
29 1
24 3
7 5
2 4
4 5
4 5
8 5
25 1
5 5
6 4
4 5
4 5
23 1
6 5
2 4
14 2
38 1
14 5
25 1
2 5
7 4
7 5
4 5
13 2
9 5
4 5
4 5
4 5
4 5
3 5
47 1
5 5
3 5
11 4
9 5
8 5
3 5
3 5
6 5
3 5
11 5
5 5
9 5
8 5
2 4
14 2
5 5
3 4
202 1
2 5
4 5
16 2
2 5
8 5
5 5
9 5
6 5
21 2
47 2
21 2
9 4
8 4
12 5
10 5
47 1
15 5
5 5
13 3
111 1
15 3
2 4
8 5
33 2
4 5
8 5
54 1
4 5
43 1
2 5
1 4
1 4
17 3
3 5
2 4
5 5
23 2
2 5
4 3
18 5
13 5
4 5
18 2
4 5
4 5
24 5
8 5
9 5
12 2
7 5
5 5
7 5
6 5
5 5
31 5
21 1
19 1
26 1
5 5
27 5
1 5
8 4
28 5
3 5
20 5
14 1
21 1
19 2
28 1
29 5
20 2
18 5
5 5
16 1
4 5
5 5
37 5
42 5
16 2
4 5
41 5
19 5
45 5
2 5
3 5
2 5
2 5
13 5
2 5
72 5
32 5
42 4
44 5
49 5
4 4
54 4
30 2
4 5
59 5
62 5
64 5
49 5
4 5
61 5
61 5
21 2
2 5
8 5
4 5
58 5
6 5
60 5
2 5
6 4
45 1
25 1
27 1
12 1
8 2
50 3
5 5
17 1
6 5
20 2
4 5
83 5
108 5
0 4
5 5
0 4
111 5
43 1
94 5
72 5
9 4
41 5
10 3
2 5
24 1
4 5
2 5
14 4
3 5
2 5
2 4
85 5
1 5
2 5
38 1
21 3
0 3
7 5
14 1
100 5
183 5
3 5
7 4
25 2
5 3
4 1
0 4
1 4
22 2
2 5
5 3
46 5
4 4
9 5
4 5
13 3
10 5
4 5
4 5
132 5
27 5
1 5
2 5
1 5
12 1
148 5
117 5
25 1
3 5
3 5
17 2
16 1
13 2
5 3
16 1
1 4
2 4
1 3
33 5
3 3
21 1
4 5
42 5
4 5
18 1
3 5
11 5
14 1
4 5
6 4
2 5
43 2
5 5
4 4
13 5
6 5
36 2
7 3
24 1
6 5
3 5
24 1
1 4
3 5
112 1
51 1
3 3
13 2
17 1
2 3
18 2
3 5
6 5
8 4
2 5
4 4
19 1
0 4
29 2
322 5
17 1
1 5
5 4
4 5
3 4
1 4
9 2
10 1
26 1
3 5
4 5
4 5
6 5
19 5
6 5
8 5
1 4
13 4
0 5
1 5
0 5
0 5
0 5
1 5
8 5
7 5
9 5
3 4
3 5
27 1
2 3
8 5
9 4
8 5
12 5
6 5
7 5
8 5
39 1
6 4
219 5
14 2
3 3
13 5
8 5
6 5
32 1
6 5
29 2
0 4
2 5
24 1
6 5
691 4
7 5
7 5
7 5
4 3
108 1
12 5
5 2
29 2
13 5
21 1
9 5
113 1
5 5
2334 3
21 2
5 5
49 1
22 1
9 3
27 1
4 5
10 1
9 5
4 5
2 5
3 5
6 5
2 5
28 1
135 2
9 4
6 5
5 5
7 5
31 1
57 1
9 5
2 5
13 3
22 1
6 5
28 3
15 1
0 4
1 5
45 4
4 5
21 5
3 5
15 5
36 1
26 1
2 5
23 1
16 4
3 5
24 1
1 4
3 5
2 4
1 5
11 5
64 1
1 5
4 5
18 2
3 5
4 5
1 5
15 2
1 5
2 5
1 5
14 5
1 5
1 5
5 5
14 5
19 2
14 5
6 3
4 5
7 5
3 5
5 5
10 5
2 4
5 3
9 5
3 5
2 5
32 1
12 5
67 5
5 5
117 5
8 4
5 5
4 5
12 5
8 5
5 5
3 5
33 1
6 5
5 4
5 5
11 5
27 2
16 5
7 4
45 3
5 5
3 5
5 5
9 5
20 5
26 2
5 5
13 1
7 5
15 4
49 5
3 5
102 2
27 5
2 4
2 5
21 1
50 3
9 5
5 5
46 1
5 4
9 5
9 5
7 5
4 5
7 5
8 5
10 5
6 5
5 5
1 5
9 5
7 5
6 5
40 5
3 5
21 5
29 1
12 5
5 5
6 5
53 3
27 5
8 5
7 5
4 5
5 5
4 5
4 5
3 4
0 4
3 5
26 2
10 5
15 5
5 5
4 4
4 5
2 1
7 5
4 5
3 5
8 5
28 5
9 5
29 5
9 5
3 5
11 5
20 5
15 5
