20	1	25	0.8
23	1	30	0.766667
2	5	9	0.222222
2	5	7	0.285714
3	4	11	0.272727
3	5	9	0.333333
21	1	38	0.552632
15	1	43	0.348837
11	1	61	0.180328
7	5	15	0.466667
5	3	15	0.333333
16	1	25	0.64
5	5	14	0.357143
3	5	13	0.230769
6	5	15	0.4
5	5	10	0.5
2	5	7	0.285714
1	4	6	0.166667
3	5	8	0.375
6	5	11	0.545455
11	5	19	0.578947
15	1	39	0.384615
4	5	18	0.222222
5	5	13	0.384615
18	2	23	0.782609
26	1	35	0.742857
5	3	11	0.454545
16	1	23	0.695652
6	3	18	0.333333
10	5	14	0.714286
1	5	12	0.0833333
3	5	9	0.333333
8	3	16	0.5
23	1	46	0.5
11	5	24	0.458333
20	1	31	0.645161
33	1	43	0.767442
23	5	29	0.793103
9	5	15	0.6
5	5	10	0.5
2	5	5	0.4
2	5	6	0.333333
3	5	8	0.375
1	4	5	0.2
17	1	47	0.361702
7	1	32	0.21875
93	1	117	0.794872
2	4	9	0.222222
3	4	12	0.25
77	1	101	0.762376
5	5	10	0.5
6	1	20	0.3
11	3	15	0.733333
2	5	14	0.142857
97	1	127	0.76378
3	4	30	0.1
24	1	34	0.705882
4	5	12	0.333333
16	2	19	0.842105
82	1	129	0.635659
2	5	14	0.142857
3	5	14	0.214286
23	2	43	0.534884
5	3	9	0.555556
4	5	7	0.571429
10	5	17	0.588235
4	5	18	0.222222
32	1	62	0.516129
1	4	10	0.1
45	1	76	0.592105
30	1	62	0.483871
5	3	12	0.416667
3	5	11	0.272727
62	2	74	0.837838
2	5	10	0.2
56	1	76	0.736842
17	1	32	0.53125
14	1	35	0.4
38	1	57	0.666667
37	1	54	0.685185
26	1	39	0.666667
48	2	56	0.857143
8	3	10	0.8
5	5	13	0.384615
27	1	36	0.75
9	5	15	0.6
13	2	16	0.8125
8	2	19	0.421053
4	3	12	0.333333
5	4	6	0.833333
2	4	6	0.333333
15	1	27	0.555556
5	1	17	0.294118
18	3	22	0.818182
2	5	9	0.222222
7	3	8	0.875
1	4	7	0.142857
16	1	26	0.615385
2	5	11	0.181818
13	2	16	0.8125
15	2	21	0.714286
20	1	26	0.769231
3	4	6	0.5
5	5	26	0.192308
17	1	32	0.53125
3	4	8	0.375
8	5	12	0.666667
2	5	6	0.333333
4	1	9	0.444444
24	1	31	0.774194
2	5	8	0.25
5	4	10	0.5
6	4	11	0.545455
3	5	9	0.333333
6	4	9	0.666667
10	1	14	0.714286
6	1	34	0.176471
4	5	12	0.333333
14	2	24	0.583333
24	1	38	0.631579
4	5	21	0.190476
15	5	25	0.6
13	1	42	0.309524
6	5	19	0.315789
7	5	14	0.5
33	1	49	0.673469
14	2	19	0.736842
23	4	32	0.71875
5	5	13	0.384615
9	5	16	0.5625
18	1	23	0.782609
24	1	31	0.774194
22	1	35	0.628571
7	3	33	0.212121
13	1	39	0.333333
6	1	31	0.193548
4	5	14	0.285714
11	1	52	0.211538
14	5	22	0.636364
25	1	35	0.714286
14	1	29	0.482759
6	5	15	0.4
23	1	47	0.489362
34	1	51	0.666667
16	2	24	0.666667
26	1	36	0.722222
7	4	15	0.466667
21	1	38	0.552632
4	5	11	0.363636
5	5	16	0.3125
10	5	20	0.5
37	1	65	0.569231
25	1	57	0.438596
16	5	45	0.355556
25	1	60	0.416667
8	5	31	0.258065
12	5	25	0.48
4	4	43	0.0930233
59	1	86	0.686047
59	1	92	0.641304
20	5	45	0.444444
11	5	21	0.52381
14	3	22	0.636364
42	1	68	0.617647
7	5	38	0.184211
12	5	26	0.461538
54	1	91	0.593407
13	5	89	0.146067
8	5	24	0.333333
12	4	33	0.363636
57	1	87	0.655172
10	2	17	0.588235
10	4	21	0.47619
41	1	52	0.788462
4	5	14	0.285714
8	5	14	0.571429
5	4	12	0.416667
3	5	11	0.272727
14	2	20	0.7
8	2	13	0.615385
5	5	10	0.5
9	4	15	0.6
12	5	22	0.545455
20	1	49	0.408163
7	5	17	0.411765
4	5	12	0.333333
17	1	42	0.404762
30	1	48	0.625
5	5	17	0.294118
14	5	23	0.608696
2	4	18	0.111111
8	5	18	0.444444
7	5	19	0.368421
24	2	38	0.631579
13	3	26	0.5
29	1	40	0.725
8	5	20	0.4
39	1	58	0.672414
19	1	73	0.260274
4	5	17	0.235294
8	5	26	0.307692
18	3	30	0.6
26	2	38	0.684211
10	5	17	0.588235
5	5	22	0.227273
3	5	15	0.2
25	1	49	0.510204
4	5	12	0.333333
16	5	26	0.615385
8	3	17	0.470588
6	3	24	0.25
12	3	17	0.705882
18	2	22	0.818182
4	5	19	0.210526
14	2	20	0.7
108	1	140	0.771429
36	3	44	0.818182
8	5	25	0.32
12	5	28	0.428571
37	1	57	0.649123
29	1	45	0.644444
24	3	31	0.774194
7	5	17	0.411765
2	4	13	0.153846
4	5	18	0.222222
4	5	12	0.333333
8	5	18	0.444444
25	1	52	0.480769
5	5	14	0.357143
6	4	14	0.428571
4	5	27	0.148148
4	5	29	0.137931
23	1	36	0.638889
6	5	13	0.461538
2	4	16	0.125
14	2	23	0.608696
38	1	52	0.730769
14	5	23	0.608696
25	1	43	0.581395
2	5	11	0.181818
7	4	12	0.583333
7	5	14	0.5
4	5	13	0.307692
13	2	19	0.684211
9	5	18	0.5
4	5	10	0.4
4	5	14	0.285714
4	5	10	0.4
4	5	13	0.307692
3	5	10	0.3
47	1	60	0.783333
5	5	14	0.357143
3	5	10	0.3
11	4	18	0.611111
9	5	17	0.529412
8	5	15	0.533333
3	5	11	0.272727
3	5	11	0.272727
6	5	13	0.461538
3	5	11	0.272727
11	5	17	0.647059
5	5	12	0.416667
9	5	16	0.5625
8	5	14	0.571429
2	4	13	0.153846
14	2	20	0.7
5	5	13	0.384615
3	4	7	0.428571
202	1	242	0.834711
2	5	13	0.153846
4	5	9	0.444444
16	2	22	0.727273
2	5	6	0.333333
8	5	16	0.5
5	5	16	0.3125
9	5	15	0.6
6	5	11	0.545455
21	2	43	0.488372
47	2	60	0.783333
21	2	31	0.677419
9	4	15	0.6
8	4	14	0.571429
12	5	35	0.342857
10	5	17	0.588235
47	1	71	0.661972
15	5	23	0.652174
5	5	13	0.384615
13	3	22	0.590909
111	1	142	0.78169
15	3	24	0.625
2	4	10	0.2
8	5	13	0.615385
33	2	51	0.647059
4	5	8	0.5
8	5	10	0.8
54	1	82	0.658537
4	5	7	0.571429
43	1	57	0.754386
2	5	5	0.4
1	4	9	0.111111
1	4	10	0.1
17	3	21	0.809524
3	5	7	0.428571
2	4	5	0.4
5	5	8	0.625
23	2	27	0.851852
2	5	16	0.125
4	3	8	0.5
18	5	23	0.782609
13	5	21	0.619048
4	5	7	0.571429
18	2	26	0.692308
4	5	8	0.5
4	5	17	0.235294
24	5	31	0.774194
8	5	13	0.615385
9	5	12	0.75
12	2	28	0.428571
7	5	24	0.291667
5	5	11	0.454545
7	5	12	0.583333
6	5	11	0.545455
5	5	7	0.714286
31	5	40	0.775
21	1	43	0.488372
19	1	28	0.678571
26	1	37	0.702703
5	5	9	0.555556
27	5	39	0.692308
1	5	6	0.166667
8	4	11	0.727273
28	5	33	0.848485
3	5	6	0.5
20	5	29	0.689655
14	1	24	0.583333
21	1	26	0.807692
19	2	24	0.791667
28	1	36	0.777778
29	5	36	0.805556
20	2	25	0.8
18	5	24	0.75
5	5	10	0.5
16	1	24	0.666667
4	5	7	0.571429
5	5	10	0.5
37	5	49	0.755102
42	5	52	0.807692
16	2	21	0.761905
4	5	10	0.4
41	5	60	0.683333
19	5	28	0.678571
45	5	64	0.703125
2	5	14	0.142857
3	5	7	0.428571
2	5	6	0.333333
2	5	5	0.4
13	5	18	0.722222
2	5	6	0.333333
72	5	85	0.847059
32	5	39	0.820513
42	4	54	0.777778
44	5	62	0.709677
49	5	62	0.790323
4	4	7	0.571429
54	4	72	0.75
30	2	36	0.833333
4	5	9	0.444444
59	5	72	0.819444
62	5	83	0.746988
64	5	77	0.831169
49	5	59	0.830508
4	5	12	0.333333
61	5	78	0.782051
61	5	78	0.782051
21	2	26	0.807692
2	5	9	0.222222
8	5	21	0.380952
4	5	9	0.444444
58	5	74	0.783784
6	5	19	0.315789
60	5	77	0.779221
2	5	6	0.333333
6	4	11	0.545455
45	1	59	0.762712
25	1	33	0.757576
27	1	39	0.692308
12	1	33	0.363636
8	2	13	0.615385
50	3	59	0.847458
5	5	12	0.416667
17	1	25	0.68
6	5	11	0.545455
20	2	27	0.740741
4	5	17	0.235294
83	5	106	0.783019
108	5	130	0.830769
0	4	5	0
5	5	10	0.5
0	4	7	0
111	5	134	0.828358
43	1	67	0.641791
94	5	114	0.824561
72	5	89	0.808989
9	4	14	0.642857
41	5	51	0.803922
10	3	15	0.666667
2	5	5	0.4
24	1	37	0.648649
4	5	7	0.571429
2	5	13	0.153846
14	4	18	0.777778
3	5	7	0.428571
2	5	8	0.25
2	4	9	0.222222
85	5	105	0.809524
1	5	9	0.111111
2	5	21	0.0952381
38	1	68	0.558824
21	3	27	0.777778
0	3	3	0
7	5	13	0.538462
14	1	23	0.608696
100	5	123	0.813008
183	5	276	0.663043
3	5	8	0.375
7	4	15	0.466667
25	2	28	0.892857
5	3	16	0.3125
4	1	6	0.666667
0	4	3	0
1	4	6	0.166667
22	2	27	0.814815
2	5	6	0.333333
5	3	9	0.555556
46	5	56	0.821429
4	4	7	0.571429
9	5	15	0.6
4	5	11	0.363636
13	3	23	0.565217
10	5	17	0.588235
4	5	8	0.5
4	5	7	0.571429
132	5	160	0.825
27	5	40	0.675
1	5	2	0.5
2	5	9	0.222222
1	5	5	0.2
12	1	23	0.521739
148	5	180	0.822222
117	5	144	0.8125
25	1	33	0.757576
3	5	9	0.333333
3	5	6	0.5
17	2	21	0.809524
16	1	39	0.410256
13	2	16	0.8125
5	3	11	0.454545
16	1	23	0.695652
1	4	9	0.111111
2	4	8	0.25
1	3	3	0.333333
33	5	39	0.846154
3	3	8	0.375
21	1	32	0.65625
4	5	7	0.571429
42	5	51	0.823529
4	5	8	0.5
18	1	35	0.514286
3	5	8	0.375
11	5	17	0.647059
14	1	32	0.4375
4	5	7	0.571429
6	4	17	0.352941
2	5	5	0.4
43	2	51	0.843137
5	5	9	0.555556
4	4	7	0.571429
13	5	22	0.590909
6	5	8	0.75
36	2	47	0.765957
7	3	9	0.777778
24	1	35	0.685714
6	5	17	0.352941
3	5	13	0.230769
24	1	40	0.6
1	4	4	0.25
3	5	6	0.5
112	1	143	0.783217
51	1	66	0.772727
3	3	18	0.166667
13	2	16	0.8125
17	1	28	0.607143
2	3	5	0.4
18	2	22	0.818182
3	5	15	0.2
6	5	10	0.6
8	4	15	0.533333
2	5	11	0.181818
4	4	9	0.444444
19	1	25	0.76
0	4	8	0
29	2	33	0.878788
322	5	386	0.834197
17	1	25	0.68
1	5	8	0.125
5	4	8	0.625
4	5	11	0.363636
3	4	8	0.375
1	4	7	0.142857
9	2	15	0.6
10	1	39	0.25641
26	1	35	0.742857
3	5	8	0.375
4	5	8	0.5
4	5	10	0.4
6	5	11	0.545455
19	5	24	0.791667
6	5	10	0.6
8	5	13	0.615385
1	4	6	0.166667
13	4	16	0.8125
0	5	0	0
1	5	11	0.0909091
0	5	1	0
0	5	1	0
0	5	0	0
1	5	2	0.5
8	5	13	0.615385
7	5	13	0.538462
9	5	13	0.692308
3	4	15	0.2
3	5	9	0.333333
27	1	58	0.465517
2	3	4	0.5
8	5	20	0.4
9	4	16	0.5625
8	5	12	0.666667
12	5	24	0.5
6	5	13	0.461538
7	5	13	0.538462
8	5	13	0.615385
39	1	51	0.764706
6	4	10	0.6
219	5	267	0.820225
14	2	19	0.736842
3	3	11	0.272727
13	5	21	0.619048
8	5	26	0.307692
6	5	13	0.461538
32	1	43	0.744186
6	5	16	0.375
29	2	36	0.805556
0	4	3	0
2	5	13	0.153846
24	1	31	0.774194
6	5	11	0.545455
691	4	835	0.827545
7	5	13	0.538462
7	5	11	0.636364
7	5	15	0.466667
4	3	8	0.5
108	1	141	0.765957
12	5	17	0.705882
5	2	33	0.151515
29	2	39	0.74359
13	5	18	0.722222
21	1	41	0.512195
9	5	15	0.6
113	1	162	0.697531
5	5	9	0.555556
2334	3	2833	0.823862
21	2	26	0.807692
5	5	10	0.5
49	1	65	0.753846
22	1	37	0.594595
9	3	13	0.692308
27	1	58	0.465517
4	5	8	0.5
10	1	35	0.285714
9	5	13	0.692308
4	5	11	0.363636
2	5	6	0.333333
3	5	8	0.375
6	5	11	0.545455
2	5	10	0.2
28	1	52	0.538462
135	2	163	0.828221
9	4	15	0.6
6	5	11	0.545455
5	5	12	0.416667
7	5	15	0.466667
31	1	42	0.738095
57	1	74	0.77027
9	5	15	0.6
2	5	9	0.222222
13	3	18	0.722222
22	1	56	0.392857
6	5	11	0.545455
28	3	33	0.848485
15	1	39	0.384615
0	4	9	0
1	5	5	0.2
45	4	60	0.75
4	5	6	0.666667
21	5	34	0.617647
3	5	16	0.1875
15	5	23	0.652174
36	1	54	0.666667
26	1	45	0.577778
2	5	13	0.153846
23	1	51	0.45098
16	4	20	0.8
3	5	11	0.272727
24	1	39	0.615385
1	4	8	0.125
3	5	6	0.5
2	4	9	0.222222
1	5	5	0.2
11	5	18	0.611111
64	1	83	0.771084
1	5	4	0.25
4	5	11	0.363636
18	2	23	0.782609
3	5	6	0.5
4	5	8	0.5
1	5	4	0.25
15	2	19	0.789474
1	5	4	0.25
2	5	8	0.25
1	5	4	0.25
14	5	17	0.823529
1	5	5	0.2
1	5	5	0.2
5	5	25	0.2
14	5	23	0.608696
19	2	51	0.372549
14	5	17	0.823529
6	3	11	0.545455
4	5	11	0.363636
7	5	11	0.636364
3	5	11	0.272727
5	5	10	0.5
10	5	13	0.769231
2	4	8	0.25
5	3	8	0.625
9	5	10	0.9
3	5	6	0.5
2	5	5	0.4
32	1	49	0.653061
12	5	14	0.857143
67	5	106	0.632075
5	5	7	0.714286
117	5	142	0.823944
8	4	18	0.444444
5	5	13	0.384615
4	5	11	0.363636
12	5	18	0.666667
8	5	12	0.666667
5	5	9	0.555556
3	5	7	0.428571
33	1	51	0.647059
6	5	9	0.666667
5	4	8	0.625
5	5	10	0.5
11	5	18	0.611111
27	2	44	0.613636
16	5	20	0.8
7	4	11	0.636364
45	3	64	0.703125
5	5	9	0.555556
3	5	10	0.3
5	5	6	0.833333
9	5	14	0.642857
20	5	24	0.833333
26	2	41	0.634146
5	5	10	0.5
13	1	24	0.541667
7	5	11	0.636364
15	4	20	0.75
49	5	58	0.844828
3	5	6	0.5
102	2	141	0.723404
27	5	41	0.658537
2	4	5	0.4
2	5	6	0.333333
21	1	54	0.388889
50	3	59	0.847458
9	5	15	0.6
5	5	7	0.714286
46	1	60	0.766667
5	4	8	0.625
9	5	13	0.692308
9	5	10	0.9
7	5	10	0.7
4	5	8	0.5
7	5	10	0.7
8	5	10	0.8
10	5	15	0.666667
6	5	9	0.666667
5	5	7	0.714286
1	5	3	0.333333
9	5	11	0.818182
7	5	9	0.777778
6	5	8	0.75
40	5	48	0.833333
3	5	6	0.5
21	5	30	0.7
29	1	65	0.446154
12	5	14	0.857143
5	5	8	0.625
6	5	8	0.75
53	3	70	0.757143
27	5	30	0.9
8	5	12	0.666667
7	5	11	0.636364
4	5	7	0.571429
5	5	7	0.714286
4	5	6	0.666667
4	5	8	0.5
3	4	25	0.12
0	4	1	0
3	5	6	0.5
26	2	39	0.666667
10	5	13	0.769231
15	5	20	0.75
5	5	6	0.833333
4	4	9	0.444444
4	5	5	0.8
2	1	3	0.666667
7	5	15	0.466667
4	5	7	0.571429
3	5	6	0.5
8	5	10	0.8
28	5	34	0.823529
9	5	13	0.692308
29	5	33	0.878788
9	5	15	0.6
3	5	18	0.166667
11	5	14	0.785714
20	5	37	0.540541
15	5	26	0.576923
