5 2
3 1
6 2
6 1
3 4
2 3
2 5
1 5
1 3
0 4
0 3
1 5
2 2
1 5
0 3
0 5
1 5
0 5
0 4
0 5
0 5
0 5
1 5
0 5
0 5
1 4
0 4
0 4
2 5
5 1
0 4
0 5
1 3
0 5
0 4
1 2
2 5
1 5
0 3
2 3
0 5
0 5
1 4
1 5
3 4
1 4
1 3
3 4
0 4
2 4
3 5
1 4
1 5
5 4
7 4
1 3
5 1
4 1
2 5
1 3
5 1
1 3
2 2
9 1
1 4
3 4
2 5
1 2
2 5
4 1
0 5
1 5
2 2
0 2
2 5
1 3
2 5
5 1
2 4
1 4
4 4
2 3
2 5
2 3
1 3
2 5
3 5
2 1
1 5
3 1
2 2
1 3
0 4
2 2
0 2
0 5
2 5
5 3
3 1
1 4
1 4
4 5
0 3
0 5
0 2
0 2
6 1
2 3
6 1
1 4
2 2
4 4
3 1
5 4
0 4
1 5
1 4
4 4
1 5
4 5
0 5
1 5
4 5
2 3
1 3
1 2
3 5
1 3
0 5
0 5
0 4
1 5
1 2
1 4
2 5
1 4
7 5
0 4
1 4
3 2
0 4
2 4
2 5
2 3
1 5
0 4
7 4
0 4
1 4
0 5
0 4
1 2
1 2
0 4
1 1
0 4
0 4
1 2
0 2
2 1
1 3
1 2
1 4
2 5
1 2
0 5
1 4
1 5
0 5
0 5
2 2
1 5
0 4
1 3
5 5
7 1
7 1
0 5
0 5
3 5
0 5
9 5
1 4
1 5
1 5
1 2
3 5
0 5
0 4
0 5
0 4
0 4
0 5
1 2
0 3
2 1
2 3
0 3
1 2
4 5
0 5
0 2
2 3
0 4
0 4
8 3
0 4
0 3
0 5
0 3
0 3
1 1
1 2
0 5
2 4
1 4
1 5
1 3
0 5
0 4
0 5
0 5
1 4
2 3
2 1
1 2
2 5
0 5
5 1
7 1
2 5
4 1
1 5
1 1
1 5
0 3
1 3
0 4
1 3
7 5
1 2
2 5
2 5
4 1
2 3
1 4
2 4
0 4
2 1
1 3
5 1
1 4
2 4
2 2
1 2
0 5
1 5
0 3
1 4
0 3
0 4
0 4
1 4
1 4
1 4
0 3
1 2
1 5
1 2
1 5
1 2
0 4
0 5
0 4
1 4
1 2
3 4
0 5
4 1
1 2
0 4
0 4
1 3
2 2
2 5
2 1
7 2
3 1
1 2
1 4
1 3
1 2
2 3
2 4
0 4
3 4
5 1
0 4
0 5
2 5
1 2
4 4
0 4
2 5
1 2
2 5
2 1
0 4
0 5
0 4
1 1
0 4
2 5
1 5
1 4
2 1
0 4
1 2
5 3
1 2
1 2
1 3
0 4
0 4
1 2
0 5
0 4
0 5
1 3
0 4
1 5
2 5
3 3
1 2
3 1
1 2
1 1
0 5
0 2
2 4
5 3
1 3
6 2
0 4
1 1
8 3
6 1
0 3
4 1
1 2
3 4
0 5
0 4
1 5
3 2
0 4
1 5
1 4
0 5
0 4
3 1
0 4
4 3
0 5
3 3
4 1
2 4
1 5
2 1
0 3
1 2
1 1
11 1
4 1
1 5
4 4
0 5
6 2
3 3
3 4
1 4
1 2
1 2
1 2
8 2
1 2
1 5
0 4
1 5
4 3
2 5
1 2
2 1
1 5
1 4
1 5
1 5
1 5
1 5
2 5
1 4
1 5
0 4
1 3
3 5
1 3
1 5
7 5
0 3
0 4
0 5
4 1
8 1
5 1
2 4
3 4
8 1
3 2
6 5
1 4
0 5
0 4
3 4
2 4
0 5
1 3
11 4
0 4
1 3
2 3
3 1
0 5
0 4
1 5
0 5
1 5
0 4
6 4
1 4
0 4
0 5
0 4
28 1
0 5
1 4
1 5
0 5
0 2
1 5
0 2
0 4
0 4
1 4
3 4
1 5
8 4
3 1
1 5
0 5
0 4
0 4
1 5
1 5
4 5
3 5
0 3
0 4
0 5
0 5
1 4
1 5
0 5
6 3
3 2
1 2
0 5
0 5
2 3
5 3
1 2
2 2
1 3
2 4
0 4
1 4
6 3
0 4
2 4
4 1
2 2
1 4
0 4
2 2
4 4
1 5
10 3
3 5
2 5
3 2
1 4
1 4
1 5
4 4
2 5
0 5
1 4
5 1
0 5
8 1
5 5
5 4
2 5
0 3
5 3
1 4
1 4
0 4
1 3
1 5
1 4
5 4
0 5
3 2
5 1
0 5
2 4
2 5
0 4
0 5
12 5
0 5
1 5
3 4
2 5
1 5
0 4
0 5
0 3
4 2
6 5
0 5
0 5
0 5
0 5
2 5
0 4
0 5
0 4
1 4
3 3
0 4
0 5
2 5
4 5
0 5
3 2
0 4
0 4
0 3
3 4
0 3
2 3
0 4
1 4
1 3
0 4
0 4
2 2
1 4
11 3
1 1
4 1
0 5
3 2
2 5
2 5
2 3
3 2
6 1
0 5
3 2
0 5
24 1
0 5
0 5
0 4
5 2
0 5
11 3
0 5
0 3
2 2
1 4
1 3
0 5
1 5
5 3
0 4
8 4
0 2
0 3
1 4
0 4
1 4
32 4
9 1
2 4
1 3
1 2
3 5
3 5
0 5
2 1
0 4
3 1
1 4
5 3
7 2
7 1
0 4
2 4
1 5
13 1
1 3
0 4
1 5
0 5
5 5
1 5
12 1
1 5
3 1
9 1
0 5
2 2
2 4
0 5
8 1
99 5
1 5
1 3
0 5
1 3
0 4
4 5
7 4
0 3
3 5
4 4
13 1
3 4
1 5
2 5
4 4
31 3
13 1
5 2
0 3
4 4
0 4
0 5
0 4
1 5
2 5
1 2
4 4
0 5
2 3
5 5
0 5
5 3
1 5
0 5
0 3
0 4
2 2
0 4
0 4
0 4
0 5
0 3
1 5
2 4
2 3
2 5
4 4
10 3
17 4
0 5
0 5
5 3
1 4
2 5
4 5
0 3
1 5
0 5
2 5
1 4
1 5
0 5
4 4
6 5
4 5
3 5
1 4
0 5
0 5
4 5
0 4
1 5
0 5
0 5
1 3
0 5
3 1
1 4
2 5
0 5
0 2
24 2
5 4
0 3
2 4
0 5
3 5
3 4
2 5
3 1
1 4
17 5
4 1
9 1
2 2
5 1
3 4
5 1
1 5
4 3
2 3
1 5
7 1
1 4
1 5
2 5
3 5
6 5
5 3
1 5
5 5
1 5
2 5
1 4
0 4
2 5
1 5
2 4
1 5
1 5
4 4
1 5
0 5
0 5
18 2
6 1
0 4
0 5
2 2
5 1
12 1
3 4
38 1
24 5
13 5
36 5
9 1
5 5
6 5
13 2
4 4
12 4
5 5
1 4
0 5
3 5
1 5
10 5
7 5
3 5
18 2
3 5
6 3
1 4
67 4
1 5
5 5
4 5
3 5
10 5
13 1
8 5
926 5
7 5
18 5
9 5
4 5
