2	5	2	1
7	5	8	0.875
13	1	45	0.288889
0	5	1	0
0	5	1	0
0	5	1	0
4	3	9	0.444444
1	5	1	1
2	5	3	0.666667
2	4	5	0.4
0	5	1	0
3	5	4	0.75
5	5	6	0.833333
3	5	4	0.75
1	5	1	1
1	4	2	0.5
3	4	4	0.75
3	5	4	0.75
9	1	48	0.1875
3	5	4	0.75
3	5	4	0.75
5	5	5	1
0	5	1	0
1	5	1	1
0	5	0	0
0	5	0	0
0	5	0	0
0	5	0	0
2	5	3	0.666667
2	5	3	0.666667
7	5	8	0.875
2	5	3	0.666667
3	2	21	0.142857
4	5	4	1
2	5	2	1
3	5	4	0.75
4	4	5	0.8
1	5	6	0.166667
2	4	4	0.5
4	4	5	0.8
3	3	9	0.333333
19	1	34	0.558824
3	5	4	0.75
1	5	2	0.5
6	5	7	0.857143
2	5	3	0.666667
2	4	3	0.666667
2	5	3	0.666667
0	4	0	0
1	5	2	0.5
0	5	1	0
0	5	1	0
19	2	50	0.38
3	5	5	0.6
4	5	6	0.666667
28	1	44	0.636364
24	1	58	0.413793
1	5	10	0.1
0	5	1	0
1	5	2	0.5
4	5	4	1
22	1	43	0.511628
15	1	39	0.384615
1	5	1	1
8	2	15	0.533333
1	5	3	0.333333
4	5	4	1
6	5	6	1
2	5	4	0.5
6	5	7	0.857143
6	5	7	0.857143
1	5	2	0.5
9	4	10	0.9
18	1	63	0.285714
5	5	9	0.555556
2	5	6	0.333333
8	2	28	0.285714
2	5	2	1
0	4	0	0
6	3	12	0.5
3	5	5	0.6
1	5	1	1
11	2	20	0.55
5	5	5	1
3	5	3	1
9	2	19	0.473684
5	5	12	0.416667
5	5	6	0.833333
7	5	7	1
13	2	31	0.419355
13	1	38	0.342105
5	5	6	0.833333
4	4	5	0.8
0	5	0	0
1	5	1	1
1	4	2	0.5
1	4	1	1
4	5	4	1
1	5	3	0.333333
16	2	21	0.761905
10	2	20	0.5
3	5	3	1
3	5	5	0.6
1	5	1	1
21	1	45	0.466667
1	5	1	1
2	4	3	0.666667
0	5	2	0
1	5	4	0.25
1	5	3	0.333333
1	5	2	0.5
3	5	4	0.75
2	4	3	0.666667
1	5	2	0.5
2	4	3	0.666667
3	3	16	0.1875
6	4	7	0.857143
4	5	6	0.666667
8	5	9	0.888889
2	5	4	0.5
2	3	3	0.666667
3	5	4	0.75
25	3	38	0.657895
1	5	5	0.2
11	5	18	0.611111
22	2	37	0.594595
12	1	33	0.363636
0	5	1	0
3	5	6	0.5
1	2	6	0.166667
1	5	2	0.5
0	4	0	0
1	4	2	0.5
1	5	2	0.5
0	5	1	0
2	5	4	0.5
2	4	2	1
0	5	1	0
9	4	12	0.75
4	5	5	0.8
9	5	10	0.9
10	5	15	0.666667
2	5	3	0.666667
14	1	56	0.25
34	5	37	0.918919
1	3	6	0.166667
8	5	9	0.888889
8	2	23	0.347826
11	5	13	0.846154
19	1	41	0.463415
4	4	7	0.571429
11	2	19	0.578947
3	5	7	0.428571
110	1	190	0.578947
1	5	4	0.25
2	5	3	0.666667
1	5	2	0.5
2	4	5	0.4
6	5	9	0.666667
8	5	11	0.727273
2	3	9	0.222222
8	2	19	0.421053
32	4	44	0.727273
2	5	4	0.5
24	3	55	0.436364
1	5	2	0.5
2	5	3	0.666667
3	2	13	0.230769
0	5	1	0
0	5	2	0
0	5	1	0
1	5	2	0.5
0	5	1	0
1	5	1	1
0	5	0	0
0	3	3	0
2	4	2	1
0	5	0	0
0	5	1	0
23	1	89	0.258427
0	5	1	0
4	3	5	0.8
10	3	26	0.384615
1	5	4	0.25
0	5	2	0
1	4	2	0.5
2	5	3	0.666667
0	5	1	0
3	3	9	0.333333
4	3	5	0.8
0	5	1	0
9	1	34	0.264706
13	5	15	0.866667
0	5	1	0
8	1	29	0.275862
0	5	1	0
0	5	1	0
5	4	8	0.625
10	1	32	0.3125
1	5	3	0.333333
6	2	13	0.461538
3	5	5	0.6
3	4	3	1
1	5	1	1
0	5	0	0
0	5	2	0
0	4	0	0
1	5	1	1
4	5	5	0.8
0	5	1	0
0	5	1	0
1	5	1	1
5	2	14	0.357143
0	5	0	0
14	2	39	0.358974
0	5	3	0
1	5	2	0.5
1	5	3	0.333333
3	2	8	0.375
5	5	9	0.555556
9	1	25	0.36
11	2	33	0.333333
22	5	25	0.88
5	4	14	0.357143
18	4	25	0.72
4	4	7	0.571429
2	5	4	0.5
4	5	10	0.4
2	5	5	0.4
0	5	3	0
1	5	2	0.5
2	5	3	0.666667
1	5	2	0.5
6	4	9	0.666667
8	5	12	0.666667
2	3	4	0.5
0	4	1	0
10	2	15	0.666667
0	5	2	0
0	4	0	0
1	5	2	0.5
14	1	36	0.388889
1	5	2	0.5
1	5	2	0.5
0	3	2	0
28	1	41	0.682927
1	4	3	0.333333
0	5	1	0
0	2	4	0
7	4	10	0.7
2	5	5	0.4
12	1	27	0.444444
0	4	1	0
4	5	4	1
0	5	1	0
0	4	1	0
0	5	2	0
2	5	3	0.666667
0	4	1	0
2	5	4	0.5
4	4	4	1
0	5	2	0
0	5	2	0
0	5	1	0
0	5	1	0
0	4	2	0
0	4	1	0
2	5	5	0.4
18	1	37	0.486486
2	5	3	0.666667
0	5	1	0
2	5	3	0.666667
0	5	1	0
7	4	10	0.7
2	5	3	0.666667
0	5	1	0
0	4	0	0
1	5	2	0.5
2	5	3	0.666667
2	5	3	0.666667
0	5	1	0
2	5	3	0.666667
1	3	5	0.2
0	5	0	0
5	3	8	0.625
0	5	1	0
3	5	5	0.6
0	5	0	0
3	4	4	0.75
1	5	2	0.5
0	5	1	0
0	5	1	0
2	4	6	0.333333
2	4	3	0.666667
1	5	3	0.333333
1	5	2	0.5
1	5	3	0.333333
14	2	23	0.608696
5	2	14	0.357143
1	5	2	0.5
6	5	8	0.75
1	5	2	0.5
1	4	2	0.5
3	4	5	0.6
2	5	3	0.666667
2	4	4	0.5
3	5	4	0.75
0	4	0	0
3	4	4	0.75
1	5	2	0.5
0	5	1	0
6	2	12	0.5
0	5	1	0
10	3	16	0.625
17	1	35	0.485714
0	5	1	0
2	4	4	0.5
0	4	1	0
4	5	6	0.666667
4	5	6	0.666667
1	5	4	0.25
1	5	3	0.333333
1	4	2	0.5
26	1	49	0.530612
6	3	7	0.857143
3	5	5	0.6
2	5	6	0.333333
13	1	28	0.464286
3	3	9	0.333333
3	5	5	0.6
1	5	5	0.2
4	5	5	0.8
21	1	39	0.538462
0	5	0	0
3	5	5	0.6
0	4	0	0
21	3	23	0.913043
4	5	7	0.571429
6	4	6	1
17	1	27	0.62963
6	4	10	0.6
8	5	11	0.727273
0	4	0	0
0	3	1	0
1	4	2	0.5
23	1	38	0.605263
0	3	1	0
2	5	4	0.5
14	1	28	0.5
2	5	3	0.666667
8	4	10	0.8
2	5	3	0.666667
9	5	12	0.75
0	4	3	0
0	5	2	0
0	5	0	0
1	5	3	0.333333
3	3	5	0.6
3	3	4	0.75
0	4	2	0
21	1	40	0.525
2	5	5	0.4
3	5	4	0.75
2	4	5	0.4
0	5	2	0
5	5	8	0.625
1	5	3	0.333333
12	1	26	0.461538
6	2	11	0.545455
10	3	15	0.666667
0	5	3	0
10	5	12	0.833333
0	5	2	0
1	5	4	0.25
0	5	3	0
1	5	2	0.5
2	3	2	1
1	4	2	0.5
0	5	0	0
0	5	0	0
1	4	2	0.5
0	4	2	0
2	5	4	0.5
0	5	3	0
3	5	5	0.6
1	5	2	0.5
0	5	1	0
13	1	35	0.371429
7	5	10	0.7
6	2	14	0.428571
0	5	1	0
3	5	4	0.75
0	5	2	0
1	4	3	0.333333
0	4	2	0
2	5	3	0.666667
1	5	2	0.5
0	5	0	0
0	5	0	0
3	5	4	0.75
0	5	0	0
5	2	11	0.454545
10	5	11	0.909091
2	5	3	0.666667
4	5	6	0.666667
1	5	1	1
26	5	29	0.896552
0	5	0	0
6	1	18	0.333333
1	5	3	0.333333
3	4	3	1
13	1	27	0.481481
0	5	1	0
7	4	8	0.875
14	2	37	0.378378
9	3	14	0.642857
23	1	41	0.560976
29	4	29	1
12	5	14	0.857143
1	5	1	1
7	2	20	0.35
3	5	3	1
10	1	22	0.454545
0	5	4	0
2	4	4	0.5
7	3	9	0.777778
1	5	1	1
2	3	3	0.666667
0	5	2	0
0	5	0	0
1	5	1	1
6	5	6	1
2	5	3	0.666667
0	5	0	0
1	5	1	1
0	5	0	0
0	5	0	0
7	5	8	0.875
0	5	0	0
1	5	3	0.333333
3	3	4	0.75
78	3	93	0.83871
4	5	4	1
13	5	15	0.866667
1	5	1	1
6	4	8	0.75
9	1	23	0.391304
7	2	13	0.538462
9	3	11	0.818182
4	4	4	1
1	5	2	0.5
5	4	5	1
4	5	5	0.8
0	5	0	0
1	4	3	0.333333
9	5	10	0.9
3	5	4	0.75
3	5	4	0.75
14	5	14	1
8	2	18	0.444444
8	5	12	0.666667
9	4	10	0.9
5	4	5	1
2	5	3	0.666667
3	5	5	0.6
4	5	4	1
3	5	3	1
3	4	4	0.75
6	2	20	0.3
18	1	42	0.428571
2	5	4	0.5
10	4	10	1
12	1	29	0.413793
1	5	1	1
2	5	3	0.666667
3	4	3	1
3	5	5	0.6
0	5	0	0
0	5	0	0
1	4	1	1
1	5	2	0.5
5	2	15	0.333333
0	5	0	0
11	1	22	0.5
12	4	14	0.857143
15	5	16	0.9375
1	4	1	1
6	5	9	0.666667
4	4	4	1
10	4	12	0.833333
13	1	26	0.5
1	5	1	1
9	3	21	0.428571
6	1	14	0.428571
12	4	15	0.8
1	4	1	1
0	5	1	0
7	1	16	0.4375
20	5	23	0.869565
2	3	3	0.666667
13	5	16	0.8125
6	1	15	0.4
2	5	2	1
13	5	14	0.928571
10	1	26	0.384615
5	5	7	0.714286
7	4	13	0.538462
3	5	3	1
3	5	3	1
1	2	8	0.125
8	1	30	0.266667
9	1	37	0.243243
1	5	1	1
3	4	6	0.5
1	5	1	1
2	2	10	0.2
8	1	16	0.5
3	4	3	1
6	5	6	1
1	5	1	1
0	5	0	0
6	4	8	0.75
6	1	27	0.222222
4	4	6	0.666667
4	5	5	0.8
9	5	10	0.9
0	5	0	0
6	5	9	0.666667
6	5	7	0.857143
26	5	29	0.896552
2	5	3	0.666667
1	5	2	0.5
1	5	5	0.2
9	1	24	0.375
6	3	6	1
1	5	1	1
0	5	0	0
3	5	3	1
1	5	2	0.5
3	5	4	0.75
1	5	1	1
1	5	1	1
7	4	9	0.777778
1	5	3	0.333333
3	4	3	1
3	5	4	0.75
5	5	6	0.833333
1	4	1	1
2	5	2	1
3	5	3	1
0	5	0	0
2	5	2	1
7	1	16	0.4375
4	5	5	0.8
11	4	16	0.6875
3	5	3	1
0	5	1	0
10	4	11	0.909091
0	5	0	0
4	5	4	1
2	5	2	1
8	5	8	1
0	4	1	0
4	5	5	0.8
0	4	0	0
1	5	1	1
6	5	6	1
4	5	4	1
8	3	9	0.888889
4	5	4	1
0	5	0	0
1	4	3	0.333333
7	5	9	0.777778
11	5	11	1
3	3	7	0.428571
20	4	22	0.909091
5	2	15	0.333333
5	5	5	1
1	5	1	1
10	5	11	0.909091
3	5	4	0.75
0	5	0	0
1	5	2	0.5
3	5	4	0.75
0	5	0	0
4	4	4	1
17	2	42	0.404762
7	5	8	0.875
4	3	4	1
8	2	21	0.380952
14	5	16	0.875
9	1	22	0.409091
1	3	1	1
11	1	30	0.366667
0	5	0	0
1	5	1	1
11	1	24	0.458333
17	5	24	0.708333
4	4	5	0.8
3	1	8	0.375
1	5	2	0.5
13	2	23	0.565217
8	5	12	0.666667
1	4	1	1
0	5	1	0
5	5	6	0.833333
1	5	4	0.25
2	3	7	0.285714
0	5	0	0
2	5	5	0.4
9	5	9	1
12	5	13	0.923077
0	5	1	0
2	5	2	1
2	5	2	1
1	2	6	0.166667
16	5	18	0.888889
0	4	1	0
19	5	21	0.904762
4	1	12	0.333333
2	4	3	0.666667
4	4	4	1
0	5	1	0
7	5	7	1
0	5	0	0
0	5	0	0
10	1	25	0.4
7	5	7	1
1	5	4	0.25
3	4	6	0.5
14	5	16	0.875
0	5	7	0
13	2	16	0.8125
1	5	1	1
0	5	0	0
1	4	3	0.333333
7	1	19	0.368421
1	5	1	1
1	5	1	1
1	4	1	1
0	4	0	0
0	5	0	0
0	5	0	0
0	5	0	0
3	2	6	0.5
1	5	2	0.5
6	1	18	0.333333
2	5	7	0.285714
7	5	7	1
6	5	7	0.857143
1	4	2	0.5
7	1	20	0.35
3	5	4	0.75
0	5	0	0
1	5	1	1
3	5	4	0.75
2	5	4	0.5
2	3	3	0.666667
1	4	3	0.333333
4	5	6	0.666667
3	5	4	0.75
0	5	0	0
0	5	0	0
0	5	0	0
0	5	0	0
8	2	20	0.4
3	5	3	1
29	1	46	0.630435
3	4	4	0.75
1	5	1	1
1	4	3	0.333333
7	5	10	0.7
3	5	4	0.75
9	5	15	0.6
0	4	0	0
7	5	8	0.875
3	5	3	1
2	5	2	1
3	5	4	0.75
1	5	4	0.25
0	5	0	0
1	5	2	0.5
0	5	0	0
0	5	0	0
3	5	5	0.6
0	5	0	0
4	5	4	1
4	4	5	0.8
5	5	5	1
15	1	39	0.384615
1	5	2	0.5
9	5	10	0.9
3	5	3	1
43	3	51	0.843137
14	5	15	0.933333
10	5	13	0.769231
2	4	4	0.5
10	1	20	0.5
1	5	1	1
3	4	3	1
4	5	5	0.8
10	4	17	0.588235
3	5	6	0.5
2	5	3	0.666667
3	5	14	0.214286
2	5	2	1
2	5	2	1
3	4	3	1
2	4	4	0.5
5	4	5	1
2	5	2	1
1	5	1	1
1	5	1	1
11	1	24	0.458333
1	3	6	0.166667
4	4	6	0.666667
4	4	5	0.8
4	5	4	1
8	4	8	1
25	5	27	0.925926
4	5	5	0.8
0	5	1	0
2	5	3	0.666667
0	5	0	0
51	5	58	0.87931
0	4	0	0
0	4	0	0
5	5	6	0.833333
10	5	13	0.769231
8	5	9	0.888889
8	3	12	0.666667
38	1	63	0.603175
4	5	6	0.666667
2	5	2	1
29	5	33	0.878788
6	4	8	0.75
38	3	42	0.904762
4	3	11	0.363636
4	5	6	0.666667
2	2	4	0.5
4	4	6	0.666667
19	5	22	0.863636
6	3	12	0.5
16	2	20	0.8
11	5	13	0.846154
2	5	3	0.666667
7	5	8	0.875
6	2	16	0.375
10	5	11	0.909091
2	5	3	0.666667
13	1	26	0.5
2	5	2	1
1	5	2	0.5
1	4	1	1
6	4	7	0.857143
1	5	2	0.5
2	5	3	0.666667
1	5	3	0.333333
8	5	12	0.666667
1	5	2	0.5
11	5	13	0.846154
7	5	9	0.777778
18	5	21	0.857143
3	4	3	1
9	2	23	0.391304
2	5	10	0.2
5	5	5	1
8	4	12	0.666667
3	4	3	1
21	1	38	0.552632
1	5	1	1
3	5	3	1
0	5	1	0
6	5	8	0.75
8	5	11	0.727273
1	4	1	1
3	2	18	0.166667
7	5	8	0.875
8	5	11	0.727273
22	1	37	0.594595
23	3	31	0.741935
6	5	7	0.857143
8	5	16	0.5
4	2	7	0.571429
5	5	5	1
0	5	0	0
0	3	3	0
2	4	3	0.666667
1	5	1	1
1	5	2	0.5
3	5	4	0.75
3	4	3	1
5	5	5	1
6	5	6	1
6	5	6	1
8	2	17	0.470588
15	5	15	1
6	5	6	1
1	5	2	0.5
1	3	1	1
2	5	3	0.666667
5	5	5	1
11	5	11	1
1	5	1	1
18	3	22	0.818182
6	5	6	1
1	5	1	1
1	5	1	1
1	5	1	1
1	5	1	1
25	1	49	0.510204
3	5	3	1
2	3	12	0.166667
13	5	13	1
1	5	1	1
0	5	0	0
22	1	50	0.44
4	5	4	1
5	5	5	1
4	5	5	0.8
0	5	0	0
29	5	34	0.852941
14	5	14	1
11	5	12	0.916667
3	5	4	0.75
0	5	0	0
16	4	21	0.761905
0	5	0	0
0	5	0	0
1	5	1	1
2	3	9	0.222222
4	5	5	0.8
13	4	15	0.866667
2	5	18	0.111111
2	5	3	0.666667
27	5	31	0.870968
11	5	13	0.846154
22	4	25	0.88
11	5	13	0.846154
12	4	20	0.6
2	5	4	0.5
9	5	9	1
27	5	30	0.9
160	5	174	0.91954
4	5	6	0.666667
5	5	5	1
8	5	12	0.666667
13	5	13	1
8	4	11	0.727273
20	5	22	0.909091
26	5	28	0.928571
3	5	10	0.3
6	5	6	1
1	4	2	0.5
12	5	12	1
3	5	7	0.428571
0	2	0	0
2	3	27	0.0740741
4	5	4	1
14	5	15	0.933333
50	5	58	0.862069
11	4	11	1
22	5	24	0.916667
4	5	8	0.5
7	2	24	0.291667
3	3	10	0.3
13	5	14	0.928571
3	5	8	0.375
3	4	3	1
2	5	3	0.666667
8	5	11	0.727273
5	5	6	0.833333
6	5	6	1
10	4	12	0.833333
7	4	7	1
1	5	1	1
4	4	4	1
12	5	12	1
5	5	5	1
12	4	12	1
1	5	2	0.5
26	1	56	0.464286
3	5	4	0.75
1	5	1	1
9	2	26	0.346154
2	5	5	0.4
13	3	14	0.928571
7	4	7	1
0	4	0	0
0	5	0	0
0	5	0	0
1	5	1	1
0	5	0	0
4	5	6	0.666667
1	5	1	1
29	5	32	0.90625
2	5	3	0.666667
3	5	3	1
3	5	4	0.75
5	5	7	0.714286
3	5	3	1
0	5	0	0
1	5	1	1
0	2	0	0
8	4	9	0.888889
1	5	2	0.5
87	2	158	0.550633
1	5	1	1
2	5	3	0.666667
7	5	10	0.7
366	5	414	0.884058
5	5	5	1
9	2	46	0.195652
7	5	9	0.777778
8	5	14	0.571429
17	5	19	0.894737
0	4	0	0
48	4	74	0.648649
0	4	0	0
0	2	12	0
14	5	15	0.933333
8	5	8	1
9	5	10	0.9
8	4	11	0.727273
3	2	6	0.5
137	5	147	0.931973
14	5	17	0.823529
7	5	8	0.875
8	5	12	0.666667
4	5	6	0.666667
4	5	4	1
27	5	30	0.9
12	5	13	0.923077
39	2	49	0.795918
6	5	8	0.75
14	5	15	0.933333
8	5	8	1
2	5	4	0.5
4	5	8	0.5
7	4	10	0.7
6	5	7	0.857143
3	4	3	1
7	5	9	0.777778
145	3	167	0.868263
5	5	8	0.625
12	4	14	0.857143
8	5	9	0.888889
4	5	4	1
7	3	10	0.7
403	5	434	0.928571
10	5	10	1
1	4	1	1
12	5	13	0.923077
19	1	48	0.395833
19	1	45	0.422222
9	5	10	0.9
7	5	10	0.7
14	5	14	1
10	5	10	1
30	5	38	0.789474
1	5	4	0.25
1	4	3	0.333333
5	2	10	0.5
5	5	7	0.714286
4	5	5	0.8
