2 5
7 5
13 1
0 5
0 5
0 5
4 3
1 5
2 5
2 4
0 5
3 5
5 5
3 5
1 5
1 4
3 4
3 5
9 1
3 5
3 5
5 5
0 5
1 5
0 5
0 5
0 5
0 5
2 5
2 5
7 5
2 5
3 2
4 5
2 5
3 5
4 4
1 5
2 4
4 4
3 3
19 1
3 5
1 5
6 5
2 5
2 4
2 5
0 4
1 5
0 5
0 5
19 2
3 5
4 5
28 1
24 1
1 5
0 5
1 5
4 5
22 1
15 1
1 5
8 2
1 5
4 5
6 5
2 5
6 5
6 5
1 5
9 4
18 1
5 5
2 5
8 2
2 5
0 4
6 3
3 5
1 5
11 2
5 5
3 5
9 2
5 5
5 5
7 5
13 2
13 1
5 5
4 4
0 5
1 5
1 4
1 4
4 5
1 5
16 2
10 2
3 5
3 5
1 5
21 1
1 5
2 4
0 5
1 5
1 5
1 5
3 5
2 4
1 5
2 4
3 3
6 4
4 5
8 5
2 5
2 3
3 5
25 3
1 5
11 5
22 2
12 1
0 5
3 5
1 2
1 5
0 4
1 4
1 5
0 5
2 5
2 4
0 5
9 4
4 5
9 5
10 5
2 5
14 1
34 5
1 3
8 5
8 2
11 5
19 1
4 4
11 2
3 5
110 1
1 5
2 5
1 5
2 4
6 5
8 5
2 3
8 2
32 4
2 5
24 3
1 5
2 5
3 2
0 5
0 5
0 5
1 5
0 5
1 5
0 5
0 3
2 4
0 5
0 5
23 1
0 5
4 3
10 3
1 5
0 5
1 4
2 5
0 5
3 3
4 3
0 5
9 1
13 5
0 5
8 1
0 5
0 5
5 4
10 1
1 5
6 2
3 5
3 4
1 5
0 5
0 5
0 4
1 5
4 5
0 5
0 5
1 5
5 2
0 5
14 2
0 5
1 5
1 5
3 2
5 5
9 1
11 2
22 5
5 4
18 4
4 4
2 5
4 5
2 5
0 5
1 5
2 5
1 5
6 4
8 5
2 3
0 4
10 2
0 5
0 4
1 5
14 1
1 5
1 5
0 3
28 1
1 4
0 5
0 2
7 4
2 5
12 1
0 4
4 5
0 5
0 4
0 5
2 5
0 4
2 5
4 4
0 5
0 5
0 5
0 5
0 4
0 4
2 5
18 1
2 5
0 5
2 5
0 5
7 4
2 5
0 5
0 4
1 5
2 5
2 5
0 5
2 5
1 3
0 5
5 3
0 5
3 5
0 5
3 4
1 5
0 5
0 5
2 4
2 4
1 5
1 5
1 5
14 2
5 2
1 5
6 5
1 5
1 4
3 4
2 5
2 4
3 5
0 4
3 4
1 5
0 5
6 2
0 5
10 3
17 1
0 5
2 4
0 4
4 5
4 5
1 5
1 5
1 4
26 1
6 3
3 5
2 5
13 1
3 3
3 5
1 5
4 5
21 1
0 5
3 5
0 4
21 3
4 5
6 4
17 1
6 4
8 5
0 4
0 3
1 4
23 1
0 3
2 5
14 1
2 5
8 4
2 5
9 5
0 4
0 5
0 5
1 5
3 3
3 3
0 4
21 1
2 5
3 5
2 4
0 5
5 5
1 5
12 1
6 2
10 3
0 5
10 5
0 5
1 5
0 5
1 5
2 3
1 4
0 5
0 5
1 4
0 4
2 5
0 5
3 5
1 5
0 5
13 1
7 5
6 2
0 5
3 5
0 5
1 4
0 4
2 5
1 5
0 5
0 5
3 5
0 5
5 2
10 5
2 5
4 5
1 5
26 5
0 5
6 1
1 5
3 4
13 1
0 5
7 4
14 2
9 3
23 1
29 4
12 5
1 5
7 2
3 5
10 1
0 5
2 4
7 3
1 5
2 3
0 5
0 5
1 5
6 5
2 5
0 5
1 5
0 5
0 5
7 5
0 5
1 5
3 3
78 3
4 5
13 5
1 5
6 4
9 1
7 2
9 3
4 4
1 5
5 4
4 5
0 5
1 4
9 5
3 5
3 5
14 5
8 2
8 5
9 4
5 4
2 5
3 5
4 5
3 5
3 4
6 2
18 1
2 5
10 4
12 1
1 5
2 5
3 4
3 5
0 5
0 5
1 4
1 5
5 2
0 5
11 1
12 4
15 5
1 4
6 5
4 4
10 4
13 1
1 5
9 3
6 1
12 4
1 4
0 5
7 1
20 5
2 3
13 5
6 1
2 5
13 5
10 1
5 5
7 4
3 5
3 5
1 2
8 1
9 1
1 5
3 4
1 5
2 2
8 1
3 4
6 5
1 5
0 5
6 4
6 1
4 4
4 5
9 5
0 5
6 5
6 5
26 5
2 5
1 5
1 5
9 1
6 3
1 5
0 5
3 5
1 5
3 5
1 5
1 5
7 4
1 5
3 4
3 5
5 5
1 4
2 5
3 5
0 5
2 5
7 1
4 5
11 4
3 5
0 5
10 4
0 5
4 5
2 5
8 5
0 4
4 5
0 4
1 5
6 5
4 5
8 3
4 5
0 5
1 4
7 5
11 5
3 3
20 4
5 2
5 5
1 5
10 5
3 5
0 5
1 5
3 5
0 5
4 4
17 2
7 5
4 3
8 2
14 5
9 1
1 3
11 1
0 5
1 5
11 1
17 5
4 4
3 1
1 5
13 2
8 5
1 4
0 5
5 5
1 5
2 3
0 5
2 5
9 5
12 5
0 5
2 5
2 5
1 2
16 5
0 4
19 5
4 1
2 4
4 4
0 5
7 5
0 5
0 5
10 1
7 5
1 5
3 4
14 5
0 5
13 2
1 5
0 5
1 4
7 1
1 5
1 5
1 4
0 4
0 5
0 5
0 5
3 2
1 5
6 1
2 5
7 5
6 5
1 4
7 1
3 5
0 5
1 5
3 5
2 5
2 3
1 4
4 5
3 5
0 5
0 5
0 5
0 5
8 2
3 5
29 1
3 4
1 5
1 4
7 5
3 5
9 5
0 4
7 5
3 5
2 5
3 5
1 5
0 5
1 5
0 5
0 5
3 5
0 5
4 5
4 4
5 5
15 1
1 5
9 5
3 5
43 3
14 5
10 5
2 4
10 1
1 5
3 4
4 5
10 4
3 5
2 5
3 5
2 5
2 5
3 4
2 4
5 4
2 5
1 5
1 5
11 1
1 3
4 4
4 4
4 5
8 4
25 5
4 5
0 5
2 5
0 5
51 5
0 4
0 4
5 5
10 5
8 5
8 3
38 1
4 5
2 5
29 5
6 4
38 3
4 3
4 5
2 2
4 4
19 5
6 3
16 2
11 5
2 5
7 5
6 2
10 5
2 5
13 1
2 5
1 5
1 4
6 4
1 5
2 5
1 5
8 5
1 5
11 5
7 5
18 5
3 4
9 2
2 5
5 5
8 4
3 4
21 1
1 5
3 5
0 5
6 5
8 5
1 4
3 2
7 5
8 5
22 1
23 3
6 5
8 5
4 2
5 5
0 5
0 3
2 4
1 5
1 5
3 5
3 4
5 5
6 5
6 5
8 2
15 5
6 5
1 5
1 3
2 5
5 5
11 5
1 5
18 3
6 5
1 5
1 5
1 5
1 5
25 1
3 5
2 3
13 5
1 5
0 5
22 1
4 5
5 5
4 5
0 5
29 5
14 5
11 5
3 5
0 5
16 4
0 5
0 5
1 5
2 3
4 5
13 4
2 5
2 5
27 5
11 5
22 4
11 5
12 4
2 5
9 5
27 5
160 5
4 5
5 5
8 5
13 5
8 4
20 5
26 5
3 5
6 5
1 4
12 5
3 5
0 2
2 3
4 5
14 5
50 5
11 4
22 5
4 5
7 2
3 3
13 5
3 5
3 4
2 5
8 5
5 5
6 5
10 4
7 4
1 5
4 4
12 5
5 5
12 4
1 5
26 1
3 5
1 5
9 2
2 5
13 3
7 4
0 4
0 5
0 5
1 5
0 5
4 5
1 5
29 5
2 5
3 5
3 5
5 5
3 5
0 5
1 5
0 2
8 4
1 5
87 2
1 5
2 5
7 5
366 5
5 5
9 2
7 5
8 5
17 5
0 4
48 4
0 4
0 2
14 5
8 5
9 5
8 4
3 2
137 5
14 5
7 5
8 5
4 5
4 5
27 5
12 5
39 2
6 5
14 5
8 5
2 5
4 5
7 4
6 5
3 4
7 5
145 3
5 5
12 4
8 5
4 5
7 3
403 5
10 5
1 4
12 5
19 1
19 1
9 5
7 5
14 5
10 5
30 5
1 5
1 4
5 2
5 5
4 5
