37 1
11 1
31 1
2 5
46 1
62 1
112 1
45 1
13 2
17 1
41 1
22 1
9 3
55 1
11 2
18 2
22 1
23 1
24 1
4 4
20 1
53 1
1600 1
12 5
13 5
16 1
48 1
43 1
23 1
19 1
33 1
17 1
47 1
10 1
12 1
15 1
43 1
6 5
6 1
16 1
3 1
3 1
28 1
15 2
27 1
2 3
18 5
11 1
9 2
3 1
10 1
13 1
7 1
5 1
7 1
9 1
12 1
6 4
5 2
9 1
50 5
8 1
24 1
5 5
8 2
6 1
9 1
10 1
6 1
1 3
17 1
0 4
4 5
5 1
10 1
5 1
8 5
15 1
5 1
6 1
3 1
2 4
2 1
1 1
7 2
5 5
14 1
7 1
6 5
3 4
11 1
6 4
28 1
3 3
15 1
5 1
5 5
8 5
9 1
7 1
5 3
3 2
4 1
3 5
13 1
12 1
5 1
4 4
4 3
5 1
14 1
1 1
4 1
5 5
3 1
7 1
22 1
8 1
9 1
5 1
2 2
2 2
7 1
1 2
3 2
25 1
10 2
4 4
9 5
10 1
7 1
8 1
5 2
9 5
8 1
2 4
2 3
23 1
12 1
1 1
30 1
5 3
13 1
33 1
2 3
29 1
1 4
11 1
3 1
133 1
10 5
8 1
8 1
4 1
11 1
3 1
1 2
5 3
2 1
4 4
5 1
0 3
1 1
1 3
2 4
3 1
14 1
25 1
10 2
5 1
3 5
12 1
1 3
4 5
4 4
7 1
12 1
7 1
4 1
1 3
39 1
2 1
1 1
8 1
1 3
93 1
1 2
2 1
8 1
3 1
6 1
1 3
6 1
3 5
4 1
6 1
8 1
0 3
6 1
4 5
19 1
5 5
0 3
16 1
0 3
1 3
5 1
6 4
19 1
6 1
1 1
5 1
7 1
131 1
24 1
12 1
14 2
4 1
3 4
28 1
10 1
6 1
3 2
3 2
1 4
6 1
5 5
6 1
2 3
6 1
2 1
8 1
5 1
3 1
3 1
4 1
5 1
2 1
7 1
0 3
3 1
1 1
2 1
2 1
8 5
2 3
0 4
6 1
5 1
1 1
1 1
1 1
4 1
0 1
2 1
1 3
1 1
1 3
27 5
1 1
1 1
1 1
1 1
0 1
2 1
1 1
0 2
5 1
20 1
11 1
4 1
2 4
6 1
9 1
2 3
1 3
25 1
18 1
8 1
4 1
9 1
5 1
2 1
5 1
15 1
6 1
5 1
22 1
6 4
9 1
2 2
9 1
3 3
8 1
8 1
5 1
3 1
11 1
4 1
2 1
1 1
4 5
3 5
4 2
7 1
18 1
5 1
7 1
12 1
16 1
9 1
5 1
9 1
6 1
4 2
3 5
11 1
5 1
13 1
7 2
4 2
9 1
1 3
11 1
2 3
3 1
5 1
2 1
10 1
4 1
0 4
1 4
2 1
4 1
3 1
2 4
6 1
4 1
6 1
8 1
3 1
8 1
5 5
5 1
20 1
1 2
8 1
0 2
7 1
10 1
2 4
12 5
5 1
8 1
6 1
3 1
63 1
20 1
36 3
22 1
110 1
28 1
78 1
8 1
42 1
0 4
8 1
7 1
3 5
5 1
16 1
21 1
6 3
11 1
13 1
2 3
7 1
1 2
12 1
8 2
19 1
68 2
12 1
7 1
81 2
17 1
1 2
9 1
5 1
2 4
11 1
15 1
1 2
28 1
22 1
5 1
12 1
10 1
5 5
20 1
1 2
5 2
4 1
32 2
23 1
9 1
4 1
1 1
2 1
2 1
3 1
4 1
1 1
65 1
0 1
2 5
0 1
2 5
5 1
20 1
5 1
41 1
3 2
6 1
8 1
15 1
5 1
9 1
14 1
4 1
9 1
10 1
3 1
5 1
4 1
2 1
4 1
7 1
2 5
1 1
1 1
2 1
2 1
3 1
9 1
11 1
10 1
5 1
8 1
6 1
6 1
7 1
34 1
7 1
5 1
7 2
6 1
5 1
11 1
2 1
13 1
3 1
8 1
5 3
10 1
9 1
10 1
1 2
3 2
3 5
5 2
5 2
9 1
13 1
1 1
11 1
5 1
6 1
6 1
5 1
8 5
5 1
5 1
2 2
6 1
4 1
5 5
2 1
12 1
2 1
6 1
15 1
2 2
2 2
4 1
2 2
0 2
0 1
6 1
3 1
0 3
7 1
2 1
7 1
6 2
4 2
9 1
4 2
9 5
3 2
4 1
4 2
4 1
4 1
9 1
3 1
15 1
7 1
4 1
0 3
0 1
6 3
0 1
9 1
5 1
5 1
4 1
3 2
14 1
6 1
4 1
3 1
12 1
2 1
2 1
4 3
28 1
5 1
6 1
8 1
4 1
6 1
5 1
3 1
6 1
0 1
3 4
3 1
2 4
28 1
6 1
5 1
3 3
4 1
14 1
12 1
12 1
19 1
10 2
5 1
1 4
2 2
3 2
15 1
2 3
7 1
3 1
6 1
4 2
2 2
13 1
4 1
1 3
6 1
4 2
0 3
2 2
13 1
2 3
14 1
8 5
6 1
4 5
7 1
13 1
16 1
12 1
8 2
4 4
6 2
4 3
8 1
0 3
11 1
0 1
4 2
6 5
4 4
1 3
4 2
8 1
6 1
1 3
2 3
5 1
19 1
8 1
5 2
10 1
3 2
4 1
18 2
6 1
4 1
6 1
6 1
9 1
4 1
1 1
5 1
4 1
5 1
12 1
0 4
6 1
2 1
2 2
1 1
8 1
1 3
2 5
3 1
8 1
0 3
24 1
2 1
8 1
3 2
3 5
6 1
1 1
0 2
0 1
3 1
2 1
11 1
8 1
0 1
3 1
1 1
4 1
1 1
1 1
1 1
4 1
2 2
3 1
2 1
0 3
3 1
1 4
1 4
1 1
1 1
5 1
4 1
7 5
11 1
1 2
0 3
4 2
0 1
22 1
1 2
5 4
8 1
1 2
3 2
9 1
12 1
9 2
5 1
15 2
6 1
5 1
3 4
13 1
7 1
2 3
3 1
3 1
6 2
5 1
3 1
6 1
7 2
0 3
9 2
6 2
3 1
0 1
8 1
3 1
4 1
5 1
4 1
0 3
5 1
2 2
3 1
4 1
3 1
5 1
5 1
3 1
8 1
12 1
0 1
1 1
2 5
1 3
4 1
3 1
1 1
1 1
4 1
1 1
1 4
1 1
1 1
1 1
2 1
1 1
1 1
0 1
6 2
1 1
1 1
2 1
3 1
3 1
1 1
1 1
3 1
0 2
10 1
8 1
1 1
0 3
6 1
4 1
0 2
2 1
0 1
1 1
2 1
0 4
7 1
0 3
3 1
7 1
3 1
1 5
1 2
1 1
6 1
1 4
5 1
3 1
0 3
0 3
1 2
0 3
2 2
7 1
3 1
23 1
5 1
2 1
3 1
14 3
2 1
3 1
1 2
5 1
3 2
1 2
3 3
9 1
2 1
3 1
11 1
12 1
7 1
3 5
1 3
7 2
24 1
9 2
3 1
5 1
4 1
11 1
1 3
21 1
4 1
1 3
2 1
1 4
8 1
2 3
5 1
0 3
6 1
7 2
2 3
5 1
2 2
4 1
47 1
5 1
2 1
1 5
37 1
11 1
2 1
2 2
3 1
21 1
3 1
4 1
1 2
5 1
3 1
2 1
1 1
7 1
58 1
4 1
5 1
8 2
3 1
5 1
3 5
3 1
4 1
3 1
2 1
2 2
2 4
7 1
5 1
2 1
2 2
0 2
5 1
0 5
5 1
9 1
2 1
1 2
6 1
3 1
3 1
1 2
4 1
1 1
0 3
2 1
1 1
2 2
3 2
43 1
2 2
73 1
6 1
0 4
2 1
4 1
4 1
3 2
1 1
4 1
2 1
4 1
8 1
2 1
1 1
2 2
1 1
0 3
5 1
28 1
3 2
2 1
0 3
2 4
3 1
2 1
1 2
1 2
18 1
8 1
7 1
7 2
0 1
2 5
8 1
4 1
0 2
1 1
2 3
3 2
2 1
2 3
12 1
20 2
4 3
1 3
6 2
8 1
3 1
1 3
3 4
1 1
1 1
4 5
3 2
7 1
7 1
4 1
4 1
8 1
1 2
0 3
4 1
10 5
0 1
5 1
4 2
4 1
6 1
4 1
5 1
5 1
2 2
4 1
2 2
5 1
0 3
2 4
2 2
5 5
6 1
0 3
0 2
4 1
5 1
3 1
3 1
11 1
0 3
4 1
2 1
0 3
2 4
2 2
2 2
3 1
4 4
2 1
2 1
6 1
0 4
2 1
2 1
4 1
4 1
13 1
3 1
4 1
2 1
3 1
0 2
2 1
3 1
2 1
3 1
0 3
5 1
1 1
1 1
5 1
0 2
2 1
206 1
1 1
2 1
3 1
2 1
1 5
2 1
2 1
3 1
1 1
2 1
1 2
3 2
5 1
2 1
2 1
4 1
0 3
3 5
0 3
1 1
2 1
0 3
0 1
1 2
0 3
1 2
0 1
0 1
1 1
1 2
0 1
1 1
0 1
1 1
1 1
1 1
0 2
2 1
6 5
0 1
1 1
1 1
0 1
0 1
0 2
0 2
0 3
2 1
0 2
1 1
2 1
0 1
0 2
3 1
17 5
1 1
0 3
1 2
3 1
0 1
3 3
0 1
1 1
1 1
10 2
1 1
5 5
0 4
0 1
3 1
1 1
1 1
0 1
0 1
4 1
0 1
0 1
0 2
2 1
0 1
2 1
2 1
1 1
2 1
0 1
0 2
74 1
65 1
0 4
2 2
1 1
1 2
1 2
1 2
2 1
21 1
2 1
1 1
2 1
1 1
0 3
8 1
17 1
13 2
13 1
10 4
0 3
2 1
5 2
5 1
24 1
0 3
7 5
8 3
11 3
12 1
21 1
3 2
31 2
3 1
8 2
3 1
2 1
18 1
1 1
5 1
2 1
8 1
1 1
7 1
7 1
0 1
1 2
5 1
2 2
0 1
3 1
1 1
3 2
1 3
3 2
4 2
1 1
1 1
0 3
1 3
0 1
1 1
3 3
3 2
13 1
1 4
0 3
0 1
9 2
3 3
1 1
5 5
0 2
2 3
0 1
3 2
7 1
1 2
3 2
1 1
22 1
2 1
3 4
2 1
3 1
1 1
2 2
1 1
1 2
1 1
4 1
5 1
3 1
10 1
0 4
0 2
6 3
3 1
10 1
10 3
2 2
6 2
4 4
1 4
4 1
9 1
5 1
7 2
3 1
5 1
10 1
18 1
1 2
0 1
2 2
0 3
65 1
0 1
6 1
4 2
12 1
0 3
11 1
1 3
4 1
1 1
4 1
21 1
4 1
4 1
1 4
6 1
1 2
2 2
5 1
3 1
4 2
2 1
4 1
37 1
0 2
0 2
7 1
1 2
4 1
29 1
2 1
1 1
1 1
3 1
1 1
2 5
2 1
2 2
5 1
6 2
9 1
1 2
5 1
0 3
1 1
4 1
3 1
3 1
3 1
15 2
1 2
3 1
2 3
1 1
0 1
2 4
5 1
61 1
3 1
9 1
3 1
9 1
15 1
5 2
1 4
11 1
9 1
4 2
8 4
2 2
4 1
1 3
19 1
0 3
2 5
5 1
32 1
1 1
3 2
1 3
2 1
15 1
0 3
0 4
23 2
25 1
5 1
0 2
4 1
1 1
0 3
6 1
12 2
8 1
0 2
3 1
1 1
2 1
13 1
4 1
1 1
1 2
5 1
53 5
5 1
21 1
5 1
1 5
2 1
0 3
10 1
3 1
1 3
7 1
1 2
3 1
2 1
0 2
1 2
1 1
5 1
2 2
0 1
3 1
2 1
0 3
1 2
0 2
0 1
2 1
0 4
0 2
2 2
2 1
0 4
3 1
0 1
1 1
1 4
0 3
2 1
1 1
1 2
3 1
2 1
1 2
44 1
1 1
2 1
1 5
1 2
0 4
1 2
1 2
1 1
1 1
2 5
1 1
1 2
2 2
0 3
2 1
3 1
2 1
1 1
1 1
5 1
3 1
2 1
1 1
3 1
0 3
3 1
1 1
2 1
1 1
6 1
1 1
3 1
1 1
9 5
9 1
1 1
12 1
3 4
4 1
1 1
5 3
12 1
6 1
14 1
0 4
4 1
10 1
2 2
4 1
3 1
20 1
1 1
1 1
1 2
0 2
9 1
3 2
1 1
5 1
0 2
3 1
1 2
2 1
86 1
3 1
2 1
2 2
4 1
5 3
4 5
8 1
1 1
1 5
1 1
1 2
1 1
2 1
6 1
4 1
2 1
1 2
5 1
2 1
3 1
2 1
1 2
4 1
2 1
3 2
2 1
3 1
2 1
2 1
1 2
14 2
2 1
2 1
3 1
3 3
3 2
0 2
4 1
1 2
2 1
4 1
1 2
2 1
0 2
9 1
6 1
48 1
21 2
13 1
9 2
8 1
2 1
8 2
12 1
2 2
5 1
2 1
12 1
10 1
1 1
4 4
1 2
9 1
5 2
1 3
3 1
6 1
1 1
7 2
2 2
0 3
1 4
3 1
4 1
2 1
1 2
6 1
1 2
3 5
1 2
2 1
4 1
1 3
1 3
2 5
3 1
0 3
0 1
6 1
6 1
3 1
7 1
0 3
4 1
2 2
4 1
0 2
3 1
6 1
3 5
6 1
9 1
5 1
3 1
4 1
2 2
7 1
7 1
176 1
9 1
1 2
4 1
0 3
4 1
2 2
1 2
1 3
0 2
0 3
3 1
3 1
3 5
4 1
1 2
2 5
6 1
0 2
3 1
2 1
1 2
9 1
3 1
2 1
2 1
3 1
5 1
1 2
0 4
0 3
0 3
0 2
4 1
4 2
1 2
3 1
0 4
3 1
2 1
1 1
1 5
4 1
2 1
1 4
3 2
2 1
2 1
2 2
0 3
2 2
4 1
0 2
0 3
2 1
6 1
2 1
1 2
4 1
4 1
3 5
2 2
1 2
3 1
1 2
3 1
2 2
3 5
21 1
6 1
6 1
3 1
2 3
6 2
3 1
4 2
2 1
1 3
3 2
1 1
2 1
2 1
3 1
0 3
3 3
2 2
3 1
3 5
4 1
3 1
7 1
4 2
2 1
3 1
6 1
3 1
1 2
1 3
3 1
5 1
2 1
3 1
6 1
1 3
2 1
2 1
2 1
2 2
1 1
2 2
1 1
2 1
0 3
4 1
0 3
0 2
1 1
2 1
1 4
2 1
1 2
4 1
3 1
1 1
3 1
0 3
2 1
4 1
4 1
0 2
4 1
1 2
2 5
3 1
2 1
1 1
4 2
1 2
1 2
4 3
5 1
1 3
1 2
6 1
6 1
5 1
2 1
0 2
3 2
6 1
0 2
0 3
2 1
3 1
2 2
5 1
4 1
3 1
4 1
2 2
4 1
0 3
4 1
2 1
1 2
4 5
5 2
4 1
17 3
0 3
6 5
8 1
7 1
2 3
0 2
1 2
3 1
6 1
6 1
0 3
2 3
9 3
4 1
30 1
4 1
4 1
9 1
7 1
1 2
2 3
21 1
4 1
0 3
4 2
4 1
5 1
8 1
15 1
11 4
6 1
4 2
0 4
0 3
0 2
11 1
10 3
9 3
13 1
12 2
11 1
2 3
19 1
20 1
14 1
7 1
6 2
88 1
15 1
23 1
78 1
16 1
7 2
14 2
24 2
9 2
15 2
9 2
1 4
21 1
0 3
19 1
5 2
68 2
10 3
153 1
6 3
6 3
14 4
12 4
59 1
55 1
25 2
39 1
48 1
125 1
22 1
28 3
392 1
76 2
6 4
19 2
8 4
4 5
1 4
181 4
