2 4
1 4
1 5
2 5
2 5
3 5
3 5
1 5
0 5
2 4
1 4
0 5
1 5
1 1
1 5
2 2
2 3
1 5
0 5
6 2
0 5
0 4
0 5
0 5
0 5
3 5
1 5
2 5
4 5
8 3
10 5
6 4
4 5
10 2
2 5
7 5
1 2
2 5
16 1
3 5
9 1
5 5
7 2
5 5
2 5
2 4
2 5
2 2
5 3
1 5
3 4
4 5
6 5
10 3
2 2
1 4
2 3
0 5
1 2
1 3
1 5
2 5
1 5
1 3
2 5
0 5
0 3
0 5
0 5
0 4
5 1
2 5
3 4
1 2
2 3
1 5
1 4
1 4
1 5
3 3
1 5
1 5
2 5
2 5
2 5
5 2
7 5
3 3
1 5
1 5
2 5
3 2
1 3
1 4
11 1
6 4
0 5
0 5
2 4
2 4
1 5
0 5
3 2
2 5
5 5
5 1
1 5
0 5
0 4
0 5
4 5
1 4
2 4
6 1
1 5
2 5
1 5
0 5
3 4
0 4
1 4
1 5
0 4
1 5
4 2
1 3
0 5
0 5
5 1
1 3
3 3
2 4
0 5
3 2
1 4
3 3
1 5
0 5
1 5
1 5
2 5
1 4
1 5
1 4
5 5
3 5
1 5
1 5
0 5
2 4
2 5
0 5
0 5
0 5
6 2
6 1
9 1
4 2
3 3
0 4
1 5
0 5
4 4
5 1
0 5
0 4
0 5
6 1
1 4
0 5
0 5
0 4
2 3
1 4
12 1
0 5
1 4
0 5
0 5
1 4
0 5
1 5
0 5
1 5
1 4
1 5
7 1
3 5
1 5
0 5
0 5
0 4
0 4
0 4
0 4
0 3
0 4
0 4
1 4
0 4
1 5
0 5
0 4
8 1
1 2
0 3
0 5
0 4
0 4
0 5
1 5
0 5
0 5
0 5
1 5
4 5
1 5
1 3
11 1
1 5
0 4
0 3
0 5
9 1
0 5
11 1
1 5
2 5
3 1
0 5
0 4
1 5
4 3
1 5
8 2
1 5
5 2
0 5
9 5
1 4
0 5
3 2
4 3
5 3
0 4
2 2
1 5
0 5
1 5
0 5
1 2
0 5
2 5
1 5
37 5
7 1
0 4
0 4
1 5
0 3
0 4
0 5
0 5
8 1
1 5
1 5
4 2
0 5
2 3
1 5
2 5
12 1
1 5
0 5
0 5
1 3
0 4
0 5
1 4
1 5
1 4
1 4
6 1
0 5
1 5
1 3
1 5
5 1
1 5
0 5
2 3
0 4
0 2
7 1
4 1
10 1
21 1
1 4
1 5
2 5
1 5
0 5
1 5
0 4
1 5
5 1
1 1
4 5
1 2
2 1
0 4
1 2
1 3
2 1
0 5
0 4
1 3
0 4
0 4
0 5
0 4
0 5
1 3
0 5
0 5
0 5
0 4
2 5
1 5
1 5
0 5
0 5
2 5
1 5
0 5
0 5
1 5
0 5
0 5
0 5
0 5
0 5
0 5
0 5
0 5
2 3
11 2
0 4
1 5
1 5
4 5
0 5
0 5
0 5
1 3
0 4
1 5
0 5
2 2
19 1
0 5
0 3
0 4
0 5
0 5
0 4
1 4
3 4
3 5
2 4
0 4
0 5
0 5
1 5
1 5
0 5
0 5
4 5
1 3
1 5
0 5
0 3
1 5
0 4
4 1
2 5
0 5
0 5
0 5
1 5
0 5
13 5
0 4
0 3
0 3
16 1
0 4
1 5
0 4
1 5
14 4
0 5
1 5
1 3
1 5
1 5
5 5
1 4
4 1
1 5
4 1
1 3
2 5
0 5
6 5
0 4
1 5
4 5
1 5
3 5
4 1
0 5
3 1
0 3
0 1
5 5
0 5
3 5
0 5
0 5
0 5
0 5
4 5
9 1
1 5
1 3
3 2
6 4
1 5
1 5
1 4
1 5
1 1
0 5
0 4
2 2
0 5
0 5
0 3
1 2
0 3
2 5
0 5
16 1
4 2
2 5
1 3
1 3
2 1
0 5
1 3
2 4
0 4
0 5
1 5
2 5
4 1
0 3
0 3
0 4
0 4
1 5
0 4
0 3
0 5
3 5
1 2
25 5
0 4
0 5
0 5
0 5
2 4
4 2
4 4
0 5
0 4
0 5
0 4
0 5
10 1
4 2
1 5
2 5
0 5
0 3
5 2
5 2
0 5
5 1
3 2
2 2
4 2
14 5
5 1
1 3
1 5
0 3
3 2
1 2
0 5
0 5
14 3
2 1
0 5
5 5
0 5
2 5
1 5
1 5
1 5
5 2
1 4
1 5
1 3
0 5
1 3
3 2
0 4
0 5
5 1
0 3
16 1
6 1
5 5
4 5
4 3
17 4
1 5
0 5
0 5
1 5
0 4
3 2
0 3
0 5
1 5
0 5
2 5
5 5
1 4
0 5
6 1
0 5
0 5
1 5
1 2
2 2
3 1
0 5
2 2
1 5
2 5
4 5
0 3
3 2
0 3
5 1
1 5
1 5
1 5
1 5
1 4
1 5
0 5
3 5
6 5
5 1
3 5
5 5
0 5
1 5
0 5
1 3
2 5
1 5
1 4
0 5
1 5
2 5
0 5
5 5
1 3
0 3
2 2
0 5
3 1
0 5
6 5
2 4
1 5
1 5
0 5
1 4
4 4
4 4
0 5
1 5
2 5
0 4
1 5
1 5
4 5
1 5
1 5
6 1
1 5
8 1
0 5
9 3
1 5
0 5
1 5
2 3
0 5
0 4
2 5
2 5
0 3
0 4
0 3
25 4
4 1
4 2
3 3
3 3
1 4
0 5
0 5
1 5
0 5
0 4
0 5
0 4
9 5
1 5
0 5
2 5
1 5
0 5
0 5
2 5
0 5
1 4
0 3
0 3
2 2
3 5
1 5
0 5
0 5
2 4
0 5
0 5
1 5
0 5
0 5
3 3
0 4
4 2
1 3
1 3
0 2
2 3
4 2
0 3
3 4
0 3
0 2
1 3
1 2
3 4
5 4
6 1
0 3
3 4
1 3
4 4
4 2
0 2
0 3
0 3
0 4
0 5
0 5
34 1
0 5
0 3
1 3
0 5
0 5
0 4
1 3
1 2
0 4
1 5
0 5
4 4
1 4
0 5
0 5
0 3
0 4
0 4
1 5
7 5
0 5
3 4
0 5
0 5
0 5
1 5
5 5
0 4
1 3
1 5
1 5
0 4
7 4
2 5
1 5
2 1
1 5
0 4
1 4
1 5
1 5
0 5
0 4
0 5
1 4
1 2
1 5
0 5
3 2
1 5
0 5
0 5
1 2
1 5
2 5
0 5
0 5
0 5
7 2
4 2
1 5
0 5
0 5
0 5
4 1
0 4
0 5
2 5
7 2
1 5
12 5
0 5
1 5
2 4
4 5
0 5
1 5
0 4
4 2
0 5
0 4
1 5
0 5
1 5
1 5
0 5
257 5
23 5
0 5
0 5
0 5
1 5
0 4
3 1
0 5
4 5
0 5
4 5
0 5
3 2
0 4
1 4
2 2
0 5
1 5
0 5
0 5
1 3
1 5
0 3
6 1
4 2
0 5
1 4
1 4
6 5
1 5
7 1
0 5
0 4
0 5
0 2
1 5
0 2
0 3
1 2
0 4
0 5
0 5
1 3
0 2
0 2
0 2
2 3
0 2
0 3
2 1
4 1
0 3
0 3
4 1
0 3
0 3
0 4
0 2
0 4
2 1
0 3
5 1
0 5
1 3
0 5
0 5
1 1
1 5
33 5
2 5
1 5
0 3
0 3
0 5
12 1
0 5
0 5
0 4
2 5
0 5
1 5
1 5
1 5
2 4
15 4
2 4
8 1
1 1
3 2
0 5
0 5
0 5
1 5
1 5
3 5
4 3
0 5
2 5
0 5
0 5
1 5
6 1
10 5
1 5
0 4
2 4
1 4
4 5
4 3
1 4
0 5
0 5
0 4
5 3
4 4
1 5
0 5
4 4
0 5
0 4
0 5
0 4
2 1
1 5
4 5
14 5
0 5
0 5
0 5
0 5
0 5
0 5
2 5
22 5
3 1
1 5
0 5
4 2
1 3
0 5
9 5
1 5
2 5
1 4
1 5
1 5
0 5
3 5
2 5
0 4
0 5
1 1
0 4
7 5
0 5
0 5
0 4
0 5
1 5
1 5
1 5
0 4
0 4
0 4
0 4
0 5
0 5
0 3
5 5
3 4
3 3
2 5
205 1
1 4
3 3
2 5
5 2
3 5
2 3
0 5
0 5
0 5
1 5
0 5
0 5
3 1
2 1
7 1
0 5
0 4
6 1
0 5
8 3
3 5
0 3
3 5
2 4
0 5
1 5
1 5
3 5
0 3
0 3
1 4
0 4
2 5
0 5
2 4
0 5
0 5
1 4
0 4
0 5
0 5
2 5
1 5
4 4
1 5
1 4
3 5
0 4
0 4
2 5
7 1
2 4
3 1
8 1
0 5
1 5
3 5
0 5
0 5
0 5
1 5
3 5
2 4
1585 5
2 5
3 2
1 5
0 1
2 5
0 5
2 5
0 4
6 4
2 5
6 3
3 3
0 5
0 5
0 5
2 1
1 5
2 5
1 1
0 5
4 1
3 5
0 5
3 5
6 5
4 5
4 5
0 5
1 5
0 5
19 1
1 4
90 5
2 4
0 4
0 4
0 5
2 3
0 5
1 5
0 5
0 5
1 5
0 5
4 5
7 5
0 5
1 4
1 5
0 5
3 5
5 1
0 4
2 5
11 5
0 5
1 5
11 5
3 3
1 2
1 2
2 5
1 5
1 4
4 5
1 5
0 4
1 5
345 5
1 5
1 4
0 4
1 5
4 1
0 3
0 4
1 5
1 5
2 2
0 4
2 2
0 3
1 3
1 1
2 1
0 5
27 5
1 5
1 5
1 5
20 4
0 5
0 5
7 5
0 4
1 2
0 1
2 1
1 1
0 4
3 1
1 4
2 5
150 5
17 5
1 5
0 5
2 4
1 5
0 5
4 5
1 5
2 1
0 5
2 4
1 5
3 5
2 1
2 5
6 5
2 5
0 4
2 4
0 5
12 5
30 5
5 5
0 5
3 5
0 5
4 5
0 5
0 4
3 5
0 5
0 5
0 5
1 4
0 5
3 5
3 5
4 4
3 5
0 5
0 5
5 5
0 5
7 5
0 5
1 3
2 4
2 4
2 4
6 5
1 5
8 1
2 5
1 5
4 5
0 5
5 5
5 5
3 1
3 4
1 5
2 3
5 1
13 1
1 3
5 1
17 2
2 5
6 2
1 5
1 5
0 5
1 5
1 5
1 3
2 4
2 2
1 4
1 5
2 5
2 1
3 5
2 5
6 5
1 5
0 5
1 5
4 3
8 5
1 4
1 5
1 5
4 2
15 4
3 5
1 4
0 5
1 4
0 5
0 5
3 5
0 3
0 3
0 3
1 5
7 5
6 5
0 5
0 5
7 2
0 4
0 5
3 5
0 4
2 5
0 4
0 5
0 5
0 5
0 5
7 2
4 3
1 4
4 5
3 5
1 4
0 5
0 5
4 5
3 4
0 4
3 2
1 5
5 1
2 5
1 5
0 5
0 5
13 5
0 5
0 5
1 5
0 4
0 5
1 5
0 5
0 5
0 5
0 5
0 3
1 1
1 5
0 5
0 5
2 2
0 4
1 5
1 1
1 5
51 1
1 5
0 4
1 5
1 5
1 5
1 5
1 1
1 5
0 5
0 5
0 5
0 5
0 5
0 3
0 5
0 5
0 5
0 5
3 1
0 4
0 5
0 5
0 5
0 5
2 1
0 3
0 5
0 5
0 4
0 5
0 3
0 5
0 3
0 5
0 5
0 5
1 1
0 5
0 5
0 5
0 5
1 5
0 3
0 5
0 2
0 5
0 5
0 5
0 5
0 5
0 5
0 5
0 5
0 5
0 2
0 4
0 4
0 5
6 4
1 2
0 2
0 5
0 5
0 5
0 5
0 5
0 5
0 1
0 5
0 4
0 3
0 5
0 5
0 3
2 4
0 5
0 3
0 3
0 2
0 5
0 5
0 4
0 5
0 5
1 5
0 1
0 5
0 5
4 5
0 5
0 1
0 5
0 5
0 5
0 5
0 5
0 5
0 5
0 5
0 5
0 5
0 5
0 5
0 5
0 5
0 5
0 4
0 4
0 4
0 5
0 5
0 4
0 5
0 5
0 5
0 4
0 5
0 5
0 4
0 5
0 2
0 3
0 5
0 5
1 1
7 1
10 5
0 5
0 5
0 5
3 2
0 5
0 5
0 5
0 5
0 5
0 5
0 5
0 5
1 5
0 5
0 5
0 5
0 5
0 5
0 5
0 3
0 2
0 5
1 5
0 4
0 4
1 5
0 5
0 4
1 5
1 5
0 5
1 5
0 5
1 5
2 1
1 2
0 4
0 5
0 5
1 5
1 5
1 5
0 1
1 5
1 5
1 5
1 5
0 5
1 5
1 5
1 5
