7	3	9	0.777778
12	1	16	0.75
4	4	6	0.666667
8	1	14	0.571429
7	1	9	0.777778
5	2	6	0.833333
11	1	16	0.6875
6	1	15	0.4
4	2	8	0.5
2	5	11	0.181818
0	4	2	0
14	3	17	0.823529
1	4	5	0.2
0	5	7	0
0	3	1	0
3	5	5	0.6
1	4	4	0.25
0	5	1	0
1	5	3	0.333333
2	4	3	0.666667
4	2	7	0.571429
0	5	3	0
3	5	4	0.75
24	1	29	0.827586
0	5	6	0
2	4	5	0.4
9	3	11	0.818182
4	2	5	0.8
9	1	17	0.529412
2	4	4	0.5
2	5	6	0.333333
1	5	4	0.25
13	2	16	0.8125
10	1	14	0.714286
3	1	6	0.5
1	5	6	0.166667
7	2	9	0.777778
0	4	5	0
2	5	8	0.25
24	1	30	0.8
9	2	11	0.818182
8	1	13	0.615385
2	3	4	0.5
5	2	7	0.714286
1	3	6	0.166667
0	4	3	0
3	3	5	0.6
0	5	6	0
5	1	7	0.714286
0	4	5	0
0	4	6	0
5	1	10	0.5
6	2	9	0.666667
1	3	5	0.2
0	5	4	0
12	3	13	0.923077
0	3	2	0
0	5	6	0
15	1	23	0.652174
3	2	5	0.6
3	3	7	0.428571
0	5	2	0
0	5	3	0
2	4	6	0.333333
10	1	22	0.454545
2	5	6	0.333333
2	5	5	0.4
10	2	12	0.833333
4	2	5	0.8
3	3	5	0.6
0	4	5	0
0	4	5	0
1	3	2	0.5
33	2	38	0.868421
20	1	26	0.769231
4	3	4	1
2	4	5	0.4
10	1	14	0.714286
1	4	3	0.333333
5	3	9	0.555556
5	2	7	0.714286
3	5	9	0.333333
1	5	9	0.111111
7	3	7	1
5	2	7	0.714286
3	1	9	0.333333
12	3	13	0.923077
388	2	463	0.838013
0	3	4	0
1	4	3	0.333333
2	5	6	0.333333
6	1	8	0.75
0	3	0	0
1	4	6	0.166667
6	1	9	0.666667
8	3	13	0.615385
6	3	11	0.545455
5	3	6	0.833333
6	5	14	0.428571
13	3	16	0.8125
20	2	24	0.833333
0	4	7	0
11	2	13	0.846154
9	3	12	0.75
51	1	65	0.784615
3	5	10	0.3
16	2	21	0.761905
0	5	7	0
7	3	8	0.875
1	5	7	0.142857
4	4	8	0.5
4	3	5	0.8
0	5	8	0
13	1	27	0.481481
1	5	8	0.125
5	3	6	0.833333
5	3	6	0.833333
2	5	6	0.333333
15	1	19	0.789474
13	2	14	0.928571
0	5	6	0
9	2	10	0.9
9	2	10	0.9
12	1	15	0.8
3	5	7	0.428571
5	3	6	0.833333
2	4	3	0.666667
2	5	7	0.285714
3	4	6	0.5
6	3	7	0.857143
3	4	4	0.75
0	4	4	0
1	4	6	0.166667
2	3	2	1
4	4	8	0.5
8	5	11	0.727273
16	1	24	0.666667
2	5	11	0.181818
10	3	11	0.909091
0	4	4	0
17	1	22	0.772727
9	1	18	0.5
2	4	8	0.25
15	1	21	0.714286
2	4	10	0.2
3	2	4	0.75
6	5	14	0.428571
12	1	23	0.521739
6	5	13	0.461538
5	4	11	0.454545
30	1	40	0.75
2	4	6	0.333333
4	4	9	0.444444
3	4	8	0.375
5	5	11	0.454545
2	4	10	0.2
2	5	9	0.222222
3	5	9	0.333333
15	1	20	0.75
5	2	7	0.714286
3	3	10	0.3
2	3	7	0.285714
12	3	14	0.857143
10	2	14	0.714286
7	2	12	0.583333
15	3	15	1
17	1	21	0.809524
7	3	9	0.777778
1	4	6	0.166667
1	5	7	0.142857
0	4	4	0
2	5	8	0.25
8	2	15	0.533333
5	3	5	1
12	3	14	0.857143
14	2	26	0.538462
5	5	12	0.416667
5	1	12	0.416667
3	5	8	0.375
11	5	15	0.733333
6	3	7	0.857143
7	3	7	1
7	3	9	0.777778
3	3	3	1
5	3	5	1
2	5	8	0.25
8	2	32	0.25
3	4	7	0.428571
5	5	8	0.625
7	1	24	0.291667
4	5	13	0.307692
6	4	6	1
3	5	10	0.3
0	5	7	0
4	5	12	0.333333
3	4	5	0.6
5	4	8	0.625
5	3	8	0.625
20	1	29	0.689655
1	5	6	0.166667
1	5	5	0.2
5	5	13	0.384615
2	5	4	0.5
4	3	5	0.8
13	5	19	0.684211
5	2	7	0.714286
9	1	20	0.45
21	2	25	0.84
1	4	5	0.2
1	4	4	0.25
5	2	12	0.416667
3	4	5	0.6
0	4	2	0
0	5	7	0
2	3	4	0.5
14	1	23	0.608696
2	5	6	0.333333
0	4	7	0
4	5	23	0.173913
41	1	55	0.745455
1	5	8	0.125
13	1	23	0.565217
1	3	5	0.2
9	2	17	0.529412
4	3	6	0.666667
0	5	6	0
8	2	15	0.533333
10	3	11	0.909091
4	3	5	0.8
7	4	11	0.636364
10	2	13	0.769231
12	2	15	0.8
5	2	7	0.714286
6	3	10	0.6
3	5	8	0.375
4	4	5	0.8
6	5	8	0.75
2	5	4	0.5
5	2	7	0.714286
3	3	5	0.6
2	5	6	0.333333
9	1	14	0.642857
1	3	4	0.25
1	3	2	0.5
4	5	7	0.571429
6	5	11	0.545455
7	5	9	0.777778
4	5	5	0.8
2	5	8	0.25
6	4	10	0.6
2	3	5	0.4
7	1	11	0.636364
6	1	15	0.4
8	1	14	0.571429
2	3	5	0.4
5	4	6	0.833333
1	3	5	0.2
1	5	2	0.5
4	4	6	0.666667
1	5	4	0.25
4	4	7	0.571429
1	3	7	0.142857
8	1	16	0.5
6	3	13	0.461538
43	1	55	0.781818
11	1	19	0.578947
5	3	7	0.714286
3	4	6	0.5
4	3	7	0.571429
9	1	17	0.529412
11	1	21	0.52381
4	5	8	0.5
4	4	8	0.5
13	1	18	0.722222
1	4	6	0.166667
4	4	8	0.5
10	2	13	0.769231
131	1	159	0.823899
3	5	6	0.5
1	4	5	0.2
16	1	22	0.727273
9	3	10	0.9
2	4	8	0.25
0	3	5	0
7	1	11	0.636364
1	4	1	1
44	1	55	0.8
3	5	6	0.5
8	1	14	0.571429
0	3	3	0
4	4	6	0.666667
2	3	3	0.666667
0	3	3	0
7	1	13	0.538462
8	4	12	0.666667
7	1	13	0.538462
2	5	4	0.5
5	5	8	0.625
3	3	4	0.75
2	4	4	0.5
12	1	15	0.8
8	1	11	0.727273
4	1	6	0.666667
1	3	1	1
1	4	2	0.5
1	2	2	0.5
2	4	5	0.4
0	5	1	0
3	3	4	0.75
3	5	6	0.5
1	5	4	0.25
0	3	1	0
0	4	1	0
0	5	2	0
4	2	5	0.8
1	2	3	0.333333
7	4	8	0.875
2	5	4	0.5
3	1	10	0.3
2	4	3	0.666667
1	4	1	1
3	5	7	0.428571
9	2	13	0.692308
4	1	10	0.4
5	2	11	0.454545
1	4	3	0.333333
3	4	3	1
2	5	5	0.4
2	5	5	0.4
3	3	7	0.428571
11	1	15	0.733333
4	1	10	0.4
1	4	5	0.2
0	3	4	0
2	4	3	0.666667
5	5	9	0.555556
4	2	6	0.666667
1	5	5	0.2
1	4	2	0.5
9	2	14	0.642857
0	5	2	0
0	4	1	0
0	4	1	0
1	4	3	0.333333
0	5	4	0
2	2	4	0.5
1	3	3	0.333333
0	4	1	0
0	4	1	0
3	3	3	1
0	5	1	0
3	3	3	1
0	5	2	0
0	5	0	0
7	3	7	1
3	2	4	0.75
5	5	9	0.555556
2	4	5	0.4
5	5	7	0.714286
7	2	15	0.466667
5	3	7	0.714286
10	4	11	0.909091
4	4	7	0.571429
3	5	6	0.5
1	5	2	0.5
5	2	11	0.454545
3	5	6	0.5
0	5	2	0
16	1	20	0.8
1	4	3	0.333333
7	2	10	0.7
3	3	3	1
1	5	2	0.5
3	4	3	1
3	5	5	0.6
65	1	76	0.855263
30	1	35	0.857143
0	4	2	0
8	1	15	0.533333
3	5	5	0.6
5	5	8	0.625
22	1	32	0.6875
0	4	2	0
1	4	2	0.5
8	1	12	0.666667
4	5	8	0.5
11	1	14	0.785714
3	3	6	0.5
30	1	39	0.769231
6	1	12	0.5
3	5	7	0.428571
1	3	2	0.5
17	1	29	0.586207
2	3	5	0.4
4	5	7	0.571429
7	3	12	0.583333
3	2	7	0.428571
3	2	4	0.75
4	5	7	0.571429
0	5	17	0
1	5	4	0.25
0	5	3	0
10	1	13	0.769231
1	4	2	0.5
0	4	0	0
4	1	11	0.363636
17	2	21	0.809524
2	4	4	0.5
0	4	1	0
4	1	8	0.5
7	3	8	0.875
1	5	3	0.333333
5	5	6	0.833333
2	4	3	0.666667
3	4	5	0.6
131	1	157	0.834395
5	4	7	0.714286
4	1	11	0.363636
0	5	2	0
7	1	12	0.583333
5	4	8	0.625
5	5	5	1
8	1	16	0.5
8	5	9	0.888889
6	2	12	0.5
8	5	9	0.888889
3	5	5	0.6
6	2	8	0.75
1	5	2	0.5
4	3	7	0.571429
2	3	4	0.5
1	3	6	0.166667
8	1	22	0.363636
2	4	2	1
1	4	1	1
0	4	0	0
10	2	16	0.625
7	3	8	0.875
2	4	3	0.666667
4	4	5	0.8
11	1	15	0.733333
3	4	6	0.5
5	2	14	0.357143
15	1	21	0.714286
9	2	16	0.5625
8	3	10	0.8
20	1	26	0.769231
75	1	91	0.824176
13	1	17	0.764706
3	5	4	0.75
6	4	9	0.666667
6	4	6	1
21	2	25	0.84
6	3	8	0.75
5	3	6	0.833333
1	4	1	1
2	4	5	0.4
11	1	14	0.785714
9	5	10	0.9
4	5	5	0.8
5	2	7	0.714286
7	1	15	0.466667
3	2	5	0.6
31	1	42	0.738095
9	5	17	0.529412
2	3	4	0.5
7	2	12	0.583333
22	2	31	0.709677
3	5	13	0.230769
4	3	7	0.571429
10	3	12	0.833333
6	3	11	0.545455
8	3	11	0.727273
7	3	10	0.7
4	1	15	0.266667
6	5	8	0.75
17	3	22	0.772727
2	5	5	0.4
8	1	23	0.347826
22	1	31	0.709677
5	4	6	0.833333
7	3	8	0.875
3	5	7	0.428571
13	1	25	0.52
4	4	6	0.666667
9	1	33	0.272727
6	5	11	0.545455
15	5	19	0.789474
7	4	8	0.875
11	1	27	0.407407
5	5	10	0.5
10	1	18	0.555556
11	2	14	0.785714
3	5	7	0.428571
4	4	8	0.5
1	4	8	0.125
1	4	6	0.166667
14	2	19	0.736842
3	4	5	0.6
9	3	11	0.818182
3	3	5	0.6
3	4	4	0.75
7	5	11	0.636364
21	1	30	0.7
8	5	14	0.571429
4	5	7	0.571429
6	2	9	0.666667
3	4	5	0.6
4	4	5	0.8
3	5	5	0.6
5	5	6	0.833333
7	4	9	0.777778
10	1	20	0.5
2	5	5	0.4
13	2	23	0.565217
8	1	19	0.421053
2	5	8	0.25
7	1	15	0.466667
13	5	14	0.928571
7	3	8	0.875
7	4	7	1
5	4	9	0.555556
3	4	3	1
7	4	9	0.777778
2	5	3	0.666667
1	4	2	0.5
8	4	9	0.888889
17	1	27	0.62963
7	5	8	0.875
9	5	9	1
5	3	9	0.555556
12	1	24	0.5
2	5	5	0.4
5	5	7	0.714286
4	5	8	0.5
5	2	11	0.454545
6	5	6	1
11	1	24	0.458333
2	3	4	0.5
3	5	6	0.5
11	5	12	0.916667
14	2	25	0.56
12	1	27	0.444444
27	1	36	0.75
5	3	7	0.714286
12	3	13	0.923077
11	2	17	0.647059
7	3	12	0.583333
20	5	26	0.769231
6	4	8	0.75
7	4	11	0.636364
13	1	21	0.619048
3	4	6	0.5
7	4	9	0.777778
3	5	6	0.5
11	4	13	0.846154
15	1	24	0.625
10	1	19	0.526316
10	5	15	0.666667
15	1	22	0.681818
8	5	9	0.888889
7	5	9	0.777778
6	5	12	0.5
11	2	15	0.733333
21	1	28	0.75
16	4	18	0.888889
8	1	32	0.25
7	5	10	0.7
16	1	28	0.571429
11	3	13	0.846154
35	1	61	0.57377
12	5	19	0.631579
12	5	14	0.857143
26	1	45	0.577778
8	5	13	0.615385
8	4	10	0.8
21	3	27	0.777778
11	4	13	0.846154
14	5	18	0.777778
4	5	8	0.5
38	5	48	0.791667
7	4	14	0.5
10	4	28	0.357143
47	2	63	0.746032
34	5	44	0.772727
60	5	77	0.779221
89	2	145	0.613793
978	4	1061	0.921772
27	5	37	0.72973
572	5	654	0.874618
