7 3
12 1
4 4
8 1
7 1
5 2
11 1
6 1
4 2
2 5
0 4
14 3
1 4
0 5
0 3
3 5
1 4
0 5
1 5
2 4
4 2
0 5
3 5
24 1
0 5
2 4
9 3
4 2
9 1
2 4
2 5
1 5
13 2
10 1
3 1
1 5
7 2
0 4
2 5
24 1
9 2
8 1
2 3
5 2
1 3
0 4
3 3
0 5
5 1
0 4
0 4
5 1
6 2
1 3
0 5
12 3
0 3
0 5
15 1
3 2
3 3
0 5
0 5
2 4
10 1
2 5
2 5
10 2
4 2
3 3
0 4
0 4
1 3
33 2
20 1
4 3
2 4
10 1
1 4
5 3
5 2
3 5
1 5
7 3
5 2
3 1
12 3
388 2
0 3
1 4
2 5
6 1
0 3
1 4
6 1
8 3
6 3
5 3
6 5
13 3
20 2
0 4
11 2
9 3
51 1
3 5
16 2
0 5
7 3
1 5
4 4
4 3
0 5
13 1
1 5
5 3
5 3
2 5
15 1
13 2
0 5
9 2
9 2
12 1
3 5
5 3
2 4
2 5
3 4
6 3
3 4
0 4
1 4
2 3
4 4
8 5
16 1
2 5
10 3
0 4
17 1
9 1
2 4
15 1
2 4
3 2
6 5
12 1
6 5
5 4
30 1
2 4
4 4
3 4
5 5
2 4
2 5
3 5
15 1
5 2
3 3
2 3
12 3
10 2
7 2
15 3
17 1
7 3
1 4
1 5
0 4
2 5
8 2
5 3
12 3
14 2
5 5
5 1
3 5
11 5
6 3
7 3
7 3
3 3
5 3
2 5
8 2
3 4
5 5
7 1
4 5
6 4
3 5
0 5
4 5
3 4
5 4
5 3
20 1
1 5
1 5
5 5
2 5
4 3
13 5
5 2
9 1
21 2
1 4
1 4
5 2
3 4
0 4
0 5
2 3
14 1
2 5
0 4
4 5
41 1
1 5
13 1
1 3
9 2
4 3
0 5
8 2
10 3
4 3
7 4
10 2
12 2
5 2
6 3
3 5
4 4
6 5
2 5
5 2
3 3
2 5
9 1
1 3
1 3
4 5
6 5
7 5
4 5
2 5
6 4
2 3
7 1
6 1
8 1
2 3
5 4
1 3
1 5
4 4
1 5
4 4
1 3
8 1
6 3
43 1
11 1
5 3
3 4
4 3
9 1
11 1
4 5
4 4
13 1
1 4
4 4
10 2
131 1
3 5
1 4
16 1
9 3
2 4
0 3
7 1
1 4
44 1
3 5
8 1
0 3
4 4
2 3
0 3
7 1
8 4
7 1
2 5
5 5
3 3
2 4
12 1
8 1
4 1
1 3
1 4
1 2
2 4
0 5
3 3
3 5
1 5
0 3
0 4
0 5
4 2
1 2
7 4
2 5
3 1
2 4
1 4
3 5
9 2
4 1
5 2
1 4
3 4
2 5
2 5
3 3
11 1
4 1
1 4
0 3
2 4
5 5
4 2
1 5
1 4
9 2
0 5
0 4
0 4
1 4
0 5
2 2
1 3
0 4
0 4
3 3
0 5
3 3
0 5
0 5
7 3
3 2
5 5
2 4
5 5
7 2
5 3
10 4
4 4
3 5
1 5
5 2
3 5
0 5
16 1
1 4
7 2
3 3
1 5
3 4
3 5
65 1
30 1
0 4
8 1
3 5
5 5
22 1
0 4
1 4
8 1
4 5
11 1
3 3
30 1
6 1
3 5
1 3
17 1
2 3
4 5
7 3
3 2
3 2
4 5
0 5
1 5
0 5
10 1
1 4
0 4
4 1
17 2
2 4
0 4
4 1
7 3
1 5
5 5
2 4
3 4
131 1
5 4
4 1
0 5
7 1
5 4
5 5
8 1
8 5
6 2
8 5
3 5
6 2
1 5
4 3
2 3
1 3
8 1
2 4
1 4
0 4
10 2
7 3
2 4
4 4
11 1
3 4
5 2
15 1
9 2
8 3
20 1
75 1
13 1
3 5
6 4
6 4
21 2
6 3
5 3
1 4
2 4
11 1
9 5
4 5
5 2
7 1
3 2
31 1
9 5
2 3
7 2
22 2
3 5
4 3
10 3
6 3
8 3
7 3
4 1
6 5
17 3
2 5
8 1
22 1
5 4
7 3
3 5
13 1
4 4
9 1
6 5
15 5
7 4
11 1
5 5
10 1
11 2
3 5
4 4
1 4
1 4
14 2
3 4
9 3
3 3
3 4
7 5
21 1
8 5
4 5
6 2
3 4
4 4
3 5
5 5
7 4
10 1
2 5
13 2
8 1
2 5
7 1
13 5
7 3
7 4
5 4
3 4
7 4
2 5
1 4
8 4
17 1
7 5
9 5
5 3
12 1
2 5
5 5
4 5
5 2
6 5
11 1
2 3
3 5
11 5
14 2
12 1
27 1
5 3
12 3
11 2
7 3
20 5
6 4
7 4
13 1
3 4
7 4
3 5
11 4
15 1
10 1
10 5
15 1
8 5
7 5
6 5
11 2
21 1
16 4
8 1
7 5
16 1
11 3
35 1
12 5
12 5
26 1
8 5
8 4
21 3
11 4
14 5
4 5
38 5
7 4
10 4
47 2
34 5
60 5
89 2
978 4
27 5
572 5
