0	4	0	0
0	5	0	0
1	5	1	1
1	5	2	0.5
0	3	1	0
7	1	20	0.35
2	2	8	0.25
3	5	4	0.75
6	5	6	1
3	3	6	0.5
5	5	5	1
1	5	1	1
1	5	1	1
11	1	15	0.733333
6	5	6	1
3	2	4	0.75
2	3	3	0.666667
2	2	4	0.5
1	5	1	1
1	5	2	0.5
1	5	1	1
3	4	3	1
1	3	2	0.5
3	2	5	0.6
141	1	174	0.810345
1	3	1	1
0	5	1	0
3	3	4	0.75
0	4	1	0
0	2	2	0
0	5	0	0
0	5	0	0
1	4	1	1
1	4	1	1
0	4	0	0
0	4	0	0
0	4	0	0
1	4	1	1
2	2	2	1
0	4	0	0
0	4	0	0
0	5	0	0
0	2	1	0
0	4	0	0
3	4	6	0.5
17	1	23	0.73913
126	1	157	0.802548
0	4	1	0
0	5	1	0
8	1	15	0.533333
2	5	6	0.333333
0	5	4	0
3	3	5	0.6
0	5	2	0
2	5	4	0.5
0	5	1	0
12	1	18	0.666667
2	3	4	0.5
1	3	3	0.333333
0	5	2	0
5	2	7	0.714286
0	5	2	0
0	5	2	0
2	3	3	0.666667
1	3	2	0.5
1	4	2	0.5
0	5	1	0
1	3	4	0.25
15	1	40	0.375
7	5	12	0.583333
12	1	20	0.6
3	4	4	0.75
3	2	9	0.333333
3	4	4	0.75
2	4	3	0.666667
3	2	5	0.6
1	5	2	0.5
2	5	2	1
3	5	4	0.75
4	3	5	0.8
6	1	20	0.3
1	4	3	0.333333
0	5	1	0
4	4	4	1
11	1	17	0.647059
0	4	1	0
1	4	1	1
0	4	0	0
1	3	2	0.5
0	4	0	0
0	4	0	0
1	3	1	1
0	3	1	0
1	5	1	1
0	3	1	0
1	5	2	0.5
0	4	0	0
0	4	1	0
0	5	0	0
2	4	2	1
0	4	0	0
0	4	0	0
0	3	1	0
0	4	0	0
0	5	1	0
0	5	0	0
0	5	1	0
1	4	1	1
0	5	0	0
0	5	0	0
2	4	3	0.666667
1	5	2	0.5
9	1	15	0.6
0	5	0	0
0	4	0	0
0	4	0	0
0	5	0	0
0	4	0	0
0	4	0	0
1	4	1	1
1	4	1	1
4	2	7	0.571429
1	3	1	1
2	5	2	1
9	2	11	0.818182
11	1	15	0.733333
20	1	25	0.8
6	1	10	0.6
7	2	11	0.636364
2	4	3	0.666667
1	5	2	0.5
2	5	3	0.666667
25	1	32	0.78125
9	3	13	0.692308
4	5	6	0.666667
1	5	2	0.5
5	2	7	0.714286
2	4	2	1
2	5	4	0.5
5	5	6	0.833333
2	5	4	0.5
9	1	14	0.642857
2	5	3	0.666667
1	5	2	0.5
4	2	7	0.571429
2	4	3	0.666667
2	5	2	1
0	5	1	0
3	3	4	0.75
4	2	6	0.666667
3	3	6	0.5
7	1	12	0.583333
2	4	2	1
0	4	0	0
0	5	0	0
4	4	4	1
3	2	5	0.6
2	4	2	1
4	5	4	1
1	4	1	1
0	4	0	0
1	5	1	1
1	5	1	1
3	3	6	0.5
16	1	20	0.8
0	4	0	0
3	3	4	0.75
0	4	0	0
0	5	0	0
20	1	26	0.769231
1	3	1	1
1	5	1	1
2	4	2	1
1	5	3	0.333333
33	1	42	0.785714
5	4	6	0.833333
0	4	2	0
12	2	12	1
1	5	1	1
0	5	0	0
3	3	4	0.75
0	5	0	0
3	3	3	1
0	5	0	0
1	3	2	0.5
0	5	0	0
0	5	0	0
1	5	1	1
12	1	17	0.705882
0	5	0	0
4	4	4	1
1	5	2	0.5
1	3	1	1
1	4	1	1
6	1	7	0.857143
0	4	0	0
6	1	8	0.75
5	2	5	1
2	5	2	1
1	5	3	0.333333
5	3	5	1
8	1	11	0.727273
1	4	1	1
1	3	2	0.5
1	5	1	1
0	4	0	0
1	2	1	1
2	3	3	0.666667
0	5	0	0
1	3	1	1
1	4	1	1
2	2	2	1
3	3	3	1
1	4	1	1
0	5	0	0
2	3	2	1
10	4	17	0.588235
2	2	3	0.666667
1	5	1	1
5	2	5	1
1	2	1	1
3	2	4	0.75
0	3	1	0
0	4	0	0
6	1	17	0.352941
0	5	0	0
1	3	1	1
0	4	2	0
0	4	2	0
1	4	1	1
0	5	0	0
1	5	2	0.5
7	1	12	0.583333
1	3	3	0.333333
3	5	3	1
0	5	2	0
7	1	18	0.388889
0	4	2	0
9	1	12	0.75
3	4	3	1
2	2	3	0.666667
0	5	1	0
1	3	2	0.5
6	2	13	0.461538
2	5	2	1
0	5	0	0
0	4	0	0
0	5	1	0
0	5	1	0
0	4	0	0
0	5	1	0
8	1	13	0.615385
0	3	1	0
3	4	9	0.333333
2	5	3	0.666667
0	5	2	0
0	4	0	0
3	3	4	0.75
0	3	3	0
4	5	4	1
0	4	0	0
2	5	3	0.666667
2	3	2	1
0	4	0	0
1	4	2	0.5
0	5	0	0
1	3	4	0.25
1	5	1	1
1	5	1	1
0	4	0	0
1	5	1	1
0	5	0	0
2	2	2	1
7	1	11	0.636364
0	5	0	0
0	4	0	0
1	2	1	1
0	2	0	0
1	5	2	0.5
0	4	0	0
0	4	1	0
0	5	0	0
2	3	2	1
0	4	1	0
1	5	2	0.5
2	4	2	1
0	5	0	0
1	5	2	0.5
13	1	17	0.764706
1	5	1	1
2	3	4	0.5
0	5	0	0
0	4	0	0
0	4	0	0
1	4	10	0.1
1	4	1	1
3	3	3	1
0	5	0	0
0	4	0	0
1	5	1	1
1	5	1	1
3	4	3	1
0	5	0	0
2	5	3	0.666667
0	5	0	0
1	4	1	1
1	5	1	1
35	1	46	0.76087
0	4	1	0
0	5	0	0
3	2	3	1
1	4	1	1
0	5	0	0
0	5	0	0
0	4	0	0
5	3	7	0.714286
1	4	1	1
0	4	0	0
4	3	5	0.8
1	3	1	1
0	4	3	0
0	5	1	0
5	5	8	0.625
1	5	1	1
0	5	1	0
0	5	0	0
3	4	3	1
11	2	24	0.458333
0	5	3	0
1	3	3	0.333333
3	5	3	1
2	4	2	1
14	1	19	0.736842
0	5	1	0
0	5	2	0
0	4	0	0
1	5	2	0.5
3	4	3	1
8	3	9	0.888889
1	5	1	1
4	2	5	0.8
1	5	2	0.5
2	3	2	1
1	5	1	1
3	3	5	0.6
1	5	1	1
1	5	1	1
2	5	3	0.666667
4	2	5	0.8
0	2	0	0
7	5	7	1
3	5	4	0.75
0	5	0	0
1	4	1	1
4	5	4	1
1	5	1	1
14	1	19	0.736842
0	5	1	0
0	5	0	0
1	4	1	1
1	5	1	1
2	4	3	0.666667
1	4	1	1
0	4	0	0
1	4	1	1
1	4	1	1
0	3	1	0
1	5	1	1
1	5	2	0.5
3	5	10	0.3
2	5	3	0.666667
0	5	0	0
9	1	12	0.75
0	5	0	0
4	2	5	0.8
1	4	1	1
9	1	11	0.818182
1	5	3	0.333333
4	4	6	0.666667
3	3	3	1
1	4	1	1
1	4	1	1
8	2	10	0.8
1	5	1	1
0	4	0	0
1	4	1	1
1	4	1	1
1	5	1	1
1	5	2	0.5
3	2	6	0.5
0	4	0	0
1	3	1	1
0	4	0	0
9	1	16	0.5625
1	5	1	1
0	5	0	0
3	3	3	1
3	3	3	1
5	3	5	1
22	1	29	0.758621
1	5	1	1
0	4	0	0
1	4	1	1
2	4	2	1
0	5	1	0
0	5	0	0
2	3	3	0.666667
13	5	13	1
0	4	0	0
0	5	0	0
2	5	2	1
0	5	0	0
9	1	12	0.75
1	5	2	0.5
8	1	10	0.8
0	5	0	0
2	5	3	0.666667
1	4	1	1
0	4	0	0
5	2	6	0.833333
0	4	1	0
0	5	0	0
0	5	0	0
3	5	4	0.75
0	4	0	0
11	1	24	0.458333
5	5	5	1
0	5	2	0
8	5	10	0.8
2	5	3	0.666667
3	5	4	0.75
0	4	0	0
0	4	1	0
3	4	3	1
0	5	1	0
1	3	2	0.5
0	5	1	0
6	5	10	0.6
14	1	19	0.736842
1	3	1	1
3	5	4	0.75
0	5	1	0
2	5	4	0.5
1	3	1	1
1	5	4	0.25
0	5	3	0
13	1	21	0.619048
0	5	0	0
0	5	0	0
0	5	0	0
0	4	0	0
1	5	1	1
0	3	0	0
0	3	0	0
0	5	0	0
2	2	2	1
1	5	2	0.5
1	2	4	0.25
0	4	0	0
1	5	1	1
1	5	1	1
2	5	3	0.666667
0	4	0	0
0	5	1	0
21	1	27	0.777778
3	3	3	1
15	1	21	0.714286
1	5	2	0.5
0	5	1	0
0	5	1	0
0	5	0	0
0	5	0	0
0	3	2	0
0	5	0	0
0	5	0	0
0	4	0	0
1	5	2	0.5
0	5	0	0
0	4	0	0
1	4	1	1
2	3	2	1
3	3	3	1
0	4	0	0
0	4	0	0
3	1	9	0.333333
1	2	2	0.5
2	2	2	1
1	5	1	1
1	4	3	0.333333
0	5	1	0
1	2	2	0.5
1	3	2	0.5
2	2	3	0.666667
5	1	6	0.833333
0	5	0	0
1	5	1	1
0	3	0	0
4	1	5	0.8
0	3	1	0
0	5	0	0
3	4	5	0.6
1	2	1	1
153	2	181	0.845304
1	4	2	0.5
1	5	1	1
0	5	0	0
1	5	1	1
1	3	1	1
0	5	0	0
1	2	1	1
2	4	2	1
0	3	0	0
0	5	0	0
0	4	0	0
1	5	1	1
3	2	5	0.6
0	4	0	0
5	2	11	0.454545
1	4	1	1
1	5	2	0.5
0	5	1	0
8	5	9	0.888889
0	4	0	0
0	4	1	0
0	5	0	0
1	3	2	0.5
8	1	11	0.727273
0	5	0	0
0	5	0	0
0	5	0	0
1	2	3	0.333333
0	5	0	0
1	5	2	0.5
0	3	2	0
0	5	0	0
3	5	4	0.75
1	5	1	1
0	3	0	0
0	5	0	0
1	5	4	0.25
0	2	0	0
0	3	1	0
7	1	19	0.368421
3	2	5	0.6
2	5	3	0.666667
4	1	10	0.4
1	4	2	0.5
1	3	4	0.25
0	5	0	0
0	5	1	0
0	3	5	0
0	5	2	0
0	3	1	0
2	2	2	1
2	2	9	0.222222
1	4	2	0.5
6	1	7	0.857143
3	5	4	0.75
2	3	6	0.333333
0	5	1	0
2	5	3	0.666667
0	2	1	0
5	1	11	0.454545
4	5	6	0.666667
1	2	4	0.25
1	5	2	0.5
3	1	5	0.6
0	5	1	0
0	5	1	0
6	2	10	0.6
0	3	0	0
1	5	2	0.5
0	5	1	0
0	4	1	0
1	3	1	1
0	5	0	0
8	1	10	0.8
1	2	3	0.333333
0	5	1	0
0	4	1	0
0	4	1	0
4	1	6	0.666667
0	4	0	0
1	4	4	0.25
3	5	4	0.75
6	1	14	0.428571
1	3	1	1
2	2	5	0.4
0	5	0	0
0	3	2	0
1	5	1	1
0	5	2	0
8	1	11	0.727273
6	1	8	0.75
0	4	0	0
0	5	1	0
0	5	1	0
2	3	5	0.4
1	4	2	0.5
0	5	1	0
0	3	1	0
0	5	1	0
0	3	0	0
2	3	2	1
0	3	0	0
1	5	2	0.5
2	4	2	1
0	2	2	0
0	5	2	0
0	5	0	0
0	5	0	0
7	2	8	0.875
12	1	15	0.8
0	5	0	0
0	3	0	0
4	5	6	0.666667
5	5	9	0.555556
4	1	10	0.4
0	5	0	0
0	4	0	0
2	5	3	0.666667
7	1	11	0.636364
1	5	1	1
4	2	7	0.571429
0	4	1	0
1	2	3	0.333333
0	4	0	0
2	4	2	1
8	1	23	0.347826
0	3	1	0
2	5	3	0.666667
6	2	8	0.75
0	3	0	0
0	3	1	0
2	4	2	1
0	4	0	0
1	3	2	0.5
7	5	8	0.875
1	2	7	0.142857
3	5	4	0.75
3	2	4	0.75
2	3	4	0.5
3	4	5	0.6
2	2	3	0.666667
1	5	1	1
7	5	8	0.875
10	5	10	1
0	5	1	0
2	2	5	0.4
2	5	3	0.666667
1	4	1	1
0	4	0	0
0	5	0	0
1	5	1	1
0	5	0	0
0	4	0	0
2	3	3	0.666667
0	5	0	0
0	4	0	0
1	5	1	1
2	5	3	0.666667
1	5	4	0.25
3	4	3	1
0	5	0	0
0	4	1	0
1	4	1	1
0	4	0	0
4	4	4	1
15	1	21	0.714286
12	5	12	1
3	1	10	0.3
0	4	1	0
3	5	4	0.75
1	5	1	1
0	5	0	0
9	1	15	0.6
7	4	9	0.777778
3	3	5	0.6
1	2	1	1
11	2	11	1
1	4	1	1
0	4	0	0
1	1	1	1
0	3	0	0
3	1	3	1
2	1	3	0.666667
0	3	0	0
0	5	0	0
11	5	16	0.6875
0	5	2	0
0	3	0	0
3	2	6	0.5
0	5	3	0
10	1	17	0.588235
2	5	5	0.4
0	5	0	0
1	4	2	0.5
0	5	0	0
7	1	9	0.777778
1	5	1	1
2	3	2	1
0	5	0	0
4	1	6	0.666667
0	5	0	0
0	5	0	0
0	5	0	0
6	2	6	1
0	5	1	0
0	5	0	0
3	2	5	0.6
12	1	16	0.75
56	2	101	0.554455
4	1	5	0.8
0	5	2	0
17	5	22	0.772727
0	5	0	0
2	4	2	1
1	5	1	1
4	4	4	1
0	3	0	0
0	4	0	0
1	5	1	1
3	3	7	0.428571
6	1	8	0.75
0	4	0	0
16	1	21	0.761905
0	4	0	0
0	4	2	0
0	3	1	0
0	4	0	0
0	5	0	0
1	2	3	0.333333
1	4	1	1
27	3	33	0.818182
0	4	0	0
0	5	0	0
0	4	1	0
14	1	20	0.7
1	5	1	1
0	5	0	0
3	1	4	0.75
8	2	9	0.888889
0	4	2	0
0	3	0	0
3	5	3	1
1	3	1	1
0	3	3	0
26	3	33	0.787879
4	5	4	1
0	3	0	0
0	3	0	0
0	3	0	0
1	4	1	1
0	2	2	0
5	1	11	0.454545
3	1	5	0.6
0	4	0	0
1	5	1	1
3	2	6	0.5
2	5	9	0.222222
0	4	0	0
8	1	11	0.727273
2	2	4	0.5
0	3	0	0
2	5	3	0.666667
0	4	0	0
5	1	7	0.714286
0	4	0	0
0	4	1	0
0	5	4	0
1	1	1	1
3	2	3	1
0	5	0	0
0	5	1	0
0	5	1	0
1	4	2	0.5
0	3	1	0
0	5	1	0
0	3	0	0
0	2	1	0
0	5	0	0
1	2	4	0.25
1	2	5	0.2
5	2	8	0.625
3	4	4	0.75
3	5	4	0.75
0	4	1	0
0	5	1	0
0	5	1	0
1	4	1	1
2	1	10	0.2
0	5	1	0
1	2	5	0.2
2	3	3	0.666667
1	3	2	0.5
4	1	7	0.571429
0	4	1	0
0	5	3	0
1	5	1	1
2	1	7	0.285714
2	5	3	0.666667
1	5	3	0.333333
0	5	1	0
2	5	3	0.666667
1	4	2	0.5
1	4	1	1
4	2	9	0.444444
4	4	6	0.666667
2	1	3	0.666667
2	5	2	1
0	4	0	0
0	5	0	0
2	1	3	0.666667
1	2	4	0.25
2	1	3	0.666667
0	2	0	0
0	3	1	0
0	2	0	0
0	5	1	0
0	4	0	0
0	4	0	0
0	4	0	0
0	4	1	0
0	4	1	0
12	1	15	0.8
2	5	4	0.5
1	2	1	1
0	1	6	0
0	5	0	0
4	1	7	0.571429
1	4	1	1
1	2	3	0.333333
6	1	9	0.666667
0	5	0	0
0	5	1	0
3	5	4	0.75
4	5	4	1
2	4	2	1
1	5	2	0.5
3	4	4	0.75
10	5	11	0.909091
1	4	2	0.5
1	4	2	0.5
3	4	4	0.75
3	1	6	0.5
2	5	2	1
0	4	1	0
1	3	2	0.5
3	5	3	1
8	5	14	0.571429
0	2	0	0
0	3	1	0
0	3	1	0
3	2	3	1
0	5	0	0
1	3	1	1
0	3	0	0
0	1	1	0
1	3	2	0.5
7	5	8	0.875
2	4	3	0.666667
1	5	1	1
1	5	1	1
2	5	2	1
0	3	0	0
4	3	6	0.666667
0	5	0	0
0	5	0	0
2	4	2	1
1	5	1	1
2	5	4	0.5
7	2	18	0.388889
4	1	6	0.666667
14	3	15	0.933333
12	1	19	0.631579
2	5	2	1
13	1	20	0.65
3	5	4	0.75
2	5	2	1
1	3	1	1
8	4	10	0.8
3	1	7	0.428571
2	3	3	0.666667
1	5	1	1
2	5	2	1
6	5	6	1
2	1	37	0.0540541
7	2	14	0.5
0	5	0	0
1	5	1	1
5	5	5	1
0	5	0	0
0	5	0	0
0	4	0	0
1	3	1	1
0	5	0	0
1	2	1	1
0	5	0	0
1	5	1	1
1	4	1	1
0	5	0	0
0	4	0	0
0	4	0	0
6	1	9	0.666667
4	1	8	0.5
1	2	3	0.333333
5	5	6	0.833333
3	2	4	0.75
5	1	8	0.625
4	2	6	0.666667
1	4	2	0.5
1	3	2	0.5
8	2	16	0.5
3	3	4	0.75
0	3	0	0
0	4	1	0
7	5	11	0.636364
1	3	1	1
0	5	2	0
0	5	1	0
0	3	0	0
1	2	3	0.333333
8	3	10	0.8
0	4	2	0
10	4	13	0.769231
0	2	0	0
1	2	2	0.5
0	2	0	0
2	2	2	1
2	2	2	1
0	4	1	0
0	5	1	0
0	4	1	0
1	3	1	1
1	5	2	0.5
0	3	0	0
0	5	1	0
0	5	1	0
1	2	1	1
1	2	1	1
0	5	1	0
0	4	1	0
0	3	0	0
0	5	1	0
2	4	2	1
7	1	9	0.777778
5	5	10	0.5
0	5	1	0
4	1	6	0.666667
0	4	1	0
4	5	5	0.8
0	5	1	0
0	4	3	0
0	5	1	0
3	2	3	1
0	5	2	0
6	3	7	0.857143
0	5	1	0
3	5	5	0.6
5	5	6	0.833333
1	1	3	0.333333
0	4	4	0
3	5	5	0.6
4	2	7	0.571429
1	5	2	0.5
1	4	2	0.5
0	5	2	0
3	4	4	0.75
0	5	1	0
1	4	2	0.5
24	5	28	0.857143
0	5	2	0
12	1	16	0.75
1	1	2	0.5
1	4	2	0.5
4	1	5	0.8
1	3	4	0.25
0	5	1	0
2	3	4	0.5
2	3	2	1
0	5	0	0
6	1	9	0.666667
1	2	1	1
4	1	6	0.666667
2	1	3	0.666667
0	5	1	0
1	5	2	0.5
0	5	1	0
1	5	2	0.5
4	1	6	0.666667
2	1	3	0.666667
0	5	1	0
0	4	1	0
0	5	1	0
0	4	0	0
1	3	1	1
3	2	3	1
5	5	5	1
4	1	6	0.666667
0	4	1	0
0	5	1	0
0	5	1	0
3	1	8	0.375
1	4	2	0.5
0	5	1	0
1	5	2	0.5
6	1	7	0.857143
1	5	2	0.5
0	5	1	0
1	3	1	1
7	2	12	0.583333
2	3	4	0.5
0	1	0	0
3	2	5	0.6
2	5	3	0.666667
1	4	3	0.333333
1	5	3	0.333333
1	5	4	0.25
2	1	5	0.4
0	5	0	0
1	5	2	0.5
0	4	1	0
4	1	6	0.666667
3	3	4	0.75
10	2	13	0.769231
0	4	2	0
2	1	3	0.666667
0	4	1	0
0	5	1	0
2	3	2	1
0	3	0	0
2	1	2	1
0	4	1	0
0	5	3	0
0	4	0	0
6	1	8	0.75
3	5	3	1
1	2	1	1
0	5	1	0
4	4	4	1
0	5	1	0
0	4	0	0
4	1	5	0.8
0	2	0	0
0	5	1	0
0	5	1	0
0	4	0	0
0	5	1	0
0	5	3	0
2	2	2	1
5	1	6	0.833333
0	3	2	0
1	2	2	0.5
4	5	7	0.571429
0	4	2	0
2	3	2	1
9	5	15	0.6
0	4	1	0
10	1	24	0.416667
2	2	2	1
7	2	18	0.388889
11	1	24	0.458333
0	5	2	0
3	3	4	0.75
1	5	6	0.166667
0	4	3	0
0	2	0	0
0	5	1	0
11	5	44	0.25
0	5	5	0
0	4	2	0
2	2	3	0.666667
7	1	9	0.777778
8	2	9	0.888889
2	2	2	1
2	2	2	1
0	5	4	0
18	2	41	0.439024
0	2	0	0
4	2	5	0.8
18	5	25	0.72
2	5	4	0.5
0	5	4	0
3	5	5	0.6
0	4	1	0
3	2	3	1
0	4	0	0
0	4	0	0
0	5	1	0
0	5	2	0
0	4	2	0
0	4	0	0
7	1	9	0.777778
2	2	2	1
0	5	2	0
0	3	0	0
7	1	10	0.7
0	4	3	0
0	5	2	0
1	5	4	0.25
0	5	4	0
5	5	9	0.555556
0	4	2	0
34	1	44	0.772727
2	2	3	0.666667
11	2	18	0.611111
0	1	0	0
9	1	12	0.75
7	1	14	0.5
1	1	1	1
0	3	1	0
0	3	1	0
1	1	2	0.5
0	5	0	0
5	5	8	0.625
3	3	5	0.6
1	4	3	0.333333
2	3	2	1
0	4	2	0
0	3	1	0
51	1	68	0.75
1	2	1	1
1	4	3	0.333333
0	5	5	0
1	5	2	0.5
1	3	1	1
0	5	1	0
1	4	2	0.5
0	4	0	0
0	5	2	0
0	4	0	0
1	4	3	0.333333
0	3	0	0
0	3	0	0
0	5	2	0
0	2	0	0
2	2	3	0.666667
5	5	8	0.625
3	5	4	0.75
0	1	1	0
1	3	1	1
0	5	1	0
0	5	2	0
0	4	1	0
0	5	1	0
9	1	40	0.225
6	2	11	0.545455
2	5	3	0.666667
1	5	2	0.5
2	4	2	1
9	2	12	0.75
1	3	1	1
0	4	2	0
2	1	7	0.285714
2	2	3	0.666667
1	2	2	0.5
0	4	1	0
0	4	2	0
0	5	0	0
5	2	11	0.454545
0	5	1	0
0	5	1	0
1	2	3	0.333333
0	4	1	0
4	4	6	0.666667
15	3	15	1
0	5	1	0
0	4	1	0
1	4	2	0.5
3	4	3	1
0	4	1	0
11	2	15	0.733333
1	5	3	0.333333
1	5	2	0.5
0	5	2	0
7	1	11	0.636364
1	4	2	0.5
0	5	3	0
1	5	2	0.5
0	5	1	0
6	1	9	0.666667
2	5	3	0.666667
2	4	2	1
0	4	2	0
11	1	15	0.733333
0	5	0	0
2	4	2	1
2	5	3	0.666667
4	4	5	0.8
2	2	5	0.4
2	4	5	0.4
0	4	1	0
2	5	5	0.4
2	3	4	0.5
3	3	4	0.75
8	1	11	0.727273
1	4	2	0.5
0	4	1	0
5	2	8	0.625
3	2	4	0.75
0	5	4	0
0	5	1	0
0	5	1	0
0	5	1	0
16	1	30	0.533333
0	4	1	0
8	5	17	0.470588
4	5	6	0.666667
1	5	5	0.2
4	4	8	0.5
16	1	25	0.64
0	5	5	0
0	5	2	0
0	5	3	0
0	4	9	0
13	1	18	0.722222
6	2	11	0.545455
3	4	7	0.428571
0	5	3	0
2	4	2	1
3	5	9	0.333333
0	5	7	0
0	4	0	0
2	3	2	1
0	5	3	0
8	1	10	0.8
9	1	11	0.818182
3	1	7	0.428571
7	4	10	0.7
3	5	6	0.5
3	5	6	0.5
0	5	5	0
1	4	3	0.333333
0	5	3	0
6	5	13	0.461538
5	2	6	0.833333
12	1	19	0.631579
0	5	4	0
2	2	3	0.666667
13	1	17	0.764706
5	2	28	0.178571
1	4	3	0.333333
0	5	2	0
0	5	1	0
3	3	3	1
0	3	2	0
0	5	6	0
0	4	3	0
0	4	2	0
2	5	4	0.5
7	1	11	0.636364
5	2	6	0.833333
2	5	6	0.333333
0	5	4	0
0	5	3	0
0	5	2	0
2	2	4	0.5
2	3	2	1
1	4	2	0.5
0	4	2	0
4	1	7	0.571429
4	5	5	0.8
1	5	5	0.2
0	5	2	0
3	1	7	0.428571
2	5	3	0.666667
4	2	5	0.8
0	5	2	0
0	5	2	0
3	4	3	1
2	3	3	0.666667
5	1	6	0.833333
1	5	2	0.5
0	5	1	0
0	2	0	0
3	5	3	1
3	3	3	1
5	5	8	0.625
0	5	1	0
1	5	3	0.333333
0	5	1	0
5	5	6	0.833333
0	4	1	0
0	3	0	0
0	2	0	0
5	2	11	0.454545
2	5	3	0.666667
0	4	1	0
0	2	0	0
0	3	1	0
2	5	6	0.333333
11	4	14	0.785714
1	5	3	0.333333
1	5	3	0.333333
1	5	3	0.333333
4	1	10	0.4
1	4	2	0.5
1	4	1	1
0	2	0	0
1	4	2	0.5
2	3	3	0.666667
3	5	3	1
0	5	2	0
0	2	0	0
1	5	2	0.5
5	4	8	0.625
6	2	9	0.666667
0	4	1	0
0	5	1	0
0	5	2	0
0	4	1	0
3	2	4	0.75
0	5	1	0
1	4	4	0.25
6	3	6	1
1	4	2	0.5
1	5	2	0.5
0	5	1	0
1	5	2	0.5
1	5	3	0.333333
0	5	2	0
0	5	2	0
3	5	3	1
0	5	1	0
0	5	2	0
0	4	1	0
0	2	1	0
5	5	5	1
1	5	1	1
1	3	1	1
0	5	1	0
0	3	0	0
0	4	1	0
0	5	1	0
0	4	1	0
1	4	4	0.25
0	4	1	0
0	5	1	0
5	4	6	0.833333
2	5	3	0.666667
0	5	1	0
1	4	2	0.5
0	5	1	0
0	5	1	0
11	5	12	0.916667
0	4	1	0
0	5	1	0
0	3	2	0
4	1	6	0.666667
0	5	0	0
0	4	0	0
0	3	1	0
0	4	1	0
3	2	3	1
0	5	1	0
1	3	1	1
0	3	1	0
0	4	1	0
7	2	10	0.7
0	4	2	0
0	3	1	0
0	5	2	0
0	5	0	0
0	5	0	0
4	1	6	0.666667
0	4	1	0
0	5	1	0
4	2	4	1
0	4	1	0
11	2	15	0.733333
5	2	6	0.833333
20	2	22	0.909091
0	5	1	0
1	5	2	0.5
0	3	0	0
2	2	3	0.666667
1	5	2	0.5
1	3	1	1
0	4	1	0
1	5	2	0.5
0	4	1	0
0	5	1	0
16	5	29	0.551724
0	3	2	0
4	1	10	0.4
0	5	1	0
0	4	1	0
2	5	3	0.666667
0	4	1	0
5	1	6	0.833333
4	4	4	1
0	5	2	0
2	5	3	0.666667
1	5	2	0.5
6	1	9	0.666667
1	4	2	0.5
1	2	2	0.5
1	2	6	0.166667
0	4	1	0
0	4	1	0
0	5	1	0
6	5	7	0.857143
1	3	1	1
4	5	6	0.666667
5	5	6	0.833333
2	3	2	1
2	3	4	0.5
0	3	0	0
4	5	6	0.666667
0	4	1	0
0	5	0	0
0	3	0	0
5	5	5	1
2	1	10	0.2
5	5	5	1
2	4	2	1
0	5	0	0
0	5	1	0
32	1	41	0.780488
0	4	0	0
2	4	2	1
2	2	2	1
10	5	10	1
11	4	11	1
1	2	1	1
0	4	0	0
1	2	1	1
2	1	3	0.666667
3	5	3	1
3	5	3	1
0	5	0	0
2	5	3	0.666667
4	4	4	1
7	4	7	1
4	1	5	0.8
2	3	3	0.666667
1	5	2	0.5
0	5	1	0
0	5	1	0
1	4	2	0.5
4	5	5	0.8
0	5	1	0
1	5	2	0.5
0	5	1	0
1	2	1	1
0	5	1	0
1	4	3	0.333333
1	4	2	0.5
0	5	1	0
2	1	4	0.5
1	2	2	0.5
0	4	1	0
0	5	1	0
0	5	1	0
0	2	0	0
12	3	20	0.6
0	5	1	0
5	1	9	0.555556
5	5	8	0.625
4	2	6	0.666667
4	3	8	0.5
2	5	3	0.666667
3	5	4	0.75
2	5	3	0.666667
2	3	2	1
2	2	4	0.5
1	5	1	1
7	1	9	0.777778
3	4	3	1
0	5	0	0
2	2	5	0.4
15	5	16	0.9375
0	5	4	0
0	3	1	0
8	4	8	1
2	5	3	0.666667
0	5	3	0
6	5	6	1
0	4	2	0
1	5	2	0.5
5	4	5	1
3	3	4	0.75
1	3	3	0.333333
2	4	2	1
0	4	1	0
0	5	2	0
0	4	1	0
11	1	15	0.733333
0	4	0	0
1	4	2	0.5
0	4	1	0
0	5	1	0
0	4	1	0
0	4	0	0
1	3	2	0.5
18	1	37	0.486486
0	5	0	0
2	5	2	1
1	5	3	0.333333
17	3	18	0.944444
24	2	26	0.923077
2	2	2	1
0	5	2	0
0	4	1	0
0	5	1	0
0	4	2	0
0	3	0	0
0	5	1	0
0	5	1	0
1	5	2	0.5
1	3	1	1
1	5	1	1
8	5	8	1
3	3	3	1
3	5	5	0.6
0	5	0	0
0	5	1	0
0	5	1	0
10	5	10	1
4	5	5	0.8
3	1	9	0.333333
0	4	2	0
1	5	1	1
9	5	9	1
0	5	1	0
0	5	1	0
1	5	1	1
16	2	33	0.484848
1	5	2	0.5
0	5	1	0
0	4	2	0
0	5	1	0
3	2	3	1
7	5	10	0.7
2	2	4	0.5
0	4	2	0
12	5	18	0.666667
0	5	2	0
1	3	1	1
0	4	2	0
0	3	2	0
0	3	0	0
0	3	1	0
0	4	2	0
0	4	0	0
0	5	0	0
4	3	6	0.666667
6	5	7	0.857143
0	4	3	0
4	5	4	1
3	5	4	0.75
4	5	5	0.8
0	4	2	0
14	1	31	0.451613
2	5	3	0.666667
2	5	3	0.666667
0	5	4	0
1	4	3	0.333333
1	4	9	0.111111
5	4	8	0.625
1	5	3	0.333333
3	1	7	0.428571
3	4	4	0.75
1	5	3	0.333333
0	3	1	0
0	3	0	0
1	4	3	0.333333
5	4	9	0.555556
1	4	4	0.25
3	4	4	0.75
0	3	0	0
6	1	10	0.6
1	5	3	0.333333
10	4	12	0.833333
1	5	2	0.5
2	3	3	0.666667
1	2	3	0.333333
4	5	4	1
4	5	5	0.8
0	5	1	0
2	3	3	0.666667
2	4	5	0.4
23	4	31	0.741935
11	1	21	0.52381
0	5	2	0
5	5	12	0.416667
0	3	0	0
1	1	5	0.2
8	2	9	0.888889
4	3	6	0.666667
16	3	29	0.551724
7	4	8	0.875
8	1	15	0.533333
0	3	2	0
9	1	12	0.75
4	4	4	1
0	5	1	0
2	3	6	0.333333
3	4	6	0.5
7	1	11	0.636364
1	5	2	0.5
8	1	11	0.727273
1	5	4	0.25
0	5	2	0
6	5	10	0.6
2	4	3	0.666667
5	1	8	0.625
1	4	3	0.333333
0	4	2	0
0	5	1	0
0	5	1	0
0	4	2	0
0	5	1	0
0	4	1	0
15	1	45	0.333333
0	5	2	0
0	5	1	0
0	5	2	0
3	5	4	0.75
0	2	1	0
0	5	1	0
1	2	1	1
2	3	3	0.666667
0	5	1	0
0	5	1	0
6	5	8	0.75
0	5	0	0
0	5	1	0
3	2	3	1
0	5	1	0
2	2	2	1
0	3	0	0
0	4	0	0
0	4	0	0
0	5	1	0
2	1	5	0.4
11	5	14	0.785714
0	4	0	0
0	4	0	0
1	3	2	0.5
0	5	1	0
0	3	2	0
4	1	6	0.666667
5	5	7	0.714286
5	5	6	0.833333
4	1	5	0.8
1	3	8	0.125
0	4	1	0
0	5	1	0
0	4	1	0
1	5	3	0.333333
57	1	87	0.655172
0	5	1	0
3	4	3	1
19	2	26	0.730769
0	5	1	0
44	5	51	0.862745
1	5	3	0.333333
0	5	1	0
0	5	1	0
0	4	1	0
1	4	2	0.5
1	2	1	1
0	4	1	0
0	5	1	0
8	5	9	0.888889
1	5	2	0.5
1	4	2	0.5
3	5	4	0.75
2	2	7	0.285714
0	5	1	0
0	5	1	0
18	2	23	0.782609
11	4	14	0.785714
3	4	4	0.75
6	5	9	0.666667
4	5	11	0.363636
2	4	3	0.666667
0	5	1	0
2	3	6	0.333333
8	5	10	0.8
6	4	6	1
2	3	10	0.2
7	5	9	0.777778
0	4	3	0
0	4	3	0
9	1	23	0.391304
2	3	2	1
6	4	6	1
0	5	3	0
4	5	6	0.666667
2	5	6	0.333333
4	1	6	0.666667
2	5	4	0.5
3	5	7	0.428571
18	5	24	0.75
4	4	5	0.8
75	1	103	0.728155
1	4	3	0.333333
1	5	4	0.25
2	4	2	1
36	1	59	0.610169
3	5	4	0.75
13	2	15	0.866667
5	2	5	1
6	4	6	1
0	5	1	0
6	5	13	0.461538
2	5	3	0.666667
3	4	3	1
2	5	3	0.666667
1	4	3	0.333333
24	5	29	0.827586
12	5	14	0.857143
3	3	3	1
1	5	3	0.333333
11	5	16	0.6875
2	4	3	0.666667
0	5	0	0
6	3	10	0.6
2	5	3	0.666667
7	4	8	0.875
2	5	3	0.666667
3	1	14	0.214286
5	1	14	0.357143
1	5	2	0.5
5	1	16	0.3125
2	3	3	0.666667
1	5	10	0.1
6	1	10	0.6
1	4	3	0.333333
1	5	2	0.5
0	5	2	0
2	4	4	0.5
1	5	2	0.5
1	5	2	0.5
2	5	3	0.666667
1	5	7	0.142857
0	5	2	0
0	4	2	0
0	4	3	0
1	5	4	0.25
0	5	2	0
0	5	2	0
3	2	8	0.375
7	5	9	0.777778
0	5	4	0
1	5	3	0.333333
1	5	3	0.333333
0	5	4	0
0	3	1	0
0	4	2	0
0	5	2	0
4	5	5	0.8
2	3	2	1
1	3	2	0.5
0	5	2	0
0	5	0	0
2	5	4	0.5
3	2	4	0.75
1	5	3	0.333333
9	5	12	0.75
4	5	5	0.8
3	5	3	1
0	5	3	0
0	5	2	0
5	2	5	1
5	5	7	0.714286
2	3	2	1
8	3	10	0.8
1	5	3	0.333333
0	5	2	0
0	5	3	0
1	3	2	0.5
0	4	2	0
3	3	3	1
0	5	2	0
0	5	2	0
2	5	3	0.666667
1	5	3	0.333333
5	5	7	0.714286
9	1	12	0.75
5	5	7	0.714286
0	5	1	0
15	1	24	0.625
1	5	3	0.333333
2	5	9	0.222222
1	5	2	0.5
0	5	2	0
3	3	3	1
1	5	3	0.333333
2	5	4	0.5
17	3	31	0.548387
10	4	11	0.909091
1	4	4	0.25
0	5	3	0
3	5	4	0.75
0	5	0	0
0	5	1	0
2	5	4	0.5
6	5	6	1
0	5	2	0
1	4	2	0.5
0	5	2	0
48	1	74	0.648649
0	5	2	0
1	4	2	0.5
0	4	3	0
0	4	1	0
1	4	3	0.333333
0	3	0	0
0	5	2	0
0	5	1	0
0	5	1	0
0	5	1	0
0	5	1	0
0	5	2	0
0	4	1	0
0	4	1	0
5	5	9	0.555556
6	4	10	0.6
1	5	2	0.5
33	5	45	0.733333
2	3	2	1
12	4	13	0.923077
0	5	1	0
5	1	17	0.294118
2	5	3	0.666667
16	5	18	0.888889
8	5	9	0.888889
0	5	2	0
1	5	2	0.5
0	4	0	0
0	5	1	0
0	4	1	0
4	5	8	0.5
0	5	1	0
0	5	1	0
3	5	4	0.75
1	5	2	0.5
0	5	2	0
0	5	1	0
1	5	3	0.333333
0	5	4	0
1	5	3	0.333333
8	1	37	0.216216
9	3	10	0.9
4	2	9	0.444444
0	5	2	0
0	5	2	0
0	5	2	0
1	4	2	0.5
1	4	2	0.5
65	1	93	0.698925
2	5	4	0.5
1	4	2	0.5
4	3	5	0.8
0	4	2	0
11	3	29	0.37931
1	5	3	0.333333
0	5	1	0
0	5	1	0
1	3	3	0.333333
2	4	3	0.666667
343	4	378	0.907407
3	5	4	0.75
1	5	2	0.5
0	3	0	0
0	5	1	0
2	5	2	1
405	5	445	0.910112
0	4	1	0
1	5	2	0.5
0	4	0	0
0	4	2	0
0	5	1	0
3	3	5	0.6
1	5	2	0.5
0	4	0	0
2	4	2	1
1	5	2	0.5
2	3	3	0.666667
0	5	1	0
4	5	29	0.137931
1	5	2	0.5
3	3	6	0.5
3	5	4	0.75
0	5	2	0
21	5	25	0.84
5	5	6	0.833333
3	5	5	0.6
1	3	3	0.333333
0	5	1	0
0	4	0	0
1	3	2	0.5
3	5	3	1
1	5	3	0.333333
0	5	1	0
4	3	4	1
1	5	2	0.5
8	1	20	0.4
4	3	7	0.571429
2	5	3	0.666667
1	4	3	0.333333
0	4	1	0
0	4	1	0
3	4	3	1
1	5	2	0.5
8	4	11	0.727273
6	2	9	0.666667
1	5	3	0.333333
1	5	1	1
1	5	2	0.5
0	5	1	0
3	5	6	0.5
1	4	3	0.333333
1	4	2	0.5
5	5	6	0.833333
3	5	5	0.6
2	3	4	0.5
4	5	7	0.571429
1	5	4	0.25
1	5	3	0.333333
4	5	4	1
0	5	0	0
2	5	2	1
4	5	5	0.8
8	2	14	0.571429
4	5	5	0.8
1	5	2	0.5
1	5	2	0.5
1	5	2	0.5
1	5	2	0.5
2	4	2	1
1	5	2	0.5
8	5	8	1
5	5	15	0.333333
0	5	1	0
3	5	32	0.09375
27	2	47	0.574468
4	2	15	0.266667
2	3	2	1
47	5	58	0.810345
1	5	3	0.333333
1	5	3	0.333333
18	5	22	0.818182
7	5	7	1
1	5	3	0.333333
96	5	108	0.888889
3	5	4	0.75
8	1	23	0.347826
0	4	0	0
7	2	18	0.388889
3	5	4	0.75
1	5	2	0.5
1	5	3	0.333333
3	3	4	0.75
1	5	2	0.5
1	5	2	0.5
1	5	2	0.5
3	4	3	1
4	5	5	0.8
4	3	20	0.2
2	5	4	0.5
2	5	4	0.5
4	5	6	0.666667
0	5	0	0
0	5	1	0
7	5	8	0.875
1	3	4	0.25
139	2	241	0.576763
3	5	5	0.6
19	2	28	0.678571
1	5	2	0.5
0	5	2	0
4	5	4	1
1	5	2	0.5
2	5	2	1
0	5	0	0
0	5	0	0
0	5	0	0
5	5	5	1
0	5	0	0
0	5	0	0
0	5	1	0
0	5	1	0
0	5	1	0
0	4	1	0
52	4	59	0.881356
5	5	5	1
10	5	15	0.666667
0	5	1	0
8	5	8	1
4	5	4	1
5	4	6	0.833333
10	3	14	0.714286
3	4	5	0.6
16	5	18	0.888889
0	5	1	0
2	5	3	0.666667
1	5	2	0.5
6	5	7	0.857143
10	5	10	1
34	3	59	0.576271
6	5	7	0.857143
0	5	1	0
0	5	1	0
2	5	3	0.666667
1	5	4	0.25
21	5	22	0.954545
0	5	1	0
11	5	20	0.55
1	4	2	0.5
5	5	5	1
1	5	3	0.333333
24	5	26	0.923077
5	4	5	1
1	5	2	0.5
2	5	3	0.666667
3	4	3	1
6	5	6	1
11	5	13	0.846154
265	1	482	0.549793
26	5	34	0.764706
