0 4
0 5
1 5
1 5
0 3
7 1
2 2
3 5
6 5
3 3
5 5
1 5
1 5
11 1
6 5
3 2
2 3
2 2
1 5
1 5
1 5
3 4
1 3
3 2
141 1
1 3
0 5
3 3
0 4
0 2
0 5
0 5
1 4
1 4
0 4
0 4
0 4
1 4
2 2
0 4
0 4
0 5
0 2
0 4
3 4
17 1
126 1
0 4
0 5
8 1
2 5
0 5
3 3
0 5
2 5
0 5
12 1
2 3
1 3
0 5
5 2
0 5
0 5
2 3
1 3
1 4
0 5
1 3
15 1
7 5
12 1
3 4
3 2
3 4
2 4
3 2
1 5
2 5
3 5
4 3
6 1
1 4
0 5
4 4
11 1
0 4
1 4
0 4
1 3
0 4
0 4
1 3
0 3
1 5
0 3
1 5
0 4
0 4
0 5
2 4
0 4
0 4
0 3
0 4
0 5
0 5
0 5
1 4
0 5
0 5
2 4
1 5
9 1
0 5
0 4
0 4
0 5
0 4
0 4
1 4
1 4
4 2
1 3
2 5
9 2
11 1
20 1
6 1
7 2
2 4
1 5
2 5
25 1
9 3
4 5
1 5
5 2
2 4
2 5
5 5
2 5
9 1
2 5
1 5
4 2
2 4
2 5
0 5
3 3
4 2
3 3
7 1
2 4
0 4
0 5
4 4
3 2
2 4
4 5
1 4
0 4
1 5
1 5
3 3
16 1
0 4
3 3
0 4
0 5
20 1
1 3
1 5
2 4
1 5
33 1
5 4
0 4
12 2
1 5
0 5
3 3
0 5
3 3
0 5
1 3
0 5
0 5
1 5
12 1
0 5
4 4
1 5
1 3
1 4
6 1
0 4
6 1
5 2
2 5
1 5
5 3
8 1
1 4
1 3
1 5
0 4
1 2
2 3
0 5
1 3
1 4
2 2
3 3
1 4
0 5
2 3
10 4
2 2
1 5
5 2
1 2
3 2
0 3
0 4
6 1
0 5
1 3
0 4
0 4
1 4
0 5
1 5
7 1
1 3
3 5
0 5
7 1
0 4
9 1
3 4
2 2
0 5
1 3
6 2
2 5
0 5
0 4
0 5
0 5
0 4
0 5
8 1
0 3
3 4
2 5
0 5
0 4
3 3
0 3
4 5
0 4
2 5
2 3
0 4
1 4
0 5
1 3
1 5
1 5
0 4
1 5
0 5
2 2
7 1
0 5
0 4
1 2
0 2
1 5
0 4
0 4
0 5
2 3
0 4
1 5
2 4
0 5
1 5
13 1
1 5
2 3
0 5
0 4
0 4
1 4
1 4
3 3
0 5
0 4
1 5
1 5
3 4
0 5
2 5
0 5
1 4
1 5
35 1
0 4
0 5
3 2
1 4
0 5
0 5
0 4
5 3
1 4
0 4
4 3
1 3
0 4
0 5
5 5
1 5
0 5
0 5
3 4
11 2
0 5
1 3
3 5
2 4
14 1
0 5
0 5
0 4
1 5
3 4
8 3
1 5
4 2
1 5
2 3
1 5
3 3
1 5
1 5
2 5
4 2
0 2
7 5
3 5
0 5
1 4
4 5
1 5
14 1
0 5
0 5
1 4
1 5
2 4
1 4
0 4
1 4
1 4
0 3
1 5
1 5
3 5
2 5
0 5
9 1
0 5
4 2
1 4
9 1
1 5
4 4
3 3
1 4
1 4
8 2
1 5
0 4
1 4
1 4
1 5
1 5
3 2
0 4
1 3
0 4
9 1
1 5
0 5
3 3
3 3
5 3
22 1
1 5
0 4
1 4
2 4
0 5
0 5
2 3
13 5
0 4
0 5
2 5
0 5
9 1
1 5
8 1
0 5
2 5
1 4
0 4
5 2
0 4
0 5
0 5
3 5
0 4
11 1
5 5
0 5
8 5
2 5
3 5
0 4
0 4
3 4
0 5
1 3
0 5
6 5
14 1
1 3
3 5
0 5
2 5
1 3
1 5
0 5
13 1
0 5
0 5
0 5
0 4
1 5
0 3
0 3
0 5
2 2
1 5
1 2
0 4
1 5
1 5
2 5
0 4
0 5
21 1
3 3
15 1
1 5
0 5
0 5
0 5
0 5
0 3
0 5
0 5
0 4
1 5
0 5
0 4
1 4
2 3
3 3
0 4
0 4
3 1
1 2
2 2
1 5
1 4
0 5
1 2
1 3
2 2
5 1
0 5
1 5
0 3
4 1
0 3
0 5
3 4
1 2
153 2
1 4
1 5
0 5
1 5
1 3
0 5
1 2
2 4
0 3
0 5
0 4
1 5
3 2
0 4
5 2
1 4
1 5
0 5
8 5
0 4
0 4
0 5
1 3
8 1
0 5
0 5
0 5
1 2
0 5
1 5
0 3
0 5
3 5
1 5
0 3
0 5
1 5
0 2
0 3
7 1
3 2
2 5
4 1
1 4
1 3
0 5
0 5
0 3
0 5
0 3
2 2
2 2
1 4
6 1
3 5
2 3
0 5
2 5
0 2
5 1
4 5
1 2
1 5
3 1
0 5
0 5
6 2
0 3
1 5
0 5
0 4
1 3
0 5
8 1
1 2
0 5
0 4
0 4
4 1
0 4
1 4
3 5
6 1
1 3
2 2
0 5
0 3
1 5
0 5
8 1
6 1
0 4
0 5
0 5
2 3
1 4
0 5
0 3
0 5
0 3
2 3
0 3
1 5
2 4
0 2
0 5
0 5
0 5
7 2
12 1
0 5
0 3
4 5
5 5
4 1
0 5
0 4
2 5
7 1
1 5
4 2
0 4
1 2
0 4
2 4
8 1
0 3
2 5
6 2
0 3
0 3
2 4
0 4
1 3
7 5
1 2
3 5
3 2
2 3
3 4
2 2
1 5
7 5
10 5
0 5
2 2
2 5
1 4
0 4
0 5
1 5
0 5
0 4
2 3
0 5
0 4
1 5
2 5
1 5
3 4
0 5
0 4
1 4
0 4
4 4
15 1
12 5
3 1
0 4
3 5
1 5
0 5
9 1
7 4
3 3
1 2
11 2
1 4
0 4
1 1
0 3
3 1
2 1
0 3
0 5
11 5
0 5
0 3
3 2
0 5
10 1
2 5
0 5
1 4
0 5
7 1
1 5
2 3
0 5
4 1
0 5
0 5
0 5
6 2
0 5
0 5
3 2
12 1
56 2
4 1
0 5
17 5
0 5
2 4
1 5
4 4
0 3
0 4
1 5
3 3
6 1
0 4
16 1
0 4
0 4
0 3
0 4
0 5
1 2
1 4
27 3
0 4
0 5
0 4
14 1
1 5
0 5
3 1
8 2
0 4
0 3
3 5
1 3
0 3
26 3
4 5
0 3
0 3
0 3
1 4
0 2
5 1
3 1
0 4
1 5
3 2
2 5
0 4
8 1
2 2
0 3
2 5
0 4
5 1
0 4
0 4
0 5
1 1
3 2
0 5
0 5
0 5
1 4
0 3
0 5
0 3
0 2
0 5
1 2
1 2
5 2
3 4
3 5
0 4
0 5
0 5
1 4
2 1
0 5
1 2
2 3
1 3
4 1
0 4
0 5
1 5
2 1
2 5
1 5
0 5
2 5
1 4
1 4
4 2
4 4
2 1
2 5
0 4
0 5
2 1
1 2
2 1
0 2
0 3
0 2
0 5
0 4
0 4
0 4
0 4
0 4
12 1
2 5
1 2
0 1
0 5
4 1
1 4
1 2
6 1
0 5
0 5
3 5
4 5
2 4
1 5
3 4
10 5
1 4
1 4
3 4
3 1
2 5
0 4
1 3
3 5
8 5
0 2
0 3
0 3
3 2
0 5
1 3
0 3
0 1
1 3
7 5
2 4
1 5
1 5
2 5
0 3
4 3
0 5
0 5
2 4
1 5
2 5
7 2
4 1
14 3
12 1
2 5
13 1
3 5
2 5
1 3
8 4
3 1
2 3
1 5
2 5
6 5
2 1
7 2
0 5
1 5
5 5
0 5
0 5
0 4
1 3
0 5
1 2
0 5
1 5
1 4
0 5
0 4
0 4
6 1
4 1
1 2
5 5
3 2
5 1
4 2
1 4
1 3
8 2
3 3
0 3
0 4
7 5
1 3
0 5
0 5
0 3
1 2
8 3
0 4
10 4
0 2
1 2
0 2
2 2
2 2
0 4
0 5
0 4
1 3
1 5
0 3
0 5
0 5
1 2
1 2
0 5
0 4
0 3
0 5
2 4
7 1
5 5
0 5
4 1
0 4
4 5
0 5
0 4
0 5
3 2
0 5
6 3
0 5
3 5
5 5
1 1
0 4
3 5
4 2
1 5
1 4
0 5
3 4
0 5
1 4
24 5
0 5
12 1
1 1
1 4
4 1
1 3
0 5
2 3
2 3
0 5
6 1
1 2
4 1
2 1
0 5
1 5
0 5
1 5
4 1
2 1
0 5
0 4
0 5
0 4
1 3
3 2
5 5
4 1
0 4
0 5
0 5
3 1
1 4
0 5
1 5
6 1
1 5
0 5
1 3
7 2
2 3
0 1
3 2
2 5
1 4
1 5
1 5
2 1
0 5
1 5
0 4
4 1
3 3
10 2
0 4
2 1
0 4
0 5
2 3
0 3
2 1
0 4
0 5
0 4
6 1
3 5
1 2
0 5
4 4
0 5
0 4
4 1
0 2
0 5
0 5
0 4
0 5
0 5
2 2
5 1
0 3
1 2
4 5
0 4
2 3
9 5
0 4
10 1
2 2
7 2
11 1
0 5
3 3
1 5
0 4
0 2
0 5
11 5
0 5
0 4
2 2
7 1
8 2
2 2
2 2
0 5
18 2
0 2
4 2
18 5
2 5
0 5
3 5
0 4
3 2
0 4
0 4
0 5
0 5
0 4
0 4
7 1
2 2
0 5
0 3
7 1
0 4
0 5
1 5
0 5
5 5
0 4
34 1
2 2
11 2
0 1
9 1
7 1
1 1
0 3
0 3
1 1
0 5
5 5
3 3
1 4
2 3
0 4
0 3
51 1
1 2
1 4
0 5
1 5
1 3
0 5
1 4
0 4
0 5
0 4
1 4
0 3
0 3
0 5
0 2
2 2
5 5
3 5
0 1
1 3
0 5
0 5
0 4
0 5
9 1
6 2
2 5
1 5
2 4
9 2
1 3
0 4
2 1
2 2
1 2
0 4
0 4
0 5
5 2
0 5
0 5
1 2
0 4
4 4
15 3
0 5
0 4
1 4
3 4
0 4
11 2
1 5
1 5
0 5
7 1
1 4
0 5
1 5
0 5
6 1
2 5
2 4
0 4
11 1
0 5
2 4
2 5
4 4
2 2
2 4
0 4
2 5
2 3
3 3
8 1
1 4
0 4
5 2
3 2
0 5
0 5
0 5
0 5
16 1
0 4
8 5
4 5
1 5
4 4
16 1
0 5
0 5
0 5
0 4
13 1
6 2
3 4
0 5
2 4
3 5
0 5
0 4
2 3
0 5
8 1
9 1
3 1
7 4
3 5
3 5
0 5
1 4
0 5
6 5
5 2
12 1
0 5
2 2
13 1
5 2
1 4
0 5
0 5
3 3
0 3
0 5
0 4
0 4
2 5
7 1
5 2
2 5
0 5
0 5
0 5
2 2
2 3
1 4
0 4
4 1
4 5
1 5
0 5
3 1
2 5
4 2
0 5
0 5
3 4
2 3
5 1
1 5
0 5
0 2
3 5
3 3
5 5
0 5
1 5
0 5
5 5
0 4
0 3
0 2
5 2
2 5
0 4
0 2
0 3
2 5
11 4
1 5
1 5
1 5
4 1
1 4
1 4
0 2
1 4
2 3
3 5
0 5
0 2
1 5
5 4
6 2
0 4
0 5
0 5
0 4
3 2
0 5
1 4
6 3
1 4
1 5
0 5
1 5
1 5
0 5
0 5
3 5
0 5
0 5
0 4
0 2
5 5
1 5
1 3
0 5
0 3
0 4
0 5
0 4
1 4
0 4
0 5
5 4
2 5
0 5
1 4
0 5
0 5
11 5
0 4
0 5
0 3
4 1
0 5
0 4
0 3
0 4
3 2
0 5
1 3
0 3
0 4
7 2
0 4
0 3
0 5
0 5
0 5
4 1
0 4
0 5
4 2
0 4
11 2
5 2
20 2
0 5
1 5
0 3
2 2
1 5
1 3
0 4
1 5
0 4
0 5
16 5
0 3
4 1
0 5
0 4
2 5
0 4
5 1
4 4
0 5
2 5
1 5
6 1
1 4
1 2
1 2
0 4
0 4
0 5
6 5
1 3
4 5
5 5
2 3
2 3
0 3
4 5
0 4
0 5
0 3
5 5
2 1
5 5
2 4
0 5
0 5
32 1
0 4
2 4
2 2
10 5
11 4
1 2
0 4
1 2
2 1
3 5
3 5
0 5
2 5
4 4
7 4
4 1
2 3
1 5
0 5
0 5
1 4
4 5
0 5
1 5
0 5
1 2
0 5
1 4
1 4
0 5
2 1
1 2
0 4
0 5
0 5
0 2
12 3
0 5
5 1
5 5
4 2
4 3
2 5
3 5
2 5
2 3
2 2
1 5
7 1
3 4
0 5
2 2
15 5
0 5
0 3
8 4
2 5
0 5
6 5
0 4
1 5
5 4
3 3
1 3
2 4
0 4
0 5
0 4
11 1
0 4
1 4
0 4
0 5
0 4
0 4
1 3
18 1
0 5
2 5
1 5
17 3
24 2
2 2
0 5
0 4
0 5
0 4
0 3
0 5
0 5
1 5
1 3
1 5
8 5
3 3
3 5
0 5
0 5
0 5
10 5
4 5
3 1
0 4
1 5
9 5
0 5
0 5
1 5
16 2
1 5
0 5
0 4
0 5
3 2
7 5
2 2
0 4
12 5
0 5
1 3
0 4
0 3
0 3
0 3
0 4
0 4
0 5
4 3
6 5
0 4
4 5
3 5
4 5
0 4
14 1
2 5
2 5
0 5
1 4
1 4
5 4
1 5
3 1
3 4
1 5
0 3
0 3
1 4
5 4
1 4
3 4
0 3
6 1
1 5
10 4
1 5
2 3
1 2
4 5
4 5
0 5
2 3
2 4
23 4
11 1
0 5
5 5
0 3
1 1
8 2
4 3
16 3
7 4
8 1
0 3
9 1
4 4
0 5
2 3
3 4
7 1
1 5
8 1
1 5
0 5
6 5
2 4
5 1
1 4
0 4
0 5
0 5
0 4
0 5
0 4
15 1
0 5
0 5
0 5
3 5
0 2
0 5
1 2
2 3
0 5
0 5
6 5
0 5
0 5
3 2
0 5
2 2
0 3
0 4
0 4
0 5
2 1
11 5
0 4
0 4
1 3
0 5
0 3
4 1
5 5
5 5
4 1
1 3
0 4
0 5
0 4
1 5
57 1
0 5
3 4
19 2
0 5
44 5
1 5
0 5
0 5
0 4
1 4
1 2
0 4
0 5
8 5
1 5
1 4
3 5
2 2
0 5
0 5
18 2
11 4
3 4
6 5
4 5
2 4
0 5
2 3
8 5
6 4
2 3
7 5
0 4
0 4
9 1
2 3
6 4
0 5
4 5
2 5
4 1
2 5
3 5
18 5
4 4
75 1
1 4
1 5
2 4
36 1
3 5
13 2
5 2
6 4
0 5
6 5
2 5
3 4
2 5
1 4
24 5
12 5
3 3
1 5
11 5
2 4
0 5
6 3
2 5
7 4
2 5
3 1
5 1
1 5
5 1
2 3
1 5
6 1
1 4
1 5
0 5
2 4
1 5
1 5
2 5
1 5
0 5
0 4
0 4
1 5
0 5
0 5
3 2
7 5
0 5
1 5
1 5
0 5
0 3
0 4
0 5
4 5
2 3
1 3
0 5
0 5
2 5
3 2
1 5
9 5
4 5
3 5
0 5
0 5
5 2
5 5
2 3
8 3
1 5
0 5
0 5
1 3
0 4
3 3
0 5
0 5
2 5
1 5
5 5
9 1
5 5
0 5
15 1
1 5
2 5
1 5
0 5
3 3
1 5
2 5
17 3
10 4
1 4
0 5
3 5
0 5
0 5
2 5
6 5
0 5
1 4
0 5
48 1
0 5
1 4
0 4
0 4
1 4
0 3
0 5
0 5
0 5
0 5
0 5
0 5
0 4
0 4
5 5
6 4
1 5
33 5
2 3
12 4
0 5
5 1
2 5
16 5
8 5
0 5
1 5
0 4
0 5
0 4
4 5
0 5
0 5
3 5
1 5
0 5
0 5
1 5
0 5
1 5
8 1
9 3
4 2
0 5
0 5
0 5
1 4
1 4
65 1
2 5
1 4
4 3
0 4
11 3
1 5
0 5
0 5
1 3
2 4
343 4
3 5
1 5
0 3
0 5
2 5
405 5
0 4
1 5
0 4
0 4
0 5
3 3
1 5
0 4
2 4
1 5
2 3
0 5
4 5
1 5
3 3
3 5
0 5
21 5
5 5
3 5
1 3
0 5
0 4
1 3
3 5
1 5
0 5
4 3
1 5
8 1
4 3
2 5
1 4
0 4
0 4
3 4
1 5
8 4
6 2
1 5
1 5
1 5
0 5
3 5
1 4
1 4
5 5
3 5
2 3
4 5
1 5
1 5
4 5
0 5
2 5
4 5
8 2
4 5
1 5
1 5
1 5
1 5
2 4
1 5
8 5
5 5
0 5
3 5
27 2
4 2
2 3
47 5
1 5
1 5
18 5
7 5
1 5
96 5
3 5
8 1
0 4
7 2
3 5
1 5
1 5
3 3
1 5
1 5
1 5
3 4
4 5
4 3
2 5
2 5
4 5
0 5
0 5
7 5
1 3
139 2
3 5
19 2
1 5
0 5
4 5
1 5
2 5
0 5
0 5
0 5
5 5
0 5
0 5
0 5
0 5
0 5
0 4
52 4
5 5
10 5
0 5
8 5
4 5
5 4
10 3
3 4
16 5
0 5
2 5
1 5
6 5
10 5
34 3
6 5
0 5
0 5
2 5
1 5
21 5
0 5
11 5
1 4
5 5
1 5
24 5
5 4
1 5
2 5
3 4
6 5
11 5
265 1
26 5
