1	5	5	0.2
7	5	9	0.777778
0	5	1	0
2	5	3	0.666667
5	5	10	0.5
1	3	7	0.142857
1	5	3	0.333333
12	5	13	0.923077
9	1	43	0.209302
4	5	5	0.8
3	5	4	0.75
9	4	9	1
5	4	7	0.714286
4	5	5	0.8
10	5	11	0.909091
2	2	5	0.4
7	5	7	1
8	5	8	1
8	5	9	0.888889
0	5	3	0
0	5	4	0
5	4	10	0.5
3	5	10	0.3
0	4	3	0
3	5	5	0.6
0	5	4	0
8	2	17	0.470588
1	5	3	0.333333
4	5	5	0.8
11	5	12	0.916667
0	5	3	0
0	5	1	0
1	5	2	0.5
4	5	5	0.8
0	5	1	0
1	5	2	0.5
14	1	41	0.341463
0	5	1	0
6	2	14	0.428571
1	5	2	0.5
1	5	2	0.5
3	5	5	0.6
0	5	1	0
3	5	4	0.75
1	5	2	0.5
17	1	22	0.772727
2	5	3	0.666667
1	5	2	0.5
0	5	1	0
2	5	3	0.666667
2	4	3	0.666667
1	5	3	0.333333
0	5	2	0
1	5	5	0.2
2	5	4	0.5
4	5	10	0.4
0	5	0	0
1	5	2	0.5
1	5	2	0.5
1	4	11	0.0909091
2	5	5	0.4
1	5	1	1
0	5	0	0
0	5	1	0
8	1	37	0.216216
1	4	1	1
0	5	0	0
2	5	3	0.666667
0	5	0	0
4	3	20	0.2
6	3	28	0.214286
2	5	4	0.5
3	5	3	1
2	5	2	1
1	5	1	1
0	5	0	0
0	5	0	0
1	5	8	0.125
1	5	2	0.5
0	5	2	0
0	5	2	0
2	5	2	1
0	5	0	0
0	5	1	0
0	5	0	0
3	5	4	0.75
0	5	0	0
0	5	0	0
0	5	1	0
0	5	2	0
1	5	2	0.5
9	3	11	0.818182
0	5	1	0
0	5	0	0
1	5	2	0.5
11	2	12	0.916667
2	4	2	1
1	5	1	1
3	5	3	1
9	3	12	0.75
1	5	2	0.5
0	5	1	0
0	5	1	0
2	4	3	0.666667
1	5	2	0.5
2	5	3	0.666667
1	5	1	1
3	5	4	0.75
14	5	15	0.933333
2	4	2	1
1	5	1	1
0	5	0	0
2	3	10	0.2
2	5	3	0.666667
0	4	0	0
0	5	1	0
2	5	3	0.666667
0	5	0	0
4	1	26	0.153846
0	4	0	0
1	5	2	0.5
2	5	3	0.666667
1	5	2	0.5
2	5	3	0.666667
0	5	0	0
1	5	3	0.333333
2	5	2	1
2	5	2	1
17	1	37	0.459459
12	1	50	0.24
2	5	3	0.666667
0	5	2	0
1	5	1	1
0	5	0	0
0	5	1	0
1	5	1	1
0	5	0	0
0	5	0	0
0	5	0	0
0	5	3	0
1	5	1	1
6	5	11	0.545455
5	5	11	0.454545
3	5	3	1
1	4	8	0.125
0	5	0	0
0	5	0	0
0	4	0	0
4	5	5	0.8
4	4	25	0.16
4	4	5	0.8
13	1	50	0.26
1	5	1	1
0	5	0	0
0	5	0	0
0	5	1	0
3	5	3	1
0	5	0	0
2	5	2	1
0	5	0	0
0	5	2	0
3	5	3	1
6	3	17	0.352941
1	5	2	0.5
6	5	14	0.428571
1	5	12	0.0833333
5	2	37	0.135135
1	5	1	1
3	5	12	0.25
0	5	0	0
0	5	0	0
1	5	1	1
0	5	0	0
0	4	6	0
0	5	1	0
1	5	1	1
10	5	10	1
2	5	2	1
0	5	2	0
0	5	2	0
1	5	3	0.333333
2	5	2	1
10	1	76	0.131579
8	5	10	0.8
7	2	40	0.175
15	2	17	0.882353
1	5	2	0.5
3	3	21	0.142857
14	2	27	0.518519
2	3	12	0.166667
0	5	0	0
4	5	5	0.8
2	5	5	0.4
0	5	0	0
15	1	38	0.394737
0	5	0	0
0	5	0	0
1	5	1	1
4	5	4	1
0	5	1	0
6	2	19	0.315789
2	3	15	0.133333
1	5	3	0.333333
1	5	1	1
0	5	3	0
0	5	1	0
1	5	1	1
2	5	2	1
1	5	2	0.5
1	5	2	0.5
0	5	0	0
0	5	0	0
0	5	0	0
0	5	0	0
0	5	0	0
3	4	4	0.75
0	5	0	0
0	5	0	0
2	2	4	0.5
7	5	7	1
0	5	0	0
5	5	6	0.833333
1	5	4	0.25
4	5	4	1
0	5	0	0
1	5	4	0.25
0	5	0	0
1	5	1	1
4	5	4	1
1	5	2	0.5
3	5	4	0.75
0	5	0	0
142	1	163	0.871166
36	5	44	0.818182
23	5	34	0.676471
0	4	1	0
1	4	4	0.25
31	3	79	0.392405
10	1	58	0.172414
0	5	0	0
0	5	0	0
47	3	53	0.886792
23	5	32	0.71875
4	5	5	0.8
3	5	3	1
0	5	1	0
0	5	0	0
0	5	0	0
0	5	0	0
1	5	1	1
0	5	0	0
1	5	2	0.5
3	5	4	0.75
1	5	4	0.25
0	5	0	0
0	5	0	0
0	5	0	0
0	5	0	0
0	5	0	0
1	5	2	0.5
1	5	2	0.5
0	5	0	0
1	5	1	1
0	5	1	0
3	5	4	0.75
0	5	0	0
0	5	0	0
0	5	0	0
2	5	2	1
9	4	14	0.642857
1	5	1	1
0	5	0	0
16	5	18	0.888889
17	4	18	0.944444
14	5	16	0.875
10	1	54	0.185185
0	5	0	0
1	5	1	1
2	5	2	1
3	5	3	1
1	5	1	1
3	5	3	1
0	5	0	0
1	5	1	1
3	5	3	1
10	5	11	0.909091
0	4	1	0
1	5	1	1
2	5	3	0.666667
3	5	3	1
0	5	1	0
2	5	2	1
5	5	6	0.833333
3	5	3	1
1	5	1	1
26	5	30	0.866667
0	5	0	0
0	5	0	0
0	5	1	0
1	5	1	1
0	4	2	0
16	5	18	0.888889
0	5	0	0
1	5	1	1
3	5	3	1
5	5	6	0.833333
4	5	5	0.8
7	5	8	0.875
1	5	3	0.333333
10	1	24	0.416667
5	1	42	0.119048
5	5	6	0.833333
1	5	3	0.333333
2	5	10	0.2
0	4	4	0
2	5	2	1
1	5	2	0.5
0	5	1	0
1	3	18	0.0555556
0	3	0	0
3	5	6	0.5
3	5	3	1
6	5	7	0.857143
1	5	5	0.2
3	5	3	1
1044	1	1164	0.896907
0	5	0	0
1346	1	1503	0.895542
26	3	30	0.866667
3	5	4	0.75
3	5	3	1
1	5	1	1
1	5	1	1
9	5	9	1
2	5	2	1
3	5	3	1
4	5	4	1
7	5	8	0.875
2	5	3	0.666667
0	5	0	0
1	5	2	0.5
8	1	76	0.105263
1	5	2	0.5
10	5	10	1
1	5	3	0.333333
3	5	3	1
0	5	1	0
2	5	9	0.222222
1	4	1	1
0	5	0	0
0	4	7	0
0	5	1	0
1	5	2	0.5
1	5	1	1
2	5	3	0.666667
3	5	3	1
4	5	5	0.8
1	5	1	1
3	5	3	1
2	5	3	0.666667
1	5	1	1
1	5	3	0.333333
8	5	8	1
6	5	7	0.857143
1	5	1	1
1	5	2	0.5
0	5	1	0
0	5	0	0
0	5	0	0
0	5	0	0
0	5	0	0
0	5	0	0
0	5	0	0
0	5	0	0
1	5	1	1
2	5	3	0.666667
1	5	1	1
4	5	6	0.666667
1	3	1	1
1	5	1	1
7	3	13	0.538462
3	5	3	1
1	5	1	1
0	5	0	0
1	5	1	1
1	5	1	1
0	5	0	0
0	5	0	0
0	5	0	0
0	4	6	0
1	5	1	1
0	5	0	0
0	5	0	0
1	5	2	0.5
0	5	0	0
0	5	1	0
0	5	4	0
6	5	6	1
30	5	32	0.9375
3	5	6	0.5
0	5	1	0
4	5	5	0.8
2	5	2	1
0	5	0	0
0	5	0	0
4	5	4	1
0	5	0	0
2	5	2	1
1	5	2	0.5
0	5	2	0
10	5	11	0.909091
15	1	50	0.3
3	5	3	1
1	5	2	0.5
5	5	6	0.833333
4	5	5	0.8
2	5	2	1
5	5	8	0.625
4	5	4	1
25	5	30	0.833333
6	1	85	0.0705882
6	1	87	0.0689655
0	5	0	0
6	5	6	1
14	5	16	0.875
4	5	6	0.666667
6	5	6	1
6	5	6	1
4	5	5	0.8
118	5	135	0.874074
9	5	11	0.818182
1	5	1	1
0	5	0	0
31	5	37	0.837838
0	5	0	0
1	5	1	1
0	5	0	0
1	5	1	1
0	5	1	0
0	5	0	0
0	5	0	0
1	5	2	0.5
0	5	0	0
0	5	0	0
0	5	0	0
0	5	0	0
0	5	0	0
0	5	0	0
0	5	0	0
0	5	0	0
0	5	0	0
0	5	0	0
0	5	0	0
0	5	0	0
0	5	0	0
0	5	0	0
0	5	0	0
0	5	0	0
0	5	0	0
0	5	0	0
0	5	0	0
0	5	0	0
0	5	0	0
0	5	0	0
0	5	0	0
0	5	0	0
0	4	0	0
0	5	0	0
0	5	0	0
0	5	0	0
0	5	0	0
0	5	0	0
0	4	2	0
0	5	0	0
0	5	0	0
0	4	0	0
0	5	0	0
6	5	7	0.857143
0	5	0	0
3	5	3	1
0	5	0	0
0	5	0	0
0	5	0	0
0	5	0	0
0	5	0	0
0	5	0	0
0	5	0	0
0	5	0	0
0	5	0	0
0	5	0	0
0	5	0	0
0	5	0	0
0	5	0	0
0	5	0	0
0	5	0	0
0	5	0	0
0	5	0	0
0	5	0	0
0	3	1	0
0	5	0	0
0	5	0	0
0	5	0	0
0	5	0	0
0	5	0	0
0	5	0	0
0	5	0	0
0	5	0	0
0	5	0	0
12	1	32	0.375
0	5	0	0
0	5	0	0
0	5	0	0
0	5	0	0
0	5	0	0
0	5	0	0
0	5	0	0
0	5	0	0
0	5	0	0
0	5	0	0
0	5	0	0
0	5	0	0
0	5	0	0
0	5	0	0
0	5	0	0
0	5	0	0
0	5	0	0
0	5	0	0
0	5	0	0
0	5	0	0
0	5	0	0
0	5	0	0
0	5	0	0
0	5	0	0
0	5	0	0
0	5	0	0
2	5	2	1
0	5	0	0
0	5	0	0
0	5	0	0
0	5	0	0
