0 5
33 3
0 5
0 4
1 5
0 4
0 5
1 5
1 3
1 5
4 5
1 5
2 4
2 5
1 5
0 4
3 5
0 5
1 5
0 5
1 5
1 3
0 5
1 3
1 4
0 5
3 5
0 4
0 5
10 5
2 4
7 5
1 5
1 2
1 4
1 5
6 1
4 5
2 5
1 3
2 5
4 4
2 5
2 3
1 4
1 4
2 5
3 5
2 5
1 5
3 4
2 5
2 3
1 5
1 5
1 5
0 4
1 4
1 4
0 3
0 4
0 3
0 4
3 5
0 5
1 5
7 4
0 5
3 5
0 4
1 5
4 2
1 5
0 4
5 5
0 5
30 1
0 5
0 5
4 2
2 5
1 4
1 5
5 1
2 5
2 5
1 4
5 3
0 5
4 2
0 3
0 3
1 3
0 4
1 4
0 5
0 4
1 5
0 4
0 4
0 5
3 4
1 3
0 4
3 4
1 5
1 3
0 5
15 5
3 4
1 4
3 5
2 5
2 5
2 3
1 5
2 5
0 4
3 2
0 4
2 5
8 5
3 5
0 5
0 4
0 4
2 5
0 5
1 5
3 5
1 2
0 5
1 3
0 4
0 4
0 4
0 4
0 3
0 4
2 4
0 4
0 4
0 5
0 3
0 4
0 4
0 4
1 4
0 4
0 5
0 5
1 4
1 5
1 3
0 5
0 5
0 5
0 4
3 5
4 5
0 3
0 5
0 3
0 5
2 4
0 5
0 3
0 5
0 4
1 3
0 4
0 4
0 3
1 4
0 4
1 3
0 4
0 3
2 2
0 5
0 3
0 4
0 4
0 4
1 4
0 4
1 4
1 5
1 5
0 3
114 5
1 3
3 4
0 5
8 1
1 2
0 5
0 5
0 5
1 4
1 5
4 5
12 3
2 1
4 4
1 4
1 5
0 4
20 3
0 5
2 4
1 5
3 2
1 5
0 4
0 4
474 5
0 4
65 5
0 5
1 5
3 4
1 4
2 5
7 3
0 4
1 4
1 4
1 5
4 3
1 5
2 2
2 5
0 4
0 5
0 4
0 4
0 5
0 4
0 5
0 5
11 3
0 4
2 5
21 5
2 2
1 4
1 3
1 4
0 4
0 4
1 5
0 5
7 5
0 5
6 4
4 5
1 5
0 4
2 4
0 4
1 4
0 4
1 5
4 5
2 5
0 4
1 5
1 5
0 5
0 5
4 5
3 5
1 4
1 5
0 5
0 5
0 5
1 5
1 5
0 4
2 5
1 5
2 5
1 4
2 5
4 5
0 4
9 5
2 5
0 3
0 5
4 3
0 4
2 4
4 5
2 5
3 4
1 5
3 4
0 4
0 4
0 4
0 4
0 5
2 2
7 1
1 4
0 4
1 2
3 2
0 2
0 4
0 3
0 3
2 2
0 4
1 4
0 5
0 3
0 4
0 5
1 5
19 1
0 5
1 4
0 5
0 5
0 4
4 2
1 4
1 4
7 1
1 4
0 4
0 5
0 4
2 4
7 2
4 1
1 1
2 4
4 5
1 4
0 4
2 3
21 3
1 5
2 5
2 4
0 5
0 5
2 5
2 1
5 2
0 5
0 5
2 5
1 3
6 2
7 5
0 5
0 4
0 5
1 5
1 5
3 5
7 5
2 1
2 5
0 5
0 5
0 5
6 5
17 4
3 4
5 1
7 5
6 2
0 5
1 5
2 5
3 5
1 4
6 5
0 5
1 3
3 5
1 3
3 3
3 5
0 4
3 3
2 5
0 3
0 3
0 3
4 2
0 4
1 2
2 2
3 2
1 2
5 1
2 2
8 3
1 3
4 1
0 3
3 1
1 2
2 2
0 2
0 4
2 4
0 5
0 4
1 5
0 5
1 5
1 5
1 5
0 4
0 5
0 4
4 4
0 5
3 4
22 1
1 4
0 3
4 1
2 5
7 1
3 2
1 5
0 5
5 2
0 4
1 5
0 5
1 2
5 2
27 3
1 5
0 5
3 5
0 5
1 4
0 5
0 4
2 4
0 5
13 5
1 5
0 5
0 5
8 2
0 4
4 4
1 4
0 4
0 4
2 5
2 5
3 5
1 5
0 5
0 5
0 5
2 5
0 5
2 5
6 5
21 5
4 4
5 5
4 4
1 5
3 5
1 5
4 5
1 4
7 3
2 1
2 5
2 5
3 5
0 5
2 1
4 4
1 5
26 4
0 5
6 5
2 5
3 5
0 5
1 4
0 4
0 5
6 5
0 3
0 4
0 4
0 5
3 5
0 5
0 4
0 5
0 4
2 4
0 3
0 4
0 4
0 5
0 3
1 4
1 4
0 4
0 4
1 1
0 5
3 5
1 3
0 5
4 2
2 5
1 4
1 4
1 3
1 5
2 1
0 3
2 4
0 4
2 4
0 5
2 5
0 5
1 5
4 5
1 5
0 5
0 5
2 5
3 5
2 5
2 1
0 5
1 3
0 5
1 5
0 4
0 4
2 5
412 5
0 4
1 5
0 4
1 4
1 5
0 4
1 1
0 3
0 4
1 2
1 5
1 4
0 4
2 4
0 4
0 5
0 5
0 4
0 5
0 5
0 5
1 5
1 1
0 5
0 5
0 5
0 4
0 5
0 4
1 1
0 5
0 4
0 5
0 5
0 4
0 4
0 5
0 5
1 4
0 4
0 5
0 5
0 4
0 5
0 5
0 5
0 5
0 3
0 5
0 5
0 4
