0 5
0 5
0 5
0 3
0 4
0 5
0 5
0 5
0 5
0 5
0 4
0 5
0 5
0 5
0 5
0 5
4 5
3 5
1 5
0 5
1 3
2 5
0 5
2 5
0 1
0 5
0 5
1 5
3 5
2 5
0 5
0 5
0 4
1 5
0 4
0 5
0 5
0 4
0 5
0 5
1 5
0 5
1 5
0 5
0 5
2 5
1 5
0 5
2 4
0 4
0 4
0 5
0 5
0 4
1 4
0 5
2 5
1 5
0 5
0 5
0 4
1 5
2 5
0 5
0 4
0 4
1 5
1 5
1 4
0 4
0 5
9 5
2 5
0 4
3 4
0 4
1 4
0 5
0 5
0 3
0 5
1 5
0 5
2 5
1 4
6 5
0 4
0 4
1 5
0 5
1 5
2 5
1 5
3 5
3 5
230 4
0 4
0 4
0 4
0 5
0 5
0 4
0 5
0 5
1 5
13 5
8 5
1 5
0 4
0 5
4 1
0 4
0 4
260 5
7 5
1 5
1 4
1 5
2 5
0 5
0 5
0 5
9 5
1 5
14 5
1 4
7 5
0 5
1 4
0 4
0 3
3 1
3 4
0 5
0 5
0 5
1 5
3 1
0 5
0 5
2 4
0 5
2 5
18 1
2 5
5 5
1 5
0 5
1 5
1 5
0 5
2 5
0 1
0 5
0 5
0 3
0 5
1 5
0 4
2 5
10 2
0 4
0 4
0 4
0 4
0 5
1 5
0 5
1 5
2 5
2 5
0 5
0 5
0 5
1 5
1 5
0 5
0 5
0 5
0 5
0 5
1 5
0 5
7 5
2 5
0 5
5 5
0 5
0 5
1 5
1 5
0 5
2 5
1 5
0 4
0 4
4 5
3 5
0 5
1 5
0 5
44 5
0 4
0 5
1 5
1 5
0 5
0 5
1 5
1 5
1 4
3 5
1 5
2 5
0 3
11 5
0 5
0 4
1 4
0 5
0 3
1 4
0 5
1 5
3 1
3 5
1 5
2 5
12 5
1 5
3 4
4 5
3 5
1 5
3 5
0 5
0 4
1 5
1 5
3 5
0 5
0 5
0 5
0 5
0 5
0 5
1 5
0 5
0 5
0 4
0 5
0 4
0 5
0 5
0 5
1 5
6 4
6 5
3 5
0 5
1 5
0 5
2 5
0 5
2 5
2 5
1 5
2 5
14 5
0 5
3 5
2 5
0 4
2 5
0 5
0 5
2 5
1 5
3 5
1 5
0 5
1 5
11 5
1 4
0 5
0 4
0 4
2 5
2 5
5 5
6 5
2 5
1 5
2 5
3 5
2 5
6 5
4 5
1 5
0 5
0 5
4 5
11 5
4 5
4 4
2 5
2 5
7 5
0 5
0 5
0 5
1 5
2 5
2 5
3 5
2 5
1 5
1 5
2 5
2 5
1 5
0 5
0 5
10 5
8 5
4 5
0 5
1 3
3 5
1 5
4 5
4 5
0 5
0 5
1 5
2 5
2 5
1 5
0 5
1 5
1 5
4 3
2 5
6 5
7 2
3 5
0 5
2 5
0 5
0 5
1 5
1 1
8 4
0 1
0 4
9 5
47 5
2 5
11 5
4 1
0 5
2 5
0 5
0 4
3 5
5 5
0 2
1 4
0 5
1 5
2 5
1 3
2 5
0 5
0 5
0 5
0 4
16 5
99 5
6 2
12 5
19 5
4 5
47 4
13 5
1 4
14 5
4 4
1 5
4 2
17 4
4 5
1 5
2 5
4 5
0 4
0 5
22 5
3 5
6 5
13 4
0 5
6 5
0 5
3 5
2 5
5 5
3 5
1 5
0 5
0 5
0 5
0 5
1 4
0 4
0 5
0 5
0 5
0 5
0 5
0 5
1 3
0 5
0 5
0 5
0 5
0 5
0 5
1 5
0 5
0 5
0 5
0 5
0 5
0 5
0 5
0 4
0 5
0 4
0 5
0 5
0 5
0 5
0 5
0 5
0 5
0 5
0 5
0 5
0 5
0 5
0 5
0 5
0 5
0 5
0 5
0 5
0 5
0 5
0 5
5 5
0 5
0 5
0 5
0 5
1 1
0 5
0 4
0 5
0 5
0 5
0 5
0 5
0 5
0 5
0 5
0 5
0 5
0 4
0 4
0 4
0 5
0 5
0 5
0 5
0 4
0 5
0 5
0 5
0 5
1 1
0 5
0 5
0 5
0 5
0 5
0 5
0 5
0 5
0 5
0 5
0 5
0 5
0 5
0 5
0 5
0 5
0 5
1 5
0 5
0 5
0 5
0 5
0 5
0 5
0 5
0 5
0 5
0 5
0 5
0 5
0 5
0 5
0 5
0 2
0 3
0 5
0 5
0 5
0 5
0 5
0 5
0 5
0 5
0 5
0 4
0 5
0 5
0 5
0 5
0 5
0 5
0 5
0 4
0 4
0 5
0 5
0 5
0 5
0 3
0 5
0 5
3 1
0 1
0 5
0 4
1 5
0 5
0 5
0 5
0 5
0 5
0 5
