1 4
1 5
3 5
1 4
0 5
0 5
0 5
0 4
1 2
8 2
0 5
0 4
1 4
1 5
0 4
0 5
1 4
3 5
7 2
3 5
1 5
1 5
2 5
1 5
4 5
1 4
20 1
2 1
0 5
118 2
0 5
19 1
31 1
0 5
2 4
0 3
0 4
0 5
0 5
0 5
1 4
2 5
2 5
7 2
9 1
4 4
1 5
3 3
9 2
31 1
1 5
2 4
2 4
14 2
12 1
2 5
2 4
2 5
3 4
20 1
12 1
3 3
5 4
4 3
5 4
2 5
6 2
7 2
2 4
2 5
1 4
0 4
11 1
3 2
12 1
2 5
2 5
0 5
2 5
0 5
14 2
2 5
1 5
23 1
21 1
2 5
3 5
4 5
1 4
9 1
56 1
3 5
5 2
15 1
6 1
135 1
2 5
4 3
8 5
15 2
6 3
1 4
2 5
8 2
8 1
0 5
4 3
25 4
3 5
4 1
2 4
52 1
4 5
7 2
4 5
7 3
12 3
9 5
4 4
3 5
8 3
2 5
5 1
1 4
7 1
3 4
3 4
3 4
8 1
16 1
4 4
16 1
2 5
3 3
2 5
2 5
1 5
0 5
0 5
1 5
4 2
1 5
2 4
1 4
1 4
2 5
7 2
6 2
1 4
0 5
0 5
2 5
0 3
6 1
0 4
19 2
18 1
1 4
2 4
2 4
20 1
5 2
2 5
6 1
6 4
5 5
3 5
2 5
1 4
3 5
12 1
11 1
4 5
5 1
14 1
1 3
12 2
3 3
4 3
4 5
3 5
4 2
6 1
9 1
4 3
9 5
13 1
4 4
7 5
8 2
3 5
1 5
4 5
4 4
16 1
12 1
3 5
2 4
1 3
6 5
1 5
6 5
1 5
3 2
2 5
2 5
4 5
3 5
2 5
10 2
6 4
1 5
1 5
13 1
18 1
2 5
14 1
39 1
10 1
8 2
1 5
3 5
2 5
3 5
2 5
1 4
1 3
4 4
0 4
6 3
2 5
1 5
4 4
4 5
19 1
2 5
2 4
2 3
2 5
18 1
1 5
7 2
1 5
4 1
2 4
2 4
0 3
7 1
2 3
0 4
1 3
1 5
0 5
11 1
6 2
3 4
4 4
3 4
1 5
14 1
3 4
1 5
1 5
3 4
6 4
5 4
13 1
6 2
17 1
3 5
8 2
10 2
4 5
3 4
4 5
3 2
4 5
1 5
6 1
3 5
3 4
6 2
9 1
3 5
2 5
3 5
4 3
4 2
6 1
15 1
1 5
7 1
5 5
3 5
4 5
2 5
1 5
2 5
11 1
9 1
13 1
3 3
2 3
10 2
3 5
1 3
1 5
6 5
1 5
1 5
11 1
11 3
10 2
16 1
1 5
1 3
4 2
1 3
3 5
5 4
8 2
12 1
27 1
3 3
2 5
2 5
1 5
19 1
0 5
0 5
0 5
4 2
2 5
3 3
1 3
4 3
2 5
4 3
3 5
1 4
2 5
1 5
3 3
1 4
5 3
0 5
80 1
0 5
17 2
2 4
0 4
3 5
1 5
1 5
11 1
0 4
2 5
3 4
4 5
1 5
11 1
1 5
43 2
10 2
3 3
8 2
16 1
2 5
1 4
5 2
3 5
0 4
0 4
2 5
2 5
2 3
2 4
3 4
1 5
1 5
2 5
1 5
2 4
1 5
1 2
2 5
4 2
10 5
10 1
5 2
9 1
21 4
11 1
5 2
13 1
2 4
0 3
1 3
8 4
11 5
6 4
1 3
1 5
0 4
2 3
3 5
1 4
1 5
2 5
1 5
8 2
2 5
1 5
14 1
1 5
1 5
1 5
7 2
1 5
0 5
0 5
3 3
0 2
0 5
0 5
0 4
1 5
1 5
3 5
0 5
0 4
1 3
6 1
65 4
5 2
5 5
5 3
1 5
19 2
0 5
8 4
0 4
3 2
8 2
2 5
0 4
3 4
3 5
1 5
10 1
4 4
6 2
1 3
3 5
1 4
9 1
8 5
4 5
7 5
2 4
2 5
0 5
1 3
8 4
0 5
4 5
32 1
3 5
3 4
2 5
1 3
0 5
24 1
2 4
2 3
1 4
0 5
0 3
15 1
18 1
9 1
50 2
13 1
0 5
2 3
9 2
0 5
1 2
0 5
0 4
1 5
0 5
0 5
0 5
1 5
0 4
1 4
13 1
181 3
0 4
0 5
2 4
0 5
1 4
1 2
1 5
5 2
12 1
0 5
22 1
0 5
0 5
12 2
0 3
26 2
1 5
21 1
1 5
6 2
2 5
1 4
10 1
1 5
9 2
8 1
2 4
9 2
5 3
0 5
6 2
2 2
0 5
7 2
1 5
2 3
2 5
0 5
0 5
13 1
10 1
1 5
0 5
0 5
15 1
24 1
14 1
2 5
0 3
0 4
6 2
1 3
4 5
7 1
2 3
12 1
6 3
1 5
16 1
7 3
1 5
12 1
44 1
0 5
3 3
25 1
7 3
12 1
95 2
11 1
9 2
1 5
10 1
0 4
1 5
13 1
16 1
2 3
12 2
1 5
2 4
4 5
24 1
15 3
3 5
1 5
2 5
1 5
1 5
6 2
17 2
1 5
2 4
11 1
2 5
1 5
3 5
1 5
1 4
37 1
1 4
1 5
1 3
4 5
4 2
4 4
5 1
1 5
0 3
44 1
1 5
15 1
2 3
1 5
4 2
0 5
19 1
2 5
1 5
1 5
0 4
0 5
10 1
1 5
1 5
3 4
0 5
6 3
0 5
1 5
2 2
1 5
1 5
3 2
0 5
1 5
1 4
0 5
0 5
0 5
2 3
4 5
0 4
0 3
1 5
1 5
0 5
0 5
0 5
0 5
1 4
2 4
20 1
0 5
1 5
0 3
0 4
0 5
10 2
11 1
0 5
0 5
0 4
10 5
1 3
0 5
0 4
0 5
0 5
0 5
3 4
1 5
0 5
1 4
1 5
0 5
0 4
2 2
0 4
1 3
0 3
13 1
9 5
6 1
0 5
1 5
2 5
14 1
11 1
4 4
4 2
52 5
2 5
1 5
16 1
3 4
4 5
2 5
12 5
1 5
2 5
16 1
2 5
1 5
2 5
0 5
1 5
2 3
1 3
18 1
1 4
6 3
1 5
0 5
8 2
2 4
1 5
1 5
0 5
1 5
0 4
1 3
6 2
1 5
0 5
0 5
4 3
17 1
1 5
3 3
0 5
1 5
0 3
1 5
2 4
0 5
1 3
0 5
5 2
1 4
1 3
2 5
5 3
3 4
2 4
3 2
12 1
7 5
6 3
2 3
2 2
6 2
24 1
1 5
1 5
2 4
10 1
4 3
0 5
5 5
2 5
2 5
1 5
5 4
11 1
0 5
1 5
6 3
2 4
4 3
16 1
0 5
2 3
1 5
1 4
2 5
0 4
1 5
3 2
0 5
0 4
28 1
2 5
1 5
0 4
2 4
13 1
28 1
0 5
0 4
2 5
47 1
13 1
1 4
14 1
6 4
0 5
2 4
24 1
0 5
33 1
2 4
5 5
6 2
32 1
10 1
6 2
2 4
2 4
2 5
11 1
0 5
3 3
2 3
1 3
0 5
1 3
0 5
0 5
1 3
12 1
0 5
2 4
3 5
1 4
11 1
2 3
4 5
3 5
2 5
0 4
0 4
10 5
2 5
1 4
9 1
29 1
1 5
1 4
1 5
15 1
1 4
4 5
1 5
14 1
16 1
12 1
36 2
5 3
1 5
1 5
2 4
3 4
21 1
2 5
1 5
2 5
13 1
6 3
19 5
0 4
6 5
0 5
15 1
3 5
10 2
1 5
10 1
0 5
15 1
14 1
1 5
6 2
12 1
6 2
11 1
14 1
5 5
15 1
2 5
41 1
1 5
10 1
11 1
0 5
1 5
2 5
2 5
1 5
3 3
0 5
48 1
5 5
1 5
0 5
4 3
3 5
1 4
1 4
30 1
1 5
21 2
1 4
0 5
0 5
1 3
1 3
1 5
0 5
0 5
0 5
2 3
1 5
2 3
1 5
24 1
2 4
1 5
3 3
1 5
39 1
1 4
3 5
8 5
3 5
2 3
0 4
4 4
2 5
2 5
0 5
0 5
0 4
11 1
14 2
1 3
23 2
1 5
3 4
1 5
36 1
0 4
14 1
5 5
56 1
10 4
2 5
2 3
9 1
4 3
1 4
3 5
3 3
23 2
5 3
8 2
7 2
3 5
1 5
20 1
17 1
2 2
22 1
4 5
2 4
1 5
45 1
4 5
1 5
7 2
97 1
4 5
3 4
6 5
3 3
2 5
3 5
2 5
1 5
7 2
3 4
2 4
30 1
1 5
5 3
0 5
1 5
0 5
19 1
2 4
2 4
4 5
3 4
83 1
0 5
1 5
68 1
34 2
1 4
1 5
24 3
5 5
2 4
1 5
2 5
1 5
1 4
1972 2
16 4
0 5
4 2
1 5
30 1
0 5
0 4
2 5
2 4
1 5
2 5
0 5
1 3
5 3
2 5
2 5
13 4
2 5
1 5
1 5
8 1
2 3
0 5
1 5
143 1
12 1
2 5
2 5
0 5
15 1
84 1
1 4
1 4
6 5
1 5
2 5
0 5
4 5
3 5
22 1
4 3
25 1
3 5
36 3
0 5
2 2
1 5
25 3
42 3
7 5
6 5
1 5
5 5
1 5
5 5
4 5
39 1
6 5
9 5
14 2
