1	4	2	0.5
1	5	3	0.333333
3	5	4	0.75
1	4	2	0.5
0	5	4	0
0	5	3	0
0	5	6	0
0	4	3	0
1	2	4	0.25
8	2	10	0.8
0	5	2	0
0	4	1	0
1	4	3	0.333333
1	5	2	0.5
0	4	1	0
0	5	1	0
1	4	3	0.333333
3	5	6	0.5
7	2	11	0.636364
3	5	8	0.375
1	5	4	0.25
1	5	4	0.25
2	5	7	0.285714
1	5	5	0.2
4	5	11	0.363636
1	4	9	0.111111
20	1	26	0.769231
2	1	20	0.1
0	5	7	0
118	2	155	0.76129
0	5	5	0
19	1	24	0.791667
31	1	40	0.775
0	5	5	0
2	4	5	0.4
0	3	6	0
0	4	8	0
0	5	4	0
0	5	7	0
0	5	4	0
1	4	4	0.25
2	5	6	0.333333
2	5	5	0.4
7	2	15	0.466667
9	1	18	0.5
4	4	7	0.571429
1	5	6	0.166667
3	3	6	0.5
9	2	14	0.642857
31	1	41	0.756098
1	5	4	0.25
2	4	3	0.666667
2	4	5	0.4
14	2	17	0.823529
12	1	17	0.705882
2	5	3	0.666667
2	4	4	0.5
2	5	3	0.666667
3	4	7	0.428571
20	1	27	0.740741
12	1	18	0.666667
3	3	7	0.428571
5	4	7	0.714286
4	3	7	0.571429
5	4	7	0.714286
2	5	7	0.285714
6	2	10	0.6
7	2	15	0.466667
2	4	6	0.333333
2	5	6	0.333333
1	4	6	0.166667
0	4	4	0
11	1	19	0.578947
3	2	6	0.5
12	1	19	0.631579
2	5	7	0.285714
2	5	6	0.333333
0	5	11	0
2	5	5	0.4
0	5	6	0
14	2	19	0.736842
2	5	7	0.285714
1	5	8	0.125
23	1	32	0.71875
21	1	27	0.777778
2	5	13	0.153846
3	5	6	0.5
4	5	10	0.4
1	4	1	1
9	1	16	0.5625
56	1	73	0.767123
3	5	9	0.333333
5	2	8	0.625
15	1	21	0.714286
6	1	14	0.428571
135	1	179	0.75419
2	5	6	0.333333
4	3	5	0.8
8	5	10	0.8
15	2	21	0.714286
6	3	6	1
1	4	2	0.5
2	5	3	0.666667
8	2	12	0.666667
8	1	12	0.666667
0	5	4	0
4	3	6	0.666667
25	4	35	0.714286
3	5	9	0.333333
4	1	16	0.25
2	4	13	0.153846
52	1	68	0.764706
4	5	6	0.666667
7	2	13	0.538462
4	5	6	0.666667
7	3	9	0.777778
12	3	15	0.8
9	5	12	0.75
4	4	4	1
3	5	9	0.333333
8	3	11	0.727273
2	5	7	0.285714
5	1	14	0.357143
1	4	3	0.333333
7	1	15	0.466667
3	4	5	0.6
3	4	5	0.6
3	4	5	0.6
8	1	11	0.727273
16	1	20	0.8
4	4	6	0.666667
16	1	20	0.8
2	5	4	0.5
3	3	4	0.75
2	5	8	0.25
2	5	6	0.333333
1	5	4	0.25
0	5	7	0
0	5	2	0
1	5	4	0.25
4	2	8	0.5
1	5	5	0.2
2	4	4	0.5
1	4	3	0.333333
1	4	3	0.333333
2	5	5	0.4
7	2	8	0.875
6	2	7	0.857143
1	4	3	0.333333
0	5	4	0
0	5	3	0
2	5	5	0.4
0	3	5	0
6	1	12	0.5
0	4	2	0
19	2	24	0.791667
18	1	23	0.782609
1	4	1	1
2	4	2	1
2	4	4	0.5
20	1	26	0.769231
5	2	7	0.714286
2	5	8	0.25
6	1	19	0.315789
6	4	11	0.545455
5	5	11	0.454545
3	5	10	0.3
2	5	5	0.4
1	4	12	0.0833333
3	5	8	0.375
12	1	20	0.6
11	1	21	0.52381
4	5	6	0.666667
5	1	22	0.227273
14	1	21	0.666667
1	3	4	0.25
12	2	16	0.75
3	3	6	0.5
4	3	9	0.444444
4	5	6	0.666667
3	5	6	0.5
4	2	7	0.571429
6	1	14	0.428571
9	1	14	0.642857
4	3	8	0.5
9	5	14	0.642857
13	1	24	0.541667
4	4	7	0.571429
7	5	11	0.636364
8	2	12	0.666667
3	5	6	0.5
1	5	3	0.333333
4	5	7	0.571429
4	4	7	0.571429
16	1	22	0.727273
12	1	17	0.705882
3	5	7	0.428571
2	4	3	0.666667
1	3	1	1
6	5	11	0.545455
1	5	8	0.125
6	5	9	0.666667
1	5	5	0.2
3	2	5	0.6
2	5	6	0.333333
2	5	7	0.285714
4	5	9	0.444444
3	5	7	0.428571
2	5	12	0.166667
10	2	13	0.769231
6	4	9	0.666667
1	5	6	0.166667
1	5	5	0.2
13	1	17	0.764706
18	1	23	0.782609
2	5	5	0.4
14	1	18	0.777778
39	1	51	0.764706
10	1	12	0.833333
8	2	14	0.571429
1	5	9	0.111111
3	5	5	0.6
2	5	4	0.5
3	5	7	0.428571
2	5	7	0.285714
1	4	6	0.166667
1	3	5	0.2
4	4	8	0.5
0	4	2	0
6	3	8	0.75
2	5	5	0.4
1	5	7	0.142857
4	4	7	0.571429
4	5	4	1
19	1	27	0.703704
2	5	4	0.5
2	4	5	0.4
2	3	7	0.285714
2	5	2	1
18	1	23	0.782609
1	5	4	0.25
7	2	8	0.875
1	5	6	0.166667
4	1	34	0.117647
2	4	3	0.666667
2	4	7	0.285714
0	3	5	0
7	1	13	0.538462
2	3	3	0.666667
0	4	2	0
1	3	2	0.5
1	5	3	0.333333
0	5	4	0
11	1	14	0.785714
6	2	11	0.545455
3	4	6	0.5
4	4	9	0.444444
3	4	7	0.428571
1	5	4	0.25
14	1	22	0.636364
3	4	5	0.6
1	5	5	0.2
1	5	3	0.333333
3	4	6	0.5
6	4	8	0.75
5	4	7	0.714286
13	1	21	0.619048
6	2	10	0.6
17	1	25	0.68
3	5	7	0.428571
8	2	11	0.727273
10	2	14	0.714286
4	5	5	0.8
3	4	5	0.6
4	5	6	0.666667
3	2	7	0.428571
4	5	6	0.666667
1	5	4	0.25
6	1	10	0.6
3	5	6	0.5
3	4	6	0.5
6	2	9	0.666667
9	1	12	0.75
3	5	5	0.6
2	5	4	0.5
3	5	5	0.6
4	3	6	0.666667
4	2	8	0.5
6	1	9	0.666667
15	1	20	0.75
1	5	5	0.2
7	1	18	0.388889
5	5	7	0.714286
3	5	5	0.6
4	5	8	0.5
2	5	6	0.333333
1	5	4	0.25
2	5	5	0.4
11	1	23	0.478261
9	1	18	0.5
13	1	22	0.590909
3	3	9	0.333333
2	3	4	0.5
10	2	15	0.666667
3	5	5	0.6
1	3	5	0.2
1	5	4	0.25
6	5	8	0.75
1	5	7	0.142857
1	5	7	0.142857
11	1	17	0.647059
11	3	13	0.846154
10	2	12	0.833333
16	1	20	0.8
1	5	6	0.166667
1	3	2	0.5
4	2	6	0.666667
1	3	2	0.5
3	5	7	0.428571
5	4	9	0.555556
8	2	14	0.571429
12	1	17	0.705882
27	1	35	0.771429
3	3	6	0.5
2	5	8	0.25
2	5	13	0.153846
1	5	7	0.142857
19	1	42	0.452381
0	5	1	0
0	5	1	0
0	5	1	0
4	2	7	0.571429
2	5	4	0.5
3	3	5	0.6
1	3	1	1
4	3	4	1
2	5	4	0.5
4	3	5	0.8
3	5	7	0.428571
1	4	8	0.125
2	5	5	0.4
1	5	4	0.25
3	3	3	1
1	4	3	0.333333
5	3	8	0.625
0	5	3	0
80	1	106	0.754717
0	5	2	0
17	2	21	0.809524
2	4	3	0.666667
0	4	2	0
3	5	5	0.6
1	5	5	0.2
1	5	4	0.25
11	1	22	0.5
0	4	2	0
2	5	8	0.25
3	4	5	0.6
4	5	20	0.2
1	5	3	0.333333
11	1	23	0.478261
1	5	4	0.25
43	2	56	0.767857
10	2	13	0.769231
3	3	5	0.6
8	2	12	0.666667
16	1	20	0.8
2	5	4	0.5
1	4	2	0.5
5	2	9	0.555556
3	5	5	0.6
0	4	2	0
0	4	4	0
2	5	3	0.666667
2	5	4	0.5
2	3	4	0.5
2	4	3	0.666667
3	4	4	0.75
1	5	2	0.5
1	5	7	0.142857
2	5	7	0.285714
1	5	2	0.5
2	4	3	0.666667
1	5	2	0.5
1	2	4	0.25
2	5	3	0.666667
4	2	6	0.666667
10	5	13	0.769231
10	1	14	0.714286
5	2	9	0.555556
9	1	19	0.473684
21	4	26	0.807692
11	1	18	0.611111
5	2	7	0.714286
13	1	18	0.722222
2	4	3	0.666667
0	3	2	0
1	3	3	0.333333
8	4	10	0.8
11	5	18	0.611111
6	4	9	0.666667
1	3	7	0.142857
1	5	5	0.2
0	4	16	0
2	3	8	0.25
3	5	4	0.75
1	4	2	0.5
1	5	2	0.5
2	5	4	0.5
1	5	5	0.2
8	2	10	0.8
2	5	2	1
1	5	7	0.142857
14	1	26	0.538462
1	5	4	0.25
1	5	4	0.25
1	5	6	0.166667
7	2	8	0.875
1	5	5	0.2
0	5	3	0
0	5	1	0
3	3	3	1
0	2	2	0
0	5	3	0
0	5	4	0
0	4	1	0
1	5	5	0.2
1	5	3	0.333333
3	5	6	0.5
0	5	3	0
0	4	4	0
1	3	1	1
6	1	13	0.461538
65	4	74	0.878378
5	2	8	0.625
5	5	8	0.625
5	3	7	0.714286
1	5	6	0.166667
19	2	24	0.791667
0	5	9	0
8	4	14	0.571429
0	4	5	0
3	2	7	0.428571
8	2	16	0.5
2	5	8	0.25
0	4	7	0
3	4	5	0.6
3	5	7	0.428571
1	5	4	0.25
10	1	18	0.555556
4	4	7	0.571429
6	2	10	0.6
1	3	3	0.333333
3	5	5	0.6
1	4	1	1
9	1	21	0.428571
8	5	10	0.8
4	5	5	0.8
7	5	9	0.777778
2	4	3	0.666667
2	5	3	0.666667
0	5	1	0
1	3	3	0.333333
8	4	10	0.8
0	5	1	0
4	5	8	0.5
32	1	50	0.64
3	5	5	0.6
3	4	5	0.6
2	5	5	0.4
1	3	3	0.333333
0	5	1	0
24	1	32	0.75
2	4	4	0.5
2	3	3	0.666667
1	4	2	0.5
0	5	0	0
0	3	3	0
15	1	22	0.681818
18	1	28	0.642857
9	1	17	0.529412
50	2	113	0.442478
13	1	26	0.5
0	5	2	0
2	3	2	1
9	2	14	0.642857
0	5	0	0
1	2	2	0.5
0	5	0	0
0	4	0	0
1	5	1	1
0	5	1	0
0	5	1	0
0	5	3	0
1	5	2	0.5
0	4	4	0
1	4	2	0.5
13	1	32	0.40625
181	3	239	0.757322
0	4	1	0
0	5	0	0
2	4	2	1
0	5	1	0
1	4	1	1
1	2	2	0.5
1	5	3	0.333333
5	2	6	0.833333
12	1	19	0.631579
0	5	0	0
22	1	30	0.733333
0	5	3	0
0	5	0	0
12	2	24	0.5
0	3	4	0
26	2	36	0.722222
1	5	2	0.5
21	1	29	0.724138
1	5	3	0.333333
6	2	7	0.857143
2	5	4	0.5
1	4	1	1
10	1	13	0.769231
1	5	3	0.333333
9	2	13	0.692308
8	1	11	0.727273
2	4	2	1
9	2	11	0.818182
5	3	5	1
0	5	2	0
6	2	13	0.461538
2	2	7	0.285714
0	5	1	0
7	2	10	0.7
1	5	3	0.333333
2	3	3	0.666667
2	5	4	0.5
0	5	3	0
0	5	1	0
13	1	23	0.565217
10	1	14	0.714286
1	5	3	0.333333
0	5	1	0
0	5	2	0
15	1	21	0.714286
24	1	34	0.705882
14	1	19	0.736842
2	5	5	0.4
0	3	1	0
0	4	2	0
6	2	9	0.666667
1	3	2	0.5
4	5	6	0.666667
7	1	12	0.583333
2	3	8	0.25
12	1	23	0.521739
6	3	8	0.75
1	5	2	0.5
16	1	22	0.727273
7	3	10	0.7
1	5	4	0.25
12	1	21	0.571429
44	1	57	0.77193
0	5	2	0
3	3	4	0.75
25	1	32	0.78125
7	3	8	0.875
12	1	19	0.631579
95	2	124	0.766129
11	1	20	0.55
9	2	11	0.818182
1	5	4	0.25
10	1	16	0.625
0	4	2	0
1	5	5	0.2
13	1	24	0.541667
16	1	23	0.695652
2	3	4	0.5
12	2	15	0.8
1	5	3	0.333333
2	4	3	0.666667
4	5	5	0.8
24	1	39	0.615385
15	3	18	0.833333
3	5	4	0.75
1	5	4	0.25
2	5	4	0.5
1	5	4	0.25
1	5	2	0.5
6	2	9	0.666667
17	2	21	0.809524
1	5	3	0.333333
2	4	4	0.5
11	1	18	0.611111
2	5	6	0.333333
1	5	4	0.25
3	5	6	0.5
1	5	3	0.333333
1	4	4	0.25
37	1	49	0.755102
1	4	3	0.333333
1	5	3	0.333333
1	3	3	0.333333
4	5	6	0.666667
4	2	8	0.5
4	4	6	0.666667
5	1	7	0.714286
1	5	5	0.2
0	3	1	0
44	1	60	0.733333
1	5	3	0.333333
15	1	22	0.681818
2	3	3	0.666667
1	5	4	0.25
4	2	8	0.5
0	5	2	0
19	1	35	0.542857
2	5	4	0.5
1	5	4	0.25
1	5	7	0.142857
0	4	0	0
0	5	0	0
10	1	15	0.666667
1	5	2	0.5
1	5	1	1
3	4	3	1
0	5	2	0
6	3	6	1
0	5	1	0
1	5	2	0.5
2	2	13	0.153846
1	5	2	0.5
1	5	2	0.5
3	2	8	0.375
0	5	2	0
1	5	3	0.333333
1	4	2	0.5
0	5	0	0
0	5	1	0
0	5	1	0
2	3	3	0.666667
4	5	7	0.571429
0	4	0	0
0	3	1	0
1	5	2	0.5
1	5	3	0.333333
0	5	2	0
0	5	0	0
0	5	1	0
0	5	2	0
1	4	1	1
2	4	2	1
20	1	31	0.645161
0	5	1	0
1	5	1	1
0	3	1	0
0	4	0	0
0	5	0	0
10	2	13	0.769231
11	1	15	0.733333
0	5	0	0
0	5	1	0
0	4	1	0
10	5	13	0.769231
1	3	3	0.333333
0	5	0	0
0	4	0	0
0	5	0	0
0	5	1	0
0	5	0	0
3	4	4	0.75
1	5	3	0.333333
0	5	1	0
1	4	1	1
1	5	1	1
0	5	0	0
0	4	0	0
2	2	4	0.5
0	4	0	0
1	3	3	0.333333
0	3	0	0
13	1	27	0.481481
9	5	12	0.75
6	1	17	0.352941
0	5	1	0
1	5	2	0.5
2	5	3	0.666667
14	1	30	0.466667
11	1	19	0.578947
4	4	4	1
4	2	11	0.363636
52	5	91	0.571429
2	5	3	0.666667
1	5	4	0.25
16	1	28	0.571429
3	4	5	0.6
4	5	8	0.5
2	5	2	1
12	5	16	0.75
1	5	2	0.5
2	5	3	0.666667
16	1	30	0.533333
2	5	2	1
1	5	3	0.333333
2	5	4	0.5
0	5	3	0
1	5	6	0.166667
2	3	3	0.666667
1	3	2	0.5
18	1	22	0.818182
1	4	2	0.5
6	3	6	1
1	5	5	0.2
0	5	0	0
8	2	13	0.615385
2	4	5	0.4
1	5	3	0.333333
1	5	2	0.5
0	5	1	0
1	5	3	0.333333
0	4	1	0
1	3	1	1
6	2	12	0.5
1	5	1	1
0	5	1	0
0	5	0	0
4	3	4	1
17	1	25	0.68
1	5	3	0.333333
3	3	5	0.6
0	5	0	0
1	5	2	0.5
0	3	2	0
1	5	2	0.5
2	4	3	0.666667
0	5	1	0
1	3	4	0.25
0	5	1	0
5	2	9	0.555556
1	4	4	0.25
1	3	3	0.333333
2	5	7	0.285714
5	3	7	0.714286
3	4	6	0.5
2	4	4	0.5
3	2	6	0.5
12	1	22	0.545455
7	5	9	0.777778
6	3	9	0.666667
2	3	4	0.5
2	2	6	0.333333
6	2	11	0.545455
24	1	31	0.774194
1	5	2	0.5
1	5	2	0.5
2	4	3	0.666667
10	1	18	0.555556
4	3	5	0.8
0	5	1	0
5	5	8	0.625
2	5	3	0.666667
2	5	6	0.333333
1	5	4	0.25
5	4	5	1
11	1	18	0.611111
0	5	1	0
1	5	3	0.333333
6	3	8	0.75
2	4	3	0.666667
4	3	4	1
16	1	26	0.615385
0	5	1	0
2	3	3	0.666667
1	5	2	0.5
1	4	1	1
2	5	3	0.666667
0	4	0	0
1	5	3	0.333333
3	2	5	0.6
0	5	0	0
0	4	0	0
28	1	36	0.777778
2	5	3	0.666667
1	5	1	1
0	4	0	0
2	4	2	1
13	1	19	0.684211
28	1	36	0.777778
0	5	0	0
0	4	0	0
2	5	5	0.4
47	1	61	0.770492
13	1	24	0.541667
1	4	1	1
14	1	19	0.736842
6	4	7	0.857143
0	5	1	0
2	4	4	0.5
24	1	30	0.8
0	5	3	0
33	1	43	0.767442
2	4	5	0.4
5	5	7	0.714286
6	2	10	0.6
32	1	41	0.780488
10	1	14	0.714286
6	2	10	0.6
2	4	3	0.666667
2	4	2	1
2	5	3	0.666667
11	1	14	0.785714
0	5	2	0
3	3	4	0.75
2	3	2	1
1	3	2	0.5
0	5	0	0
1	3	1	1
0	5	1	0
0	5	1	0
1	3	1	1
12	1	20	0.6
0	5	0	0
2	4	2	1
3	5	5	0.6
1	4	1	1
11	1	14	0.785714
2	3	3	0.666667
4	5	5	0.8
3	5	8	0.375
2	5	7	0.285714
0	4	1	0
0	4	1	0
10	5	12	0.833333
2	5	4	0.5
1	4	3	0.333333
9	1	15	0.6
29	1	39	0.74359
1	5	3	0.333333
1	4	8	0.125
1	5	3	0.333333
15	1	20	0.75
1	4	3	0.333333
4	5	5	0.8
1	5	7	0.142857
14	1	20	0.7
16	1	21	0.761905
12	1	19	0.631579
36	2	47	0.765957
5	3	6	0.833333
1	5	2	0.5
1	5	3	0.333333
2	4	3	0.666667
3	4	4	0.75
21	1	31	0.677419
2	5	3	0.666667
1	5	2	0.5
2	5	4	0.5
13	1	18	0.722222
6	3	7	0.857143
19	5	32	0.59375
0	4	2	0
6	5	8	0.75
0	5	2	0
15	1	19	0.789474
3	5	4	0.75
10	2	12	0.833333
1	5	2	0.5
10	1	14	0.714286
0	5	4	0
15	1	21	0.714286
14	1	22	0.636364
1	5	4	0.25
6	2	11	0.545455
12	1	16	0.75
6	2	9	0.666667
11	1	20	0.55
14	1	21	0.666667
5	5	8	0.625
15	1	21	0.714286
2	5	4	0.5
41	1	53	0.773585
1	5	2	0.5
10	1	26	0.384615
11	1	18	0.611111
0	5	3	0
1	5	4	0.25
2	5	5	0.4
2	5	8	0.25
1	5	4	0.25
3	3	3	1
0	5	2	0
48	1	63	0.761905
5	5	9	0.555556
1	5	5	0.2
0	5	7	0
4	3	4	1
3	5	4	0.75
1	4	2	0.5
1	4	2	0.5
30	1	38	0.789474
1	5	1	1
21	2	27	0.777778
1	4	1	1
0	5	0	0
0	5	0	0
1	3	2	0.5
1	3	1	1
1	5	2	0.5
0	5	0	0
0	5	1	0
0	5	0	0
2	3	2	1
1	5	1	1
2	3	2	1
1	5	1	1
24	1	30	0.8
2	4	2	1
1	5	4	0.25
3	3	3	1
1	5	3	0.333333
39	1	51	0.764706
1	4	1	1
3	5	4	0.75
8	5	11	0.727273
3	5	4	0.75
2	3	8	0.25
0	4	0	0
4	4	5	0.8
2	5	3	0.666667
2	5	3	0.666667
0	5	0	0
0	5	0	0
0	4	0	0
11	1	18	0.611111
14	2	20	0.7
1	3	2	0.5
23	2	29	0.793103
1	5	4	0.25
3	4	4	0.75
1	5	3	0.333333
36	1	47	0.765957
0	4	1	0
14	1	19	0.736842
5	5	7	0.714286
56	1	73	0.767123
10	4	12	0.833333
2	5	2	1
2	3	3	0.666667
9	1	12	0.75
4	3	4	1
1	4	2	0.5
3	5	5	0.6
3	3	4	0.75
23	2	29	0.793103
5	3	8	0.625
8	2	12	0.666667
7	2	9	0.777778
3	5	5	0.6
1	5	4	0.25
20	1	26	0.769231
17	1	23	0.73913
2	2	4	0.5
22	1	28	0.785714
4	5	6	0.666667
2	4	2	1
1	5	2	0.5
45	1	59	0.762712
4	5	5	0.8
1	5	2	0.5
7	2	12	0.583333
97	1	128	0.757812
4	5	5	0.8
3	4	6	0.5
6	5	8	0.75
3	3	5	0.6
2	5	2	1
3	5	5	0.6
2	5	6	0.333333
1	5	1	1
7	2	13	0.538462
3	4	3	1
2	4	2	1
30	1	39	0.769231
1	5	1	1
5	3	5	1
0	5	0	0
1	5	2	0.5
0	5	0	0
19	1	24	0.791667
2	4	2	1
2	4	3	0.666667
4	5	5	0.8
3	4	3	1
83	1	110	0.754545
0	5	3	0
1	5	1	1
68	1	90	0.755556
34	2	43	0.790698
1	4	2	0.5
1	5	4	0.25
24	3	30	0.8
5	5	7	0.714286
2	4	7	0.285714
1	5	5	0.2
2	5	3	0.666667
1	5	2	0.5
1	4	2	0.5
1972	2	2596	0.75963
16	4	27	0.592593
0	5	1	0
4	2	8	0.5
1	5	2	0.5
30	1	39	0.769231
0	5	2	0
0	4	1	0
2	5	6	0.333333
2	4	4	0.5
1	5	9	0.111111
2	5	3	0.666667
0	5	0	0
1	3	3	0.333333
5	3	8	0.625
2	5	3	0.666667
2	5	5	0.4
13	4	19	0.684211
2	5	4	0.5
1	5	7	0.142857
1	5	2	0.5
8	1	9	0.888889
2	3	3	0.666667
0	5	0	0
1	5	4	0.25
143	1	236	0.605932
12	1	22	0.545455
2	5	4	0.5
2	5	4	0.5
0	5	6	0
15	1	20	0.75
84	1	111	0.756757
1	4	7	0.142857
1	4	5	0.2
6	5	8	0.75
1	5	6	0.166667
2	5	4	0.5
0	5	4	0
4	5	5	0.8
3	5	7	0.428571
22	1	28	0.785714
4	3	14	0.285714
25	1	40	0.625
3	5	6	0.5
36	3	46	0.782609
0	5	4	0
2	2	3	0.666667
1	5	3	0.333333
25	3	33	0.757576
42	3	72	0.583333
7	5	15	0.466667
6	5	9	0.666667
1	5	4	0.25
5	5	8	0.625
1	5	5	0.2
5	5	8	0.625
4	5	6	0.666667
39	1	56	0.696429
6	5	10	0.6
9	5	16	0.5625
14	2	27	0.518519
