2	5	13	0.153846
0	5	0	0
10	3	24	0.416667
30	3	37	0.810811
0	3	0	0
8	5	30	0.266667
4	5	31	0.129032
60	3	73	0.821918
0	5	0	0
29	1	50	0.58
0	4	1	0
88	1	201	0.437811
108	1	157	0.687898
12	4	36	0.333333
17	4	41	0.414634
10	5	48	0.208333
31	3	45	0.688889
6	5	18	0.333333
3	5	10	0.3
5	4	10	0.5
37	5	65	0.569231
19	3	57	0.333333
0	3	0	0
13	5	43	0.302326
8	5	31	0.258065
23	5	47	0.489362
35	3	44	0.795455
11	3	27	0.407407
3	4	9	0.333333
41	3	58	0.706897
30	4	60	0.5
17	5	33	0.515152
23	5	44	0.522727
194	2	243	0.798354
6	5	42	0.142857
4	4	11	0.363636
11	4	18	0.611111
28	5	40	0.7
14	3	23	0.608696
38	3	47	0.808511
3	4	7	0.428571
9	5	15	0.6
64	1	174	0.367816
16	4	22	0.727273
19	4	24	0.791667
89	1	124	0.717742
24	5	35	0.685714
15	5	23	0.652174
26	4	47	0.553191
8	5	32	0.25
132	1	215	0.613953
12	4	17	0.705882
1122	2	1425	0.787368
27	3	35	0.771429
9	5	24	0.375
16	3	25	0.64
13	4	15	0.866667
85	1	144	0.590278
49	1	84	0.583333
18	4	26	0.692308
1	1	1	1
8	3	22	0.363636
9	3	14	0.642857
81	4	100	0.81
127	2	185	0.686486
26	4	58	0.448276
5	3	16	0.3125
35	4	44	0.795455
26	5	53	0.490566
50	3	61	0.819672
61	2	88	0.693182
8	4	18	0.444444
9	3	24	0.375
81	1	129	0.627907
22	1	66	0.333333
25	3	41	0.609756
12	3	15	0.8
26	1	93	0.27957
51	1	71	0.71831
19	5	31	0.612903
13	5	32	0.40625
5	5	21	0.238095
7	5	13	0.538462
6	4	11	0.545455
13	3	19	0.684211
63	1	82	0.768293
4	5	12	0.333333
48	1	61	0.786885
5	5	27	0.185185
18	2	26	0.692308
17	2	24	0.708333
5	5	7	0.714286
24	5	32	0.75
7	4	25	0.28
10	5	18	0.555556
10	5	22	0.454545
3	5	6	0.5
4	5	7	0.571429
1	5	3	0.333333
7	4	11	0.636364
18	5	28	0.642857
5	5	10	0.5
33	1	51	0.647059
9	2	13	0.692308
8	3	13	0.615385
29	1	49	0.591837
3	4	9	0.333333
2	4	13	0.153846
32	1	45	0.711111
38	1	84	0.452381
47	1	64	0.734375
29	1	39	0.74359
3	3	6	0.5
3	5	16	0.1875
2	5	8	0.25
14	1	23	0.608696
5	5	11	0.454545
4	5	13	0.307692
5	5	14	0.357143
6	3	11	0.545455
7	4	14	0.5
6	5	12	0.5
1	4	12	0.0833333
12	4	18	0.666667
4	5	11	0.363636
15	2	21	0.714286
31	1	50	0.62
4	5	10	0.4
59	1	78	0.75641
5	3	10	0.5
10	2	12	0.833333
2	5	10	0.2
5	3	11	0.454545
19	1	27	0.703704
4	3	6	0.666667
5	2	6	0.833333
3	5	11	0.272727
4	3	7	0.571429
8	3	9	0.888889
10	2	14	0.714286
4	3	7	0.571429
60	1	77	0.779221
2	5	7	0.285714
27	1	37	0.72973
16	2	22	0.727273
7	3	8	0.875
2	5	5	0.4
8	3	9	0.888889
6	3	13	0.461538
15	2	18	0.833333
5	5	11	0.454545
7	3	9	0.777778
1	4	3	0.333333
3	2	9	0.333333
1	4	2	0.5
3	4	7	0.428571
35	1	44	0.795455
2	5	6	0.333333
2	5	3	0.666667
37	1	46	0.804348
5	3	6	0.833333
1	5	8	0.125
208	2	338	0.615385
5	3	7	0.714286
37	1	46	0.804348
5	5	11	0.454545
47	1	58	0.810345
1	4	4	0.25
27	1	38	0.710526
2	5	6	0.333333
2	5	5	0.4
6	3	10	0.6
2	5	4	0.5
3	5	6	0.5
1	5	3	0.333333
15	1	25	0.6
2	4	3	0.666667
2	5	6	0.333333
3	5	5	0.6
5	5	7	0.714286
14	1	32	0.4375
8	5	16	0.5
3	4	4	0.75
7	3	8	0.875
30	1	38	0.789474
2	4	4	0.5
23	2	30	0.766667
7	2	8	0.875
7	5	10	0.7
6	4	9	0.666667
31	1	38	0.815789
16	1	21	0.761905
3	5	4	0.75
32	1	58	0.551724
1	5	12	0.0833333
17	1	25	0.68
1	5	6	0.166667
1	5	6	0.166667
5	2	7	0.714286
6	2	8	0.75
26	1	41	0.634146
14	1	39	0.358974
4	4	6	0.666667
4	5	7	0.571429
1	5	5	0.2
1	5	6	0.166667
6	3	7	0.857143
2	5	9	0.222222
4	5	7	0.571429
2	5	8	0.25
9	3	9	1
1	5	7	0.142857
17	1	21	0.809524
26	1	32	0.8125
1	5	6	0.166667
1	5	13	0.0769231
9	2	11	0.818182
3	4	7	0.428571
6	3	7	0.857143
1	4	9	0.111111
1	4	5	0.2
3	5	10	0.3
20	1	36	0.555556
15	1	18	0.833333
51	1	62	0.822581
8	2	8	1
11	2	12	0.916667
11	2	15	0.733333
37	1	47	0.787234
1	5	7	0.142857
3	4	4	0.75
2	3	2	1
4	2	6	0.666667
1	3	1	1
1	4	4	0.25
1	5	3	0.333333
2	5	5	0.4
3	5	10	0.3
36	1	45	0.8
6	2	9	0.666667
5	3	6	0.833333
1	4	4	0.25
19	1	26	0.730769
1	4	6	0.166667
105	1	130	0.807692
2	5	6	0.333333
1	4	2	0.5
2	5	6	0.333333
2	2	3	0.666667
4	3	6	0.666667
4	4	6	0.666667
30	1	39	0.769231
17	2	25	0.68
15	1	19	0.789474
36	3	50	0.72
16	1	38	0.421053
7	1	17	0.411765
2	4	6	0.333333
21	1	30	0.7
2	5	6	0.333333
1	4	8	0.125
10	1	16	0.625
1	5	4	0.25
7	2	9	0.777778
0	4	2	0
4	2	6	0.666667
4	5	11	0.363636
1	5	4	0.25
3	5	11	0.272727
13	1	15	0.866667
18	1	22	0.818182
1	4	4	0.25
1	5	4	0.25
6	1	11	0.545455
3	5	6	0.5
3	3	5	0.6
4	3	5	0.8
23	1	28	0.821429
8	3	10	0.8
12	1	16	0.75
2	2	2	1
14	1	31	0.451613
33	1	42	0.785714
2	5	4	0.5
3	3	6	0.5
3	5	6	0.5
2	4	4	0.5
2	5	9	0.222222
10	1	14	0.714286
18	1	27	0.666667
1	5	10	0.1
4	5	9	0.444444
1	4	3	0.333333
78	1	99	0.787879
11	1	52	0.211538
1	5	5	0.2
5	5	8	0.625
1	5	3	0.333333
21	1	26	0.807692
2	3	2	1
7	2	10	0.7
24	1	36	0.666667
7	2	8	0.875
1	4	6	0.166667
3	5	8	0.375
0	3	9	0
5	3	8	0.625
6	3	10	0.6
4	5	6	0.666667
2	3	3	0.666667
11	1	12	0.916667
7	1	8	0.875
6	3	9	0.666667
1	5	2	0.5
7	4	10	0.7
16	1	24	0.666667
7	5	17	0.411765
10	2	12	0.833333
1	4	5	0.2
3	4	7	0.428571
12	2	14	0.857143
17	2	26	0.653846
1	5	6	0.166667
25	1	36	0.694444
16	1	23	0.695652
2	5	7	0.285714
2	5	9	0.222222
3	4	9	0.333333
0	3	5	0
9	1	14	0.642857
19	1	26	0.730769
16	1	26	0.615385
11	2	14	0.785714
9	5	14	0.642857
9	3	14	0.642857
3	5	8	0.375
22	1	35	0.628571
2	5	4	0.5
5	3	6	0.833333
7	2	11	0.636364
12	1	24	0.5
5	2	6	0.833333
2	3	3	0.666667
2	5	5	0.4
10	2	13	0.769231
35	1	52	0.673077
3	5	8	0.375
34	1	43	0.790698
7	2	8	0.875
4	5	7	0.571429
0	3	1	0
3	3	4	0.75
4	5	9	0.444444
9	1	11	0.818182
20	1	24	0.833333
15	1	18	0.833333
1	3	3	0.333333
1	4	4	0.25
18	1	26	0.692308
11	4	15	0.733333
17	1	21	0.809524
1	5	2	0.5
3	5	6	0.5
8	5	21	0.380952
1	5	10	0.1
1	3	4	0.25
26	1	32	0.8125
10	1	47	0.212766
8	3	9	0.888889
3	5	5	0.6
1	5	8	0.125
1	5	7	0.142857
25	5	45	0.555556
14	1	19	0.736842
6	2	27	0.222222
2	5	8	0.25
5	3	9	0.555556
0	5	12	0
20	1	25	0.8
5	5	14	0.357143
5	2	8	0.625
210	1	269	0.780669
7	1	12	0.583333
22	1	30	0.733333
12	1	16	0.75
12	1	16	0.75
3	5	8	0.375
3	5	8	0.375
10	1	14	0.714286
6	2	11	0.545455
13	5	38	0.342105
1	5	4	0.25
4	3	7	0.571429
4	4	9	0.444444
19	1	26	0.730769
1	3	2	0.5
3	2	8	0.375
7	2	11	0.636364
2	5	4	0.5
4	1	10	0.4
1	3	1	1
1	3	3	0.333333
5	2	7	0.714286
7	1	10	0.7
12	1	18	0.666667
14	1	18	0.777778
0	2	2	0
2	5	5	0.4
2	1	8	0.25
5	1	7	0.714286
3	5	5	0.6
6	5	12	0.5
3	5	8	0.375
3	3	4	0.75
4	5	14	0.285714
2	5	4	0.5
4	2	7	0.571429
2	5	9	0.222222
11	1	19	0.578947
6	5	10	0.6
2	3	6	0.333333
14	1	19	0.736842
6	1	21	0.285714
2	2	9	0.222222
2	4	5	0.4
1	5	5	0.2
2	4	4	0.5
12	1	21	0.571429
2	5	6	0.333333
12	1	15	0.8
3	5	7	0.428571
8	2	10	0.8
2	5	3	0.666667
2	2	27	0.0740741
2	3	5	0.4
3	5	11	0.272727
1	4	3	0.333333
3	5	6	0.5
2	5	6	0.333333
2	5	7	0.285714
15	2	22	0.681818
2	5	6	0.333333
1	3	4	0.25
2	5	5	0.4
3	5	8	0.375
4	5	6	0.666667
5	2	11	0.454545
3	1	24	0.125
1	5	5	0.2
1	5	5	0.2
3	4	6	0.5
5	1	14	0.357143
2	5	8	0.25
0	2	0	0
4	3	6	0.666667
2	4	8	0.25
3	1	12	0.25
2	5	8	0.25
0	4	13	0
12	1	17	0.705882
1	4	4	0.25
0	5	0	0
12	1	22	0.545455
12	2	15	0.8
0	5	1	0
0	4	0	0
8	1	14	0.571429
3	5	9	0.333333
1	4	3	0.333333
1	4	5	0.2
12	1	24	0.5
1	5	4	0.25
6	1	9	0.666667
10	1	12	0.833333
5	5	8	0.625
0	5	9	0
2	5	9	0.222222
1	4	4	0.25
1	4	3	0.333333
18	1	40	0.45
1	3	4	0.25
45	1	64	0.703125
2	3	6	0.333333
9	1	19	0.473684
4	5	7	0.571429
0	5	5	0
12	1	15	0.8
3	5	7	0.428571
15	1	28	0.535714
2	4	4	0.5
14	1	20	0.7
3	3	4	0.75
17	1	21	0.809524
4	2	6	0.666667
2	4	7	0.285714
2	3	3	0.666667
0	4	5	0
8	2	10	0.8
2	3	4	0.5
1	5	8	0.125
9	1	18	0.5
2	5	8	0.25
9	1	15	0.6
12	1	19	0.631579
1	5	4	0.25
1	4	1	1
0	5	0	0
20	1	25	0.8
2	5	7	0.285714
2	5	4	0.5
0	5	4	0
12	1	25	0.48
3	2	5	0.6
3	3	5	0.6
7	2	9	0.777778
1	5	9	0.111111
9	1	16	0.5625
2	5	5	0.4
21	1	38	0.552632
1	3	2	0.5
10	1	11	0.909091
1	5	3	0.333333
10	1	13	0.769231
0	2	0	0
10	3	11	0.909091
1	5	7	0.142857
11	1	15	0.733333
13	1	24	0.541667
1	5	5	0.2
0	5	1	0
3	5	9	0.333333
1	4	4	0.25
4	5	21	0.190476
5	1	6	0.833333
6	2	9	0.666667
3	3	5	0.6
2	2	2	1
1	5	6	0.166667
19	1	23	0.826087
1	5	4	0.25
1	4	2	0.5
1	5	3	0.333333
10	2	14	0.714286
1	4	1	1
2	5	3	0.666667
26	4	35	0.742857
2	3	7	0.285714
1	5	1	1
1	5	4	0.25
1	3	3	0.333333
3	3	6	0.5
3	5	8	0.375
13	1	18	0.722222
3	5	4	0.75
2	5	6	0.333333
12	1	15	0.8
0	4	1	0
3	5	7	0.428571
4	1	8	0.5
2	5	4	0.5
2	4	2	1
8	1	15	0.533333
0	4	1	0
6	3	6	1
0	5	1	0
0	4	1	0
4	3	20	0.2
1	5	3	0.333333
2	4	2	1
0	4	0	0
13	1	20	0.65
7	2	12	0.583333
1	5	3	0.333333
3	2	3	1
0	2	0	0
0	5	0	0
2	3	2	1
3	4	10	0.3
10	2	30	0.333333
13	1	19	0.684211
0	4	2	0
7	1	10	0.7
0	5	5	0
1	5	1	1
0	5	3	0
1	5	3	0.333333
0	5	1	0
1	4	2	0.5
0	5	6	0
2	3	4	0.5
12	1	16	0.75
1	5	4	0.25
10	1	11	0.909091
23	1	28	0.821429
2	2	3	0.666667
3	4	4	0.75
2	5	4	0.5
10	1	13	0.769231
11	1	14	0.785714
0	4	0	0
1	3	3	0.333333
0	5	1	0
17	1	24	0.708333
0	5	1	0
2	5	3	0.666667
1	5	4	0.25
3	2	4	0.75
2	3	2	1
1	5	3	0.333333
8	2	11	0.727273
5	2	6	0.833333
0	3	0	0
5	1	8	0.625
6	1	8	0.75
0	5	0	0
1	5	3	0.333333
1	5	3	0.333333
1	4	6	0.166667
4	2	5	0.8
10	2	11	0.909091
5	1	6	0.833333
9	1	19	0.473684
2	5	5	0.4
7	2	8	0.875
0	3	0	0
3	2	4	0.75
4	1	7	0.571429
0	3	3	0
1	2	3	0.333333
1	4	2	0.5
2	5	8	0.25
15	1	18	0.833333
2	2	3	0.666667
5	1	7	0.714286
0	5	1	0
0	5	4	0
2	5	4	0.5
6	2	6	1
1	4	5	0.2
6	1	7	0.857143
1	4	2	0.5
2	5	5	0.4
10	5	15	0.666667
2	5	7	0.285714
7	2	9	0.777778
19	1	26	0.730769
9	1	29	0.310345
2	4	5	0.4
5	1	14	0.357143
4	5	6	0.666667
2	5	6	0.333333
3	1	5	0.6
3	5	5	0.6
0	5	1	0
4	1	6	0.666667
26	1	29	0.896552
6	2	10	0.6
9	1	18	0.5
5	1	15	0.333333
2	3	2	1
1	4	4	0.25
0	3	0	0
5	3	8	0.625
7	2	8	0.875
3	4	3	1
1	3	2	0.5
4	2	7	0.571429
0	5	3	0
7	5	14	0.5
2	4	3	0.666667
14	1	18	0.777778
11	2	11	1
6	1	6	1
0	5	0	0
0	3	0	0
9	1	11	0.818182
0	2	0	0
8	1	14	0.571429
1	5	4	0.25
1	4	3	0.333333
10	2	14	0.714286
5	2	7	0.714286
1	5	3	0.333333
1	5	6	0.166667
8	1	14	0.571429
1	5	3	0.333333
0	5	3	0
1	5	3	0.333333
3	3	3	1
2	5	5	0.4
1	1	2	0.5
0	3	3	0
1	1	2	0.5
1	5	4	0.25
9	1	14	0.642857
4	1	25	0.16
5	2	11	0.454545
0	3	1	0
1	5	4	0.25
0	2	0	0
1	5	4	0.25
1	4	2	0.5
1	5	4	0.25
1	5	4	0.25
1	5	4	0.25
1	5	5	0.2
2	3	4	0.5
1	2	1	1
2	4	3	0.666667
4	5	7	0.571429
15	2	22	0.681818
4	5	6	0.666667
2	5	7	0.285714
2	5	3	0.666667
10	1	29	0.344828
3	5	6	0.5
2	4	2	1
4	1	5	0.8
10	2	18	0.555556
1	4	1	1
3	4	5	0.6
4	1	5	0.8
0	2	0	0
6	3	8	0.75
0	4	0	0
5	3	7	0.714286
10	1	23	0.434783
3	3	4	0.75
5	1	27	0.185185
3	1	4	0.75
2	3	4	0.5
2	5	3	0.666667
0	5	4	0
4	4	8	0.5
4	3	4	1
9	1	15	0.6
7	4	10	0.7
0	5	1	0
20	2	45	0.444444
2	3	5	0.4
0	5	0	0
1	1	1	1
0	4	0	0
0	5	1	0
1	4	6	0.166667
1	5	2	0.5
0	5	0	0
2	3	3	0.666667
1	5	2	0.5
7	1	11	0.636364
0	4	1	0
1	2	2	0.5
0	5	7	0
3	3	5	0.6
2	5	5	0.4
0	4	16	0
7	3	12	0.583333
3	5	6	0.5
1	4	7	0.142857
2	5	3	0.666667
6	4	8	0.75
3	5	6	0.5
0	4	5	0
8	1	18	0.444444
7	1	10	0.7
2	2	2	1
9	1	21	0.428571
2	2	5	0.4
2	2	7	0.285714
2	5	6	0.333333
0	3	0	0
7	1	10	0.7
2	3	3	0.666667
6	3	8	0.75
2	5	3	0.666667
5	3	5	1
1	5	1	1
6	1	16	0.375
3	5	8	0.375
0	5	0	0
4	3	6	0.666667
21	1	27	0.777778
0	5	0	0
16	1	22	0.727273
7	1	15	0.466667
1	4	1	1
1	5	2	0.5
3	3	3	1
3	3	6	0.5
1	5	2	0.5
5	4	7	0.714286
1	4	7	0.142857
4	2	8	0.5
9	4	10	0.9
1	5	4	0.25
1	5	3	0.333333
3	5	6	0.5
1	5	2	0.5
18	1	36	0.5
0	5	3	0
6	2	8	0.75
4	5	8	0.5
8	5	12	0.666667
5	1	7	0.714286
7	3	9	0.777778
3	2	8	0.375
2	5	5	0.4
3	3	5	0.6
13	1	18	0.722222
2	5	3	0.666667
1	3	1	1
0	5	1	0
0	5	3	0
1	5	2	0.5
4	5	6	0.666667
13	2	14	0.928571
7	3	8	0.875
2	5	5	0.4
2	5	6	0.333333
2	5	4	0.5
2	4	4	0.5
1	4	2	0.5
7	1	19	0.368421
1	5	3	0.333333
16	1	22	0.727273
1	5	3	0.333333
1	4	4	0.25
2	5	3	0.666667
1	4	3	0.333333
2	4	4	0.5
11	2	13	0.846154
3	3	3	1
2	3	2	1
2	5	5	0.4
8	1	12	0.666667
1	4	3	0.333333
5	1	13	0.384615
6	1	10	0.6
3	4	5	0.6
3	4	5	0.6
1	4	2	0.5
11	1	23	0.478261
2	3	3	0.666667
2	5	5	0.4
4	4	7	0.571429
1	4	2	0.5
0	4	4	0
1	5	3	0.333333
7	1	16	0.4375
6	2	6	1
2	1	4	0.5
1	5	2	0.5
6	1	6	1
1	4	3	0.333333
4	2	4	1
2	4	4	0.5
1	3	5	0.2
2	4	5	0.4
3	5	6	0.5
1	4	3	0.333333
0	5	9	0
0	5	0	0
9	5	13	0.692308
4	5	7	0.571429
9	1	22	0.409091
5	5	7	0.714286
18	1	26	0.692308
7	2	19	0.368421
2	5	5	0.4
0	5	1	0
2	5	4	0.5
10	3	13	0.769231
2	5	2	1
2	5	4	0.5
12	1	24	0.5
1	4	2	0.5
5	2	10	0.5
1	4	4	0.25
5	1	8	0.625
18	1	23	0.782609
11	1	16	0.6875
8	3	9	0.888889
8	2	11	0.727273
2	4	3	0.666667
3	4	3	1
8	2	9	0.888889
8	1	10	0.8
9	1	20	0.45
8	1	11	0.727273
0	3	1	0
2	4	3	0.666667
6	3	9	0.666667
6	3	10	0.6
8	5	9	0.888889
3	5	4	0.75
0	4	3	0
8	5	14	0.571429
2	3	5	0.4
9	4	10	0.9
0	5	4	0
14	1	22	0.636364
5	5	7	0.714286
3	3	3	1
9	2	14	0.642857
5	1	9	0.555556
2	3	6	0.333333
16	1	24	0.666667
1	5	6	0.166667
1	5	5	0.2
2	5	7	0.285714
14	1	29	0.482759
27	2	42	0.642857
3	5	6	0.5
5	1	27	0.185185
8	4	9	0.888889
1	4	3	0.333333
0	3	1	0
5	4	8	0.625
2	5	5	0.4
2	5	3	0.666667
2	5	3	0.666667
4	3	5	0.8
1	5	5	0.2
30	2	43	0.697674
0	5	0	0
2	5	3	0.666667
49	1	62	0.790323
0	5	2	0
2	5	5	0.4
11	1	16	0.6875
1	4	1	1
1	3	3	0.333333
2	2	3	0.666667
1	5	6	0.166667
14	1	16	0.875
8	2	10	0.8
3	3	4	0.75
4	2	8	0.5
3	3	6	0.5
0	5	0	0
3	1	13	0.230769
7	5	11	0.636364
4	5	14	0.285714
12	1	21	0.571429
1	3	4	0.25
0	3	5	0
7	3	17	0.411765
2	4	5	0.4
7	3	9	0.777778
1	5	3	0.333333
0	3	2	0
0	3	2	0
10	1	21	0.47619
14	1	17	0.823529
17	1	22	0.772727
15	1	25	0.6
0	5	2	0
2	3	6	0.333333
5	2	8	0.625
2	4	5	0.4
11	1	35	0.314286
8	2	11	0.727273
21	5	32	0.65625
1	1	1	1
10	1	16	0.625
5	4	8	0.625
2	4	6	0.333333
3	4	4	0.75
1	5	3	0.333333
18	1	32	0.5625
6	4	7	0.857143
2	5	7	0.285714
9	1	26	0.346154
3	5	7	0.428571
11	1	31	0.354839
0	4	3	0
8	2	19	0.421053
32	4	43	0.744186
1	5	3	0.333333
1	4	6	0.166667
13	1	18	0.722222
7	1	21	0.333333
4	4	9	0.444444
2	4	4	0.5
1	2	10	0.1
14	2	19	0.736842
1	2	4	0.25
3	5	5	0.6
6	1	18	0.333333
3	4	6	0.5
8	2	10	0.8
3	3	5	0.6
1	5	8	0.125
23	1	29	0.793103
2	3	3	0.666667
9	4	10	0.9
11	1	21	0.52381
5	3	5	1
2	5	6	0.333333
3	5	4	0.75
3	4	7	0.428571
1	5	1	1
3	2	7	0.428571
19	2	33	0.575758
3	5	4	0.75
2	5	4	0.5
1	5	3	0.333333
11	1	19	0.578947
4	2	8	0.5
1	4	4	0.25
3	3	5	0.6
5	2	6	0.833333
0	5	1	0
3	1	9	0.333333
2	1	9	0.222222
4	3	6	0.666667
2	4	3	0.666667
3	4	3	1
0	3	1	0
1	4	2	0.5
1	4	1	1
5	2	5	1
5	4	6	0.833333
2	3	2	1
8	1	15	0.533333
4	5	5	0.8
3	1	17	0.176471
6	2	9	0.666667
4	2	5	0.8
8	1	12	0.666667
8	1	15	0.533333
7	2	21	0.333333
3	5	5	0.6
2	5	3	0.666667
4	1	32	0.125
4	1	25	0.16
5	5	7	0.714286
3	1	8	0.375
5	2	9	0.555556
2	3	7	0.285714
8	1	36	0.222222
1	5	2	0.5
2	1	4	0.5
4	2	8	0.5
3	5	5	0.6
2	2	3	0.666667
8	1	10	0.8
2	5	3	0.666667
2	5	2	1
2	5	4	0.5
9	1	10	0.9
1	4	2	0.5
3	3	4	0.75
3	3	3	1
1	2	2	0.5
4	1	6	0.666667
0	5	2	0
5	1	12	0.416667
19	4	27	0.703704
0	5	4	0
2	5	3	0.666667
6	3	8	0.75
12	1	15	0.8
12	1	21	0.571429
5	4	6	0.833333
2	5	3	0.666667
5	3	6	0.833333
2	3	4	0.5
4	1	7	0.571429
8	5	10	0.8
5	5	10	0.5
3	4	4	0.75
10	1	21	0.47619
8	1	23	0.347826
14	1	23	0.608696
7	1	18	0.388889
5	5	7	0.714286
1	4	2	0.5
16	1	23	0.695652
1	4	1	1
7	3	15	0.466667
4	5	6	0.666667
2	2	5	0.4
2	4	2	1
5	5	8	0.625
2	4	4	0.5
4	1	4	1
16	5	21	0.761905
5	5	7	0.714286
2	4	4	0.5
8	2	10	0.8
13	2	18	0.722222
7	1	13	0.538462
2	5	5	0.4
3	5	6	0.5
3	5	3	1
10	4	12	0.833333
2	5	5	0.4
10	1	13	0.769231
5	5	6	0.833333
26	1	38	0.684211
5	2	8	0.625
0	1	0	0
1	4	6	0.166667
1	5	3	0.333333
3	5	4	0.75
4	2	5	0.8
3	5	4	0.75
4	4	6	0.666667
3	4	6	0.5
3	3	5	0.6
6	3	7	0.857143
6	2	10	0.6
1	5	6	0.166667
3	3	5	0.6
0	5	1	0
8	2	9	0.888889
2	3	6	0.333333
9	3	11	0.818182
6	1	9	0.666667
4	4	4	1
1	5	2	0.5
2	3	4	0.5
1	1	4	0.25
1	5	3	0.333333
2	3	3	0.666667
9	2	11	0.818182
7	2	9	0.777778
0	5	2	0
2	1	4	0.5
23	1	33	0.69697
5	1	8	0.625
0	4	0	0
0	5	0	0
2	1	19	0.105263
0	5	0	0
3	3	7	0.428571
3	3	8	0.375
2	5	3	0.666667
0	3	0	0
8	1	13	0.615385
0	5	2	0
2	3	3	0.666667
2	3	2	1
4	5	6	0.666667
0	5	1	0
1	4	3	0.333333
1	5	1	1
1	1	7	0.142857
1	5	1	1
0	5	0	0
0	5	2	0
0	5	1	0
0	5	1	0
3	4	3	1
0	4	1	0
1	2	4	0.25
9	1	14	0.642857
0	5	1	0
1	3	1	1
2	4	7	0.285714
3	1	8	0.375
0	5	4	0
2	1	10	0.2
0	5	2	0
0	1	1	0
0	5	4	0
3	4	3	1
2	3	4	0.5
2	5	10	0.2
3	2	5	0.6
17	2	25	0.68
2	5	4	0.5
5	5	9	0.555556
0	1	2	0
2	5	6	0.333333
5	4	8	0.625
1	1	4	0.25
1	5	4	0.25
4	5	7	0.571429
5	2	8	0.625
4	5	6	0.666667
4	2	6	0.666667
12	1	24	0.5
2	5	3	0.666667
2	5	3	0.666667
10	1	27	0.37037
4	5	6	0.666667
0	4	5	0
2	5	5	0.4
9	4	10	0.9
7	2	11	0.636364
4	1	9	0.444444
3	5	4	0.75
4	2	10	0.4
12	1	15	0.8
2	4	2	1
1	5	3	0.333333
17	1	22	0.772727
2	5	4	0.5
3	5	4	0.75
4	4	4	1
2	5	4	0.5
2	5	3	0.666667
2	4	3	0.666667
4	4	4	1
2	5	5	0.4
5	2	7	0.714286
5	2	7	0.714286
1	5	2	0.5
0	5	1	0
6	4	7	0.857143
1	5	11	0.0909091
9	2	9	1
2	5	4	0.5
1	5	1	1
2	2	2	1
0	4	0	0
1	4	1	1
2	2	3	0.666667
3	5	5	0.6
2	4	3	0.666667
8	4	10	0.8
1	5	6	0.166667
1	5	2	0.5
2	4	7	0.285714
1	2	5	0.2
2	2	3	0.666667
6	1	7	0.857143
5	2	11	0.454545
5	4	6	0.833333
5	4	7	0.714286
5	5	12	0.416667
2	5	3	0.666667
3	5	4	0.75
0	5	2	0
0	1	7	0
1	5	3	0.333333
7	1	16	0.4375
1	3	2	0.5
4	3	6	0.666667
0	5	2	0
2	2	5	0.4
0	5	1	0
3	5	5	0.6
6	1	11	0.545455
10	5	16	0.625
4	1	9	0.444444
4	5	7	0.571429
6	1	13	0.461538
11	1	18	0.611111
4	1	7	0.571429
7	3	8	0.875
8	1	11	0.727273
0	5	15	0
5	3	6	0.833333
4	5	10	0.4
2	5	4	0.5
13	1	24	0.541667
3	4	6	0.5
5	5	7	0.714286
0	5	0	0
4	3	4	1
14	2	15	0.933333
17	2	43	0.395349
1	4	2	0.5
0	4	17	0
2	5	9	0.222222
0	5	0	0
1	4	1	1
0	3	2	0
1	4	1	1
2	5	4	0.5
7	1	49	0.142857
7	5	19	0.368421
2	5	4	0.5
2	5	10	0.2
4	3	9	0.444444
2	3	6	0.333333
1	4	4	0.25
13	1	22	0.590909
2	5	7	0.285714
5	4	6	0.833333
1	5	4	0.25
1	5	4	0.25
7	1	35	0.2
2	5	6	0.333333
11	1	17	0.647059
1	4	5	0.2
3	4	3	1
0	4	0	0
3	1	36	0.0833333
0	4	3	0
15	1	47	0.319149
3	5	4	0.75
11	1	45	0.244444
7	1	16	0.4375
1	5	3	0.333333
2	5	6	0.333333
1	5	1	1
2	3	12	0.166667
1	5	1	1
24	1	37	0.648649
0	5	0	0
1	5	1	1
2	5	5	0.4
3	5	4	0.75
1	4	2	0.5
5	2	10	0.5
6	1	19	0.315789
1	4	4	0.25
3	4	6	0.5
8	3	10	0.8
12	3	15	0.8
11	1	24	0.458333
1	5	6	0.166667
0	5	7	0
1	5	5	0.2
7	5	10	0.7
6	1	13	0.461538
0	4	4	0
15	3	27	0.555556
0	4	1	0
0	5	4	0
0	5	2	0
2	4	4	0.5
2	2	3	0.666667
1	5	2	0.5
3	3	10	0.3
8	1	19	0.421053
9	2	12	0.75
3	4	4	0.75
0	5	4	0
1	5	4	0.25
11	1	16	0.6875
1	4	2	0.5
1	3	2	0.5
9	1	16	0.5625
3	5	10	0.3
0	5	4	0
1	5	3	0.333333
0	5	1	0
14	1	17	0.823529
0	5	13	0
10	3	16	0.625
7	4	11	0.636364
6	1	47	0.12766
7	5	10	0.7
3	5	5	0.6
2	5	4	0.5
7	5	11	0.636364
3	5	7	0.428571
6	1	19	0.315789
8	1	21	0.380952
2	5	5	0.4
2	5	6	0.333333
15	1	23	0.652174
16	1	37	0.432432
10	2	29	0.344828
4	5	7	0.571429
2	2	9	0.222222
7	5	9	0.777778
3	5	5	0.6
2	5	3	0.666667
4	1	15	0.266667
3	5	6	0.5
1	4	2	0.5
4	5	7	0.571429
2	5	3	0.666667
6	1	17	0.352941
3	1	7	0.428571
8	3	12	0.666667
1	5	2	0.5
9	1	13	0.692308
1	5	1	1
16	1	25	0.64
0	2	5	0
3	2	8	0.375
6	1	17	0.352941
0	3	0	0
3	5	5	0.6
4	2	7	0.571429
2	5	5	0.4
3	5	7	0.428571
1	5	4	0.25
4	1	7	0.571429
2	5	4	0.5
4	3	4	1
2	5	3	0.666667
2	1	20	0.1
7	3	9	0.777778
0	5	0	0
2	5	3	0.666667
0	3	0	0
2	2	6	0.333333
2	5	3	0.666667
1	5	4	0.25
2	5	4	0.5
0	5	3	0
1	5	1	1
1	5	1	1
1	4	1	1
1	5	3	0.333333
1	5	1	1
9	2	10	0.9
4	4	5	0.8
3	2	13	0.230769
7	2	15	0.466667
11	1	14	0.785714
1	5	3	0.333333
1	5	4	0.25
4	3	4	1
11	1	14	0.785714
1	5	2	0.5
2	5	4	0.5
3	4	4	0.75
2	5	4	0.5
5	4	7	0.714286
7	1	12	0.583333
1	5	4	0.25
0	4	2	0
4	2	7	0.571429
0	5	2	0
2	3	3	0.666667
1	5	3	0.333333
7	1	9	0.777778
0	4	4	0
1	5	4	0.25
2	3	4	0.5
3	4	5	0.6
5	1	11	0.454545
2	5	5	0.4
0	5	0	0
1	5	3	0.333333
9	5	13	0.692308
6	3	8	0.75
4	2	7	0.571429
23	3	28	0.821429
2	3	5	0.4
13	1	21	0.619048
4	1	9	0.444444
2	3	6	0.333333
2	4	2	1
2	1	7	0.285714
3	4	7	0.428571
2	4	3	0.666667
1	5	4	0.25
2	5	5	0.4
4	3	6	0.666667
1	5	1	1
1	5	2	0.5
0	5	0	0
4	3	5	0.8
0	4	0	0
2	5	4	0.5
1	4	2	0.5
3	5	5	0.6
1	3	1	1
2	5	3	0.666667
4	1	12	0.333333
0	2	3	0
0	5	1	0
0	3	0	0
0	5	0	0
0	4	2	0
4	2	5	0.8
4	2	5	0.8
0	5	2	0
2	2	2	1
6	3	8	0.75
2	4	3	0.666667
6	1	15	0.4
1	5	3	0.333333
14	1	27	0.518519
1	3	4	0.25
5	5	7	0.714286
2	5	4	0.5
2	5	3	0.666667
1	1	8	0.125
6	1	9	0.666667
0	5	3	0
0	2	3	0
1	5	5	0.2
1	5	3	0.333333
4	2	12	0.333333
1	5	3	0.333333
0	2	2	0
1	5	2	0.5
8	1	15	0.533333
0	5	1	0
38	4	61	0.622951
1	5	1	1
3	5	4	0.75
3	3	6	0.5
4	4	7	0.571429
12	1	36	0.333333
2	5	5	0.4
0	5	4	0
2	1	34	0.0588235
18	1	25	0.72
0	5	5	0
1	5	9	0.111111
2	4	9	0.222222
2	5	2	1
6	2	7	0.857143
20	2	33	0.606061
0	2	0	0
3	2	6	0.5
6	3	8	0.75
1	5	2	0.5
2	5	4	0.5
8	2	11	0.727273
2	5	4	0.5
3	5	6	0.5
15	1	24	0.625
9	1	26	0.346154
9	1	43	0.209302
0	5	0	0
10	3	13	0.769231
18	1	36	0.5
1	5	2	0.5
2	3	5	0.4
7	5	10	0.7
2	4	5	0.4
26	3	31	0.83871
3	1	3	1
2	5	3	0.666667
3	2	5	0.6
8	4	12	0.666667
4	3	7	0.571429
7	2	19	0.368421
8	1	27	0.296296
1	5	3	0.333333
3	3	9	0.333333
4	5	6	0.666667
0	4	0	0
1	4	3	0.333333
2	5	3	0.666667
1	5	3	0.333333
1	1	30	0.0333333
2	5	5	0.4
1	5	1	1
4	5	8	0.5
3	1	14	0.214286
14	1	42	0.333333
5	2	11	0.454545
10	5	19	0.526316
9	1	26	0.346154
1	4	8	0.125
3	5	5	0.6
0	4	0	0
2	5	10	0.2
28	1	38	0.736842
3	2	8	0.375
3	5	4	0.75
8	5	13	0.615385
13	1	45	0.288889
4	5	5	0.8
1	5	3	0.333333
1	5	3	0.333333
12	2	34	0.352941
2	5	13	0.153846
7	2	9	0.777778
6	3	8	0.75
1	4	6	0.166667
0	4	10	0
2	3	5	0.4
2	5	4	0.5
0	5	1	0
0	5	4	0
4	3	11	0.363636
1	4	2	0.5
1	2	11	0.0909091
1	3	1	1
0	4	3	0
7	2	9	0.777778
3	2	6	0.5
11	1	43	0.255814
10	2	17	0.588235
4	3	7	0.571429
6	3	10	0.6
2	3	6	0.333333
0	4	1	0
0	5	5	0
1	5	3	0.333333
1	5	3	0.333333
5	1	12	0.416667
2	5	4	0.5
1	5	5	0.2
1	5	4	0.25
3	3	20	0.15
2	5	3	0.666667
2	5	5	0.4
0	5	4	0
1	5	5	0.2
3	4	3	1
1	4	6	0.166667
0	5	1	0
3	5	5	0.6
0	5	1	0
5	5	7	0.714286
7	1	12	0.583333
3	3	10	0.3
0	5	0	0
8	1	26	0.307692
4	4	4	1
3	1	19	0.157895
27	1	56	0.482143
2	4	5	0.4
2	5	3	0.666667
428	4	502	0.85259
5	2	11	0.454545
3	4	7	0.428571
4	5	5	0.8
1	4	2	0.5
2	3	3	0.666667
1	4	2	0.5
5	5	7	0.714286
0	5	3	0
3	4	3	1
1	5	1	1
2	4	2	1
1	5	6	0.166667
17	2	25	0.68
7	4	13	0.538462
4	5	6	0.666667
3	5	4	0.75
2	1	2	1
1	3	6	0.166667
2	5	3	0.666667
1	5	4	0.25
4	4	4	1
7	3	9	0.777778
1	5	1	1
4	5	5	0.8
7	1	21	0.333333
1	5	2	0.5
1	4	1	1
1	5	3	0.333333
0	5	1	0
9	1	67	0.134328
23	1	68	0.338235
2	1	14	0.142857
5	3	6	0.833333
1	3	2	0.5
0	5	2	0
2	5	3	0.666667
1	5	4	0.25
1	5	2	0.5
2	5	3	0.666667
5	1	7	0.714286
10	2	11	0.909091
0	5	5	0
9	1	15	0.6
2	1	4	0.5
8	2	10	0.8
6	1	8	0.75
3	3	5	0.6
0	5	2	0
40	1	50	0.8
1	2	6	0.166667
1	4	2	0.5
0	5	0	0
8	1	12	0.666667
1	5	2	0.5
3	5	4	0.75
0	3	2	0
2	5	3	0.666667
3	2	3	1
2	3	2	1
0	5	0	0
1	5	2	0.5
1	5	2	0.5
12	1	14	0.857143
2	2	2	1
6	2	15	0.4
9	4	11	0.818182
1	5	5	0.2
3	3	16	0.1875
1	4	3	0.333333
1	5	4	0.25
5	4	6	0.833333
2	5	3	0.666667
0	5	0	0
1	5	1	1
7	2	8	0.875
1	3	1	1
0	4	0	0
0	5	0	0
0	5	0	0
2	2	4	0.5
1	3	3	0.333333
0	5	0	0
2	5	4	0.5
1	4	1	1
12	5	17	0.705882
5	2	5	1
0	5	14	0
258	5	319	0.808777
0	3	0	0
2	4	4	0.5
7	1	33	0.212121
14	1	18	0.777778
6	1	45	0.133333
3	5	5	0.6
2	5	5	0.4
1	5	3	0.333333
8	2	22	0.363636
0	5	3	0
1	4	9	0.111111
0	5	3	0
1	5	2	0.5
7	3	13	0.538462
1	5	2	0.5
9	1	18	0.5
2	5	4	0.5
2	3	2	1
1	1	3	0.333333
8	3	10	0.8
8	4	10	0.8
13	1	28	0.464286
0	5	2	0
15	1	20	0.75
0	5	2	0
9	1	11	0.818182
13	1	53	0.245283
2	5	6	0.333333
1	5	3	0.333333
188	1	312	0.602564
1	5	4	0.25
47	1	59	0.79661
1	5	1	1
6	1	8	0.75
5	3	7	0.714286
0	5	2	0
1	4	7	0.142857
23	1	28	0.821429
9	1	14	0.642857
20	1	28	0.714286
12	1	15	0.8
1	5	3	0.333333
14	5	18	0.777778
6	2	8	0.75
1	4	5	0.2
8	1	16	0.5
12	1	20	0.6
8	1	35	0.228571
19	2	34	0.558824
12	2	16	0.75
4	2	7	0.571429
1	4	5	0.2
1	5	9	0.111111
0	5	5	0
12	2	15	0.8
2	5	7	0.285714
0	5	5	0
1	3	4	0.25
1	5	3	0.333333
5	3	9	0.555556
2	4	10	0.2
6	1	33	0.181818
11	1	24	0.458333
48	5	65	0.738462
0	5	2	0
13	1	21	0.619048
1	5	4	0.25
9	3	9	1
5	4	6	0.833333
18	1	22	0.818182
21	1	29	0.724138
0	4	5	0
38	2	46	0.826087
0	5	6	0
1	5	12	0.0833333
5	3	7	0.714286
6	2	9	0.666667
3	3	3	1
0	5	4	0
1	5	6	0.166667
9	2	10	0.9
0	5	4	0
7	1	10	0.7
0	5	1	0
33	1	45	0.733333
3	5	4	0.75
7	4	9	0.777778
0	3	0	0
5	2	6	0.833333
1	4	1	1
9	1	33	0.272727
5	5	7	0.714286
2	1	10	0.2
3	1	19	0.157895
0	5	3	0
0	5	1	0
0	4	3	0
1	5	2	0.5
0	5	5	0
1	3	4	0.25
0	5	0	0
17	1	21	0.809524
1	5	7	0.142857
0	5	2	0
2	5	3	0.666667
0	3	15	0
0	5	0	0
8	1	19	0.421053
0	5	1	0
0	4	0	0
3	3	7	0.428571
5	2	7	0.714286
6	1	7	0.857143
2	5	3	0.666667
3	3	4	0.75
0	5	5	0
0	5	1	0
0	5	2	0
3	2	3	1
75	1	96	0.78125
9	5	12	0.75
0	5	1	0
3	2	3	1
0	5	0	0
0	5	0	0
8	2	11	0.727273
9	1	50	0.18
4	1	18	0.222222
1	4	3	0.333333
3	1	6	0.5
38	2	49	0.77551
0	5	3	0
0	5	0	0
10	1	19	0.526316
2	4	3	0.666667
1	5	2	0.5
4	2	6	0.666667
10	2	19	0.526316
9	1	27	0.333333
1	3	2	0.5
0	5	0	0
5	3	7	0.714286
0	5	0	0
3	3	3	1
3	3	3	1
7	3	11	0.636364
0	5	1	0
5	4	6	0.833333
1	5	4	0.25
1	3	1	1
17	3	20	0.85
5	1	25	0.2
4	3	5	0.8
1	5	1	1
0	5	4	0
1	5	2	0.5
0	5	2	0
0	5	0	0
2	5	4	0.5
1	5	5	0.2
0	5	1	0
0	5	1	0
0	5	0	0
2	4	3	0.666667
1	4	1	1
5	5	7	0.714286
1	4	3	0.333333
1	5	2	0.5
0	5	0	0
0	4	2	0
2	5	4	0.5
0	5	1	0
1	5	3	0.333333
5	2	6	0.833333
6	1	25	0.24
1	5	1	1
2	3	3	0.666667
2	1	4	0.5
1	5	3	0.333333
3	2	4	0.75
6	1	12	0.5
12	3	14	0.857143
0	5	0	0
1	5	2	0.5
4	1	6	0.666667
9	1	13	0.692308
1	3	1	1
0	5	1	0
5	1	6	0.833333
0	5	0	0
3	2	4	0.75
0	3	0	0
0	3	0	0
22	1	26	0.846154
0	5	0	0
3	2	3	1
0	5	0	0
7	1	9	0.777778
0	5	1	0
0	5	0	0
2	2	2	1
2	3	2	1
0	5	0	0
0	4	1	0
0	4	0	0
4	1	5	0.8
1	2	1	1
0	5	0	0
0	5	2	0
0	5	0	0
0	4	0	0
0	5	0	0
0	5	1	0
0	5	1	0
0	1	1	0
0	4	0	0
4	1	5	0.8
6	1	8	0.75
0	5	1	0
0	5	1	0
0	4	1	0
0	5	1	0
3	1	4	0.75
83	1	108	0.768519
0	5	0	0
0	5	0	0
0	5	1	0
0	5	0	0
0	4	1	0
2	4	4	0.5
4	2	4	1
4	5	7	0.571429
0	4	1	0
1	1	4	0.25
0	4	1	0
0	4	0	0
0	3	1	0
0	5	0	0
0	5	0	0
0	5	1	0
0	5	0	0
0	5	1	0
2	2	2	1
0	1	1	0
1	1	7	0.142857
0	5	0	0
5	1	6	0.833333
0	4	0	0
0	5	1	0
8	1	9	0.888889
0	5	1	0
0	5	0	0
4	1	6	0.666667
2	4	2	1
0	3	0	0
0	4	0	0
19	1	23	0.826087
0	4	0	0
0	5	0	0
0	3	0	0
0	5	0	0
0	3	1	0
1	3	2	0.5
0	3	1	0
0	1	1	0
0	4	1	0
0	1	0	0
0	4	0	0
0	5	0	0
2	1	3	0.666667
6	2	14	0.428571
0	5	1	0
0	5	1	0
34	5	45	0.755556
0	4	0	0
4	3	9	0.444444
26	2	156	0.166667
1	2	2	0.5
1	1	2	0.5
56	2	72	0.777778
2	5	11	0.181818
66	1	85	0.776471
3	5	11	0.272727
2	5	15	0.133333
4	5	11	0.363636
1	5	1	1
5	5	12	0.416667
1	5	2	0.5
3	4	8	0.375
3	5	8	0.375
2	5	3	0.666667
1	5	2	0.5
0	4	0	0
3	5	5	0.6
1	5	2	0.5
1	3	1	1
2	1	15	0.133333
4	3	5	0.8
3	1	9	0.333333
1	5	2	0.5
0	5	3	0
1	3	3	0.333333
1	5	2	0.5
2	3	2	1
2	5	10	0.2
4	4	4	1
9	5	13	0.692308
4	4	6	0.666667
3	3	10	0.3
1	5	3	0.333333
12	5	18	0.666667
0	5	3	0
0	5	7	0
7	1	13	0.538462
10	1	18	0.555556
5	4	6	0.833333
4	4	5	0.8
0	5	7	0
1	5	5	0.2
3	3	3	1
2	4	7	0.285714
12	1	25	0.48
0	5	4	0
0	5	4	0
3	1	10	0.3
1	5	3	0.333333
2	3	3	0.666667
2	5	9	0.222222
0	5	6	0
4	5	13	0.307692
0	5	4	0
0	4	6	0
0	5	4	0
0	4	0	0
0	5	3	0
0	5	4	0
8	1	12	0.666667
0	4	0	0
8	1	10	0.8
4	1	8	0.5
2	5	5	0.4
1	4	4	0.25
1	4	1	1
1	4	5	0.2
23	1	82	0.280488
0	4	1	0
0	5	4	0
2	3	3	0.666667
1	3	3	0.333333
4	5	6	0.666667
5	2	6	0.833333
5	2	6	0.833333
3	5	6	0.5
1	5	2	0.5
0	5	5	0
0	5	6	0
2	2	7	0.285714
8	1	13	0.615385
3	3	4	0.75
0	5	2	0
0	3	4	0
0	5	4	0
1	5	3	0.333333
0	3	4	0
0	5	2	0
5	4	6	0.833333
1	4	4	0.25
8	4	12	0.666667
7	2	8	0.875
0	5	15	0
8	1	74	0.108108
2	4	3	0.666667
1	4	2	0.5
8	1	11	0.727273
1	5	3	0.333333
2	5	4	0.5
0	5	3	0
2	3	2	1
13	2	15	0.866667
0	5	4	0
4	3	6	0.666667
9	1	10	0.9
2	3	3	0.666667
1	5	1	1
1	5	3	0.333333
10	2	21	0.47619
8	2	10	0.8
1	5	3	0.333333
6	5	8	0.75
3	2	11	0.272727
0	5	3	0
4	1	10	0.4
2	5	3	0.666667
1	2	3	0.333333
2	3	4	0.5
0	4	0	0
4	2	4	1
0	5	1	0
0	5	1	0
10	3	11	0.909091
3	3	6	0.5
6	4	13	0.461538
0	5	2	0
0	5	2	0
0	5	2	0
0	4	2	0
2	5	5	0.4
0	5	1	0
0	5	2	0
0	5	1	0
0	5	2	0
1	4	1	1
7	2	9	0.777778
0	5	2	0
0	5	1	0
1	1	4	0.25
1	3	1	1
0	5	1	0
0	3	0	0
1	5	1	1
9	3	19	0.473684
0	5	1	0
0	2	0	0
0	5	0	0
2	2	3	0.666667
1	1	1	1
0	2	0	0
0	5	1	0
6	5	9	0.666667
11	1	23	0.478261
4	5	6	0.666667
6	2	9	0.666667
7	5	9	0.777778
3	5	5	0.6
20	2	33	0.606061
3	5	4	0.75
4	4	6	0.666667
2	5	3	0.666667
4	1	6	0.666667
4	5	6	0.666667
6	2	8	0.75
1	5	2	0.5
4	2	7	0.571429
1	5	2	0.5
8	5	11	0.727273
2	5	5	0.4
0	5	1	0
3	5	9	0.333333
5	2	18	0.277778
0	4	1	0
0	4	1	0
2	2	3	0.666667
2	5	5	0.4
0	3	1	0
0	5	0	0
2	3	4	0.5
0	5	1	0
4	2	9	0.444444
5	5	15	0.333333
1	5	2	0.5
0	5	0	0
1	3	1	1
0	5	0	0
4	1	6	0.666667
0	5	1	0
0	5	4	0
0	5	0	0
2	2	2	1
0	5	3	0
0	5	1	0
0	5	0	0
0	5	1	0
5	5	8	0.625
0	5	0	0
0	4	0	0
0	5	0	0
18	1	23	0.782609
0	5	1	0
10	1	18	0.555556
1	1	2	0.5
0	5	0	0
2	4	3	0.666667
0	5	2	0
0	5	0	0
0	5	1	0
1	1	2	0.5
3	1	5	0.6
3	2	4	0.75
4	1	8	0.5
0	3	0	0
1	5	2	0.5
5	2	7	0.714286
0	5	1	0
0	5	2	0
1	5	3	0.333333
1	5	4	0.25
0	3	2	0
0	5	0	0
3	5	3	1
0	5	0	0
0	4	0	0
3	4	4	0.75
0	5	0	0
1	4	1	1
0	2	1	0
0	5	0	0
0	5	1	0
0	5	0	0
2	4	3	0.666667
5	3	7	0.714286
2	3	2	1
0	4	0	0
0	4	0	0
1	5	2	0.5
0	3	1	0
1	5	1	1
1	4	2	0.5
1	5	1	1
0	5	1	0
0	2	2	0
1	5	1	1
0	5	0	0
0	5	0	0
0	5	2	0
0	4	0	0
0	1	1	0
0	5	0	0
0	4	0	0
0	2	1	0
0	5	0	0
0	5	0	0
0	4	1	0
0	5	0	0
0	5	0	0
0	5	1	0
0	4	1	0
0	5	1	0
0	3	0	0
1	3	1	1
0	5	1	0
0	5	0	0
1	4	1	1
0	3	0	0
0	5	0	0
0	3	0	0
0	5	1	0
0	5	0	0
4	1	5	0.8
0	5	1	0
1	1	1	1
0	5	1	0
0	5	0	0
0	4	0	0
0	5	0	0
0	5	1	0
0	5	0	0
0	4	0	0
0	4	0	0
0	5	1	0
12	5	22	0.545455
0	3	0	0
2	2	2	1
0	3	0	0
15	1	65	0.230769
26	5	42	0.619048
0	5	0	0
25	1	38	0.657895
0	5	1	0
0	1	0	0
10	5	12	0.833333
24	5	32	0.75
0	3	0	0
0	5	0	0
2968	5	4025	0.737391
0	5	0	0
14	1	37	0.378378
28	5	76	0.368421
98	5	166	0.590361
76	3	116	0.655172
4	5	6	0.666667
5	3	7	0.714286
13	3	15	0.866667
2	5	10	0.2
1	5	2	0.5
1	4	1	1
5	2	11	0.454545
0	5	2	0
8	1	13	0.615385
1	5	2	0.5
0	5	5	0
1	4	2	0.5
65	3	174	0.373563
1	5	5	0.2
1	4	1	1
0	5	0	0
3	4	4	0.75
1	4	1	1
3	5	4	0.75
50	5	72	0.694444
5	3	6	0.833333
3	5	4	0.75
1	5	4	0.25
14	3	23	0.608696
15	5	19	0.789474
12	3	14	0.857143
3	5	9	0.333333
2	5	4	0.5
3	5	4	0.75
3	3	5	0.6
0	5	1	0
1	5	1	1
0	5	2	0
0	5	1	0
1	5	3	0.333333
8	5	10	0.8
0	5	1	0
3	5	3	1
2	5	3	0.666667
0	5	0	0
1	5	4	0.25
0	5	0	0
0	5	0	0
0	5	0	0
0	4	0	0
10	4	12	0.833333
0	3	3	0
0	3	3	0
5	1	11	0.454545
11	5	21	0.52381
4	5	5	0.8
0	3	1	0
0	5	1	0
0	5	1	0
0	5	1	0
1	3	1	1
0	5	2	0
6	3	18	0.333333
5	1	10	0.5
0	5	0	0
1	5	4	0.25
1	5	1	1
16	3	20	0.8
0	3	0	0
7	1	17	0.411765
1	5	4	0.25
5	5	6	0.833333
0	5	3	0
1	5	1	1
0	5	1	0
0	5	0	0
0	5	0	0
0	2	3	0
0	5	0	0
1	5	1	1
8	1	12	0.666667
0	5	3	0
0	5	1	0
1	5	1	1
2	4	5	0.4
11	5	16	0.6875
2	2	7	0.285714
0	5	1	0
30	5	40	0.75
1	5	3	0.333333
9	5	10	0.9
11	5	19	0.578947
3	2	19	0.157895
62	3	83	0.746988
8	5	11	0.727273
3	5	4	0.75
0	2	0	0
16	1	23	0.695652
7	5	10	0.7
16	4	21	0.761905
2	5	3	0.666667
0	3	8	0
1	4	3	0.333333
3	5	5	0.6
2	2	7	0.285714
2	4	3	0.666667
2	5	4	0.5
2	5	2	1
2	5	4	0.5
2	5	3	0.666667
0	5	1	0
14	5	36	0.388889
0	1	5	0
0	4	0	0
14	1	46	0.304348
2	3	4	0.5
0	3	1	0
4	1	5	0.8
0	5	0	0
1	5	1	1
1	4	1	1
11	1	27	0.407407
1	4	1	1
1	3	1	1
21	1	36	0.583333
0	5	1	0
0	5	0	0
0	3	0	0
0	4	0	0
0	4	1	0
8	5	11	0.727273
0	3	0	0
0	5	0	0
1	4	2	0.5
8	5	11	0.727273
3	1	3	1
4	1	7	0.571429
2	2	2	1
2	4	3	0.666667
0	5	1	0
3	5	7	0.428571
3	4	5	0.6
9	1	37	0.243243
4	5	6	0.666667
11	5	16	0.6875
4	4	6	0.666667
2	5	4	0.5
2	3	16	0.125
13	5	19	0.684211
37	2	75	0.493333
11	5	14	0.785714
18	4	26	0.692308
9	2	13	0.692308
15	1	29	0.517241
1	5	3	0.333333
18	1	23	0.782609
7	4	9	0.777778
3	5	5	0.6
0	2	6	0
5	5	11	0.454545
3	3	10	0.3
0	3	0	0
1	3	1	1
2	3	2	1
4	4	5	0.8
2	4	3	0.666667
8	4	10	0.8
1	5	2	0.5
3	4	4	0.75
3	5	4	0.75
0	5	1	0
1	3	1	1
3	3	3	1
0	2	2	0
9	1	19	0.473684
0	5	0	0
2	5	3	0.666667
4	5	5	0.8
7	3	33	0.212121
38	1	174	0.218391
1	5	1	1
36	1	77	0.467532
0	5	1	0
20	5	25	0.8
14	5	27	0.518519
3	5	4	0.75
5	5	7	0.714286
3	5	4	0.75
2	3	3	0.666667
3	5	4	0.75
318	5	400	0.795
3	5	4	0.75
2	5	5	0.4
9	3	10	0.9
2	5	3	0.666667
1	4	1	1
9	1	20	0.45
3	3	4	0.75
0	4	0	0
2	4	2	1
31	1	63	0.492063
3	3	3	1
10	5	13	0.769231
1	5	3	0.333333
10	5	13	0.769231
7	5	10	0.7
4	4	6	0.666667
1	5	5	0.2
4	5	5	0.8
33	5	44	0.75
2	4	6	0.333333
3	5	5	0.6
1	5	1	1
7	3	10	0.7
1	5	4	0.25
4	3	4	1
11	3	11	1
1	5	4	0.25
1	5	3	0.333333
6	5	10	0.6
10	2	21	0.47619
169	4	236	0.716102
0	4	1	0
8	2	19	0.421053
5	5	7	0.714286
2	4	4	0.5
1	5	2	0.5
0	4	3	0
7	2	8	0.875
3	4	3	1
4	5	5	0.8
1	5	2	0.5
8	3	8	1
9	4	11	0.818182
10	2	13	0.769231
0	5	0	0
42	5	56	0.75
4	5	6	0.666667
0	5	0	0
0	5	2	0
0	4	3	0
2	5	3	0.666667
0	5	2	0
7	5	11	0.636364
0	5	2	0
1	5	2	0.5
13	5	16	0.8125
31	5	41	0.756098
1	5	1	1
1	5	2	0.5
0	5	1	0
7	2	12	0.583333
2	4	5	0.4
2	5	3	0.666667
6	1	53	0.113208
0	4	0	0
4	3	4	1
0	5	0	0
0	5	0	0
0	5	3	0
1	5	3	0.333333
26	1	48	0.541667
0	5	0	0
1	3	13	0.0769231
1	5	2	0.5
1	5	1	1
0	5	1	0
9	3	10	0.9
1	5	1	1
4	5	5	0.8
0	5	2	0
0	5	1	0
1	5	2	0.5
0	4	2	0
0	5	2	0
4	5	6	0.666667
5	5	6	0.833333
1	5	2	0.5
16	5	22	0.727273
2	4	4	0.5
32	5	44	0.727273
1	5	6	0.166667
0	5	1	0
2	5	5	0.4
20	1	47	0.425532
1	4	3	0.333333
26	1	46	0.565217
1	5	4	0.25
4	5	10	0.4
0	5	4	0
5	2	10	0.5
18	5	27	0.666667
255	1	432	0.590278
14	5	20	0.7
2	2	4	0.5
3	5	8	0.375
2	5	4	0.5
5	5	10	0.5
6	5	16	0.375
14	1	113	0.123894
26	5	35	0.742857
1	5	9	0.111111
1	5	7	0.142857
17	2	30	0.566667
6	5	11	0.545455
6	4	10	0.6
2	5	14	0.142857
16	5	22	0.727273
1	5	6	0.166667
1	5	8	0.125
49	5	72	0.680556
