2 4
0 4
1 3
0 5
0 4
0 5
0 4
0 5
0 4
1 5
2 5
0 5
0 5
0 5
0 5
0 5
0 4
0 5
0 5
1 5
1 4
1 5
1 5
0 5
0 5
0 4
1 4
7 1
1 3
1 5
2 5
2 5
0 4
0 5
3 3
1 5
2 3
0 5
1 5
0 5
0 5
0 5
1 3
8 1
4 2
0 4
0 5
0 5
0 5
0 5
1 4
0 5
0 5
0 5
0 5
0 5
1 5
0 5
1 4
7 2
0 4
0 5
0 3
0 5
0 4
1 3
1 5
0 5
1 4
0 4
0 5
3 5
0 4
0 5
1 2
1 3
0 5
1 5
2 5
0 5
0 5
1 5
0 5
1 4
0 5
0 5
1 4
1 5
0 5
1 5
1 5
1 5
1 5
0 5
11 1
3 2
1 4
14 1
0 3
0 4
1 4
0 5
11 1
0 5
0 5
0 5
0 4
0 2
0 4
13 1
2 5
1 3
2 5
1 5
13 1
1 5
2 5
0 5
14 1
1 4
65 1
1 4
0 5
0 3
0 5
0 4
1 5
2 5
1 5
1 5
10 1
1 5
1 3
0 5
1 5
0 5
1 5
1 4
0 5
0 5
1 4
0 4
2 2
2 2
0 4
0 5
0 5
1 4
1 2
1 5
0 5
0 5
1 3
0 5
0 5
0 4
0 5
1 4
0 5
1 5
0 5
0 5
0 5
0 5
0 5
0 4
0 5
0 4
0 5
0 5
6 1
1 5
0 4
0 4
1 5
1 5
0 5
0 5
1 5
1 5
0 5
5 1
0 5
1 1
4 1
1 4
2 4
1 4
1 4
2 4
0 5
0 4
0 5
0 5
0 5
7 1
0 5
0 5
1 5
0 5
1 5
0 5
1 5
1 4
0 4
1 5
0 4
0 5
0 5
4 2
1 2
1 5
0 5
0 5
2 5
0 3
1 5
2 5
0 5
0 5
0 5
7 1
4 2
1 5
0 4
0 4
1 5
1 4
1 5
0 5
0 5
0 5
0 5
0 5
0 4
1 4
0 4
1 4
2 4
1 5
0 4
0 5
3 5
0 4
1 5
0 5
11 1
2 5
0 5
1 5
2 5
0 5
2 2
0 5
0 4
0 5
0 4
0 5
0 5
15 1
0 3
0 5
1 5
0 5
1 5
0 4
0 5
0 5
0 5
0 5
1 5
0 5
1 5
0 5
2 4
0 5
0 4
0 4
0 5
0 4
2 5
0 5
0 5
0 5
0 5
0 4
0 5
0 4
0 5
0 4
1 5
1 5
1 5
0 4
1 3
0 5
0 5
1 5
1 5
6 1
0 3
3 2
0 5
0 5
0 5
0 4
0 5
0 5
0 5
4 1
0 5
0 5
2 4
1 5
0 3
0 5
0 5
0 5
1 5
1 2
1 4
1 4
0 4
0 5
0 5
0 4
0 5
0 4
0 5
0 5
0 5
0 5
0 5
0 5
1 5
1 5
3 5
2 3
0 4
1 4
0 5
2 5
1 5
1 5
0 5
0 4
1 5
0 5
0 5
0 5
5 2
0 5
0 5
0 5
2 5
0 4
0 5
0 5
0 5
1 4
2 5
11 4
1 5
1 5
1 5
3 5
1 5
0 4
1 4
1 4
0 5
0 4
4 5
0 4
1 5
0 5
0 5
0 5
2 4
0 4
0 5
0 4
0 5
0 5
0 4
0 4
1 2
0 4
0 4
1 5
3 3
0 5
1 3
2 5
0 4
0 5
1 2
0 5
0 5
1 5
0 4
0 5
0 5
0 5
0 4
0 4
1 5
1 5
9 3
1 4
0 5
0 5
2 5
0 5
1 5
0 5
3 4
1 4
1 5
0 5
0 3
1 5
6 5
0 5
2 2
1 5
0 4
1 4
5 5
1 5
2 3
1 3
0 5
1 4
0 5
0 4
15 3
1 4
2 5
1 3
0 5
0 5
0 5
0 4
0 5
0 5
6 5
0 4
0 5
0 5
6 5
1 4
1 5
0 4
0 5
8 4
1 5
0 5
1 4
4 1
1 5
42 5
0 5
0 5
0 5
0 5
20 1
1 5
0 5
0 3
1 5
0 4
3 5
3 5
0 5
11 5
1 5
0 5
5 1
0 4
0 5
1 5
0 3
0 5
0 4
1 3
0 4
0 4
1 4
1 5
1 3
3 5
0 5
2 2
3 2
0 5
1 2
2 5
4 5
1 3
1 2
1 3
0 4
0 4
2 4
1 5
1 5
1 4
0 5
1 5
0 5
0 5
3 2
0 4
1 5
2 5
11 5
5 4
0 5
1 5
1 4
0 5
0 5
0 5
9 5
2 4
0 5
2 3
0 5
2 3
0 4
1 5
4 5
0 5
0 3
0 5
0 5
1 4
0 5
0 5
0 5
0 5
0 5
0 4
0 4
1 4
0 5
5 1
7 5
15 4
3 4
5 4
0 5
0 5
0 5
0 5
1 5
0 5
2 3
0 5
0 5
1 4
0 5
6 4
1 4
0 4
0 5
0 5
0 4
0 4
2 4
0 5
0 4
2 4
0 5
11 1
0 5
1 5
0 5
101 5
7 5
3 3
0 5
2 5
2 5
0 5
15 5
7 3
1 5
0 4
2 5
1 5
1 5
1 5
0 5
3 5
1 5
0 4
13 5
1 5
8 5
0 5
2 5
4 5
1 5
0 4
2 5
3 4
1 5
9 5
2 4
2 5
0 5
8 5
3 2
