2 5
0 5
10 3
30 3
0 3
8 5
4 5
60 3
0 5
29 1
0 4
88 1
108 1
12 4
17 4
10 5
31 3
6 5
3 5
5 4
37 5
19 3
0 3
13 5
8 5
23 5
35 3
11 3
3 4
41 3
30 4
17 5
23 5
194 2
6 5
4 4
11 4
28 5
14 3
38 3
3 4
9 5
64 1
16 4
19 4
89 1
24 5
15 5
26 4
8 5
132 1
12 4
1122 2
27 3
9 5
16 3
13 4
85 1
49 1
18 4
1 1
8 3
9 3
81 4
127 2
26 4
5 3
35 4
26 5
50 3
61 2
8 4
9 3
81 1
22 1
25 3
12 3
26 1
51 1
19 5
13 5
5 5
7 5
6 4
13 3
63 1
4 5
48 1
5 5
18 2
17 2
5 5
24 5
7 4
10 5
10 5
3 5
4 5
1 5
7 4
18 5
5 5
33 1
9 2
8 3
29 1
3 4
2 4
32 1
38 1
47 1
29 1
3 3
3 5
2 5
14 1
5 5
4 5
5 5
6 3
7 4
6 5
1 4
12 4
4 5
15 2
31 1
4 5
59 1
5 3
10 2
2 5
5 3
19 1
4 3
5 2
3 5
4 3
8 3
10 2
4 3
60 1
2 5
27 1
16 2
7 3
2 5
8 3
6 3
15 2
5 5
7 3
1 4
3 2
1 4
3 4
35 1
2 5
2 5
37 1
5 3
1 5
208 2
5 3
37 1
5 5
47 1
1 4
27 1
2 5
2 5
6 3
2 5
3 5
1 5
15 1
2 4
2 5
3 5
5 5
14 1
8 5
3 4
7 3
30 1
2 4
23 2
7 2
7 5
6 4
31 1
16 1
3 5
32 1
1 5
17 1
1 5
1 5
5 2
6 2
26 1
14 1
4 4
4 5
1 5
1 5
6 3
2 5
4 5
2 5
9 3
1 5
17 1
26 1
1 5
1 5
9 2
3 4
6 3
1 4
1 4
3 5
20 1
15 1
51 1
8 2
11 2
11 2
37 1
1 5
3 4
2 3
4 2
1 3
1 4
1 5
2 5
3 5
36 1
6 2
5 3
1 4
19 1
1 4
105 1
2 5
1 4
2 5
2 2
4 3
4 4
30 1
17 2
15 1
36 3
16 1
7 1
2 4
21 1
2 5
1 4
10 1
1 5
7 2
0 4
4 2
4 5
1 5
3 5
13 1
18 1
1 4
1 5
6 1
3 5
3 3
4 3
23 1
8 3
12 1
2 2
14 1
33 1
2 5
3 3
3 5
2 4
2 5
10 1
18 1
1 5
4 5
1 4
78 1
11 1
1 5
5 5
1 5
21 1
2 3
7 2
24 1
7 2
1 4
3 5
0 3
5 3
6 3
4 5
2 3
11 1
7 1
6 3
1 5
7 4
16 1
7 5
10 2
1 4
3 4
12 2
17 2
1 5
25 1
16 1
2 5
2 5
3 4
0 3
9 1
19 1
16 1
11 2
9 5
9 3
3 5
22 1
2 5
5 3
7 2
12 1
5 2
2 3
2 5
10 2
35 1
3 5
34 1
7 2
4 5
0 3
3 3
4 5
9 1
20 1
15 1
1 3
1 4
18 1
11 4
17 1
1 5
3 5
8 5
1 5
1 3
26 1
10 1
8 3
3 5
1 5
1 5
25 5
14 1
6 2
2 5
5 3
0 5
20 1
5 5
5 2
210 1
7 1
22 1
12 1
12 1
3 5
3 5
10 1
6 2
13 5
1 5
4 3
4 4
19 1
1 3
3 2
7 2
2 5
4 1
1 3
1 3
5 2
7 1
12 1
14 1
0 2
2 5
2 1
5 1
3 5
6 5
3 5
3 3
4 5
2 5
4 2
2 5
11 1
6 5
2 3
14 1
6 1
2 2
2 4
1 5
2 4
12 1
2 5
12 1
3 5
8 2
2 5
2 2
2 3
3 5
1 4
3 5
2 5
2 5
15 2
2 5
1 3
2 5
3 5
4 5
5 2
3 1
1 5
1 5
3 4
5 1
2 5
0 2
4 3
2 4
3 1
2 5
0 4
12 1
1 4
0 5
12 1
12 2
0 5
0 4
8 1
3 5
1 4
1 4
12 1
1 5
6 1
10 1
5 5
0 5
2 5
1 4
1 4
18 1
1 3
45 1
2 3
9 1
4 5
0 5
12 1
3 5
15 1
2 4
14 1
3 3
17 1
4 2
2 4
2 3
0 4
8 2
2 3
1 5
9 1
2 5
9 1
12 1
1 5
1 4
0 5
20 1
2 5
2 5
0 5
12 1
3 2
3 3
7 2
1 5
9 1
2 5
21 1
1 3
10 1
1 5
10 1
0 2
10 3
1 5
11 1
13 1
1 5
0 5
3 5
1 4
4 5
5 1
6 2
3 3
2 2
1 5
19 1
1 5
1 4
1 5
10 2
1 4
2 5
26 4
2 3
1 5
1 5
1 3
3 3
3 5
13 1
3 5
2 5
12 1
0 4
3 5
4 1
2 5
2 4
8 1
0 4
6 3
0 5
0 4
4 3
1 5
2 4
0 4
13 1
7 2
1 5
3 2
0 2
0 5
2 3
3 4
10 2
13 1
0 4
7 1
0 5
1 5
0 5
1 5
0 5
1 4
0 5
2 3
12 1
1 5
10 1
23 1
2 2
3 4
2 5
10 1
11 1
0 4
1 3
0 5
17 1
0 5
2 5
1 5
3 2
2 3
1 5
8 2
5 2
0 3
5 1
6 1
0 5
1 5
1 5
1 4
4 2
10 2
5 1
9 1
2 5
7 2
0 3
3 2
4 1
0 3
1 2
1 4
2 5
15 1
2 2
5 1
0 5
0 5
2 5
6 2
1 4
6 1
1 4
2 5
10 5
2 5
7 2
19 1
9 1
2 4
5 1
4 5
2 5
3 1
3 5
0 5
4 1
26 1
6 2
9 1
5 1
2 3
1 4
0 3
5 3
7 2
3 4
1 3
4 2
0 5
7 5
2 4
14 1
11 2
6 1
0 5
0 3
9 1
0 2
8 1
1 5
1 4
10 2
5 2
1 5
1 5
8 1
1 5
0 5
1 5
3 3
2 5
1 1
0 3
1 1
1 5
9 1
4 1
5 2
0 3
1 5
0 2
1 5
1 4
1 5
1 5
1 5
1 5
2 3
1 2
2 4
4 5
15 2
4 5
2 5
2 5
10 1
3 5
2 4
4 1
10 2
1 4
3 4
4 1
0 2
6 3
0 4
5 3
10 1
3 3
5 1
3 1
2 3
2 5
0 5
4 4
4 3
9 1
7 4
0 5
20 2
2 3
0 5
1 1
0 4
0 5
1 4
1 5
0 5
2 3
1 5
7 1
0 4
1 2
0 5
3 3
2 5
0 4
7 3
3 5
1 4
2 5
6 4
3 5
0 4
8 1
7 1
2 2
9 1
2 2
2 2
2 5
0 3
7 1
2 3
6 3
2 5
5 3
1 5
6 1
3 5
0 5
4 3
21 1
0 5
16 1
7 1
1 4
1 5
3 3
3 3
1 5
5 4
1 4
4 2
9 4
1 5
1 5
3 5
1 5
18 1
0 5
6 2
4 5
8 5
5 1
7 3
3 2
2 5
3 3
13 1
2 5
1 3
0 5
0 5
1 5
4 5
13 2
7 3
2 5
2 5
2 5
2 4
1 4
7 1
1 5
16 1
1 5
1 4
2 5
1 4
2 4
11 2
3 3
2 3
2 5
8 1
1 4
5 1
6 1
3 4
3 4
1 4
11 1
2 3
2 5
4 4
1 4
0 4
1 5
7 1
6 2
2 1
1 5
6 1
1 4
4 2
2 4
1 3
2 4
3 5
1 4
0 5
0 5
9 5
4 5
9 1
5 5
18 1
7 2
2 5
0 5
2 5
10 3
2 5
2 5
12 1
1 4
5 2
1 4
5 1
18 1
11 1
8 3
8 2
2 4
3 4
8 2
8 1
9 1
8 1
0 3
2 4
6 3
6 3
8 5
3 5
0 4
8 5
2 3
9 4
0 5
14 1
5 5
3 3
9 2
5 1
2 3
16 1
1 5
1 5
2 5
14 1
27 2
3 5
5 1
8 4
1 4
0 3
5 4
2 5
2 5
2 5
4 3
1 5
30 2
0 5
2 5
49 1
0 5
2 5
11 1
1 4
1 3
2 2
1 5
14 1
8 2
3 3
4 2
3 3
0 5
3 1
7 5
4 5
12 1
1 3
0 3
7 3
2 4
7 3
1 5
0 3
0 3
10 1
14 1
17 1
15 1
0 5
2 3
5 2
2 4
11 1
8 2
21 5
1 1
10 1
5 4
2 4
3 4
1 5
18 1
6 4
2 5
9 1
3 5
11 1
0 4
8 2
32 4
1 5
1 4
13 1
7 1
4 4
2 4
1 2
14 2
1 2
3 5
6 1
3 4
8 2
3 3
1 5
23 1
2 3
9 4
11 1
5 3
2 5
3 5
3 4
1 5
3 2
19 2
3 5
2 5
1 5
11 1
4 2
1 4
3 3
5 2
0 5
3 1
2 1
4 3
2 4
3 4
0 3
1 4
1 4
5 2
5 4
2 3
8 1
4 5
3 1
6 2
4 2
8 1
8 1
7 2
3 5
2 5
4 1
4 1
5 5
3 1
5 2
2 3
8 1
1 5
2 1
4 2
3 5
2 2
8 1
2 5
2 5
2 5
9 1
1 4
3 3
3 3
1 2
4 1
0 5
5 1
19 4
0 5
2 5
6 3
12 1
12 1
5 4
2 5
5 3
2 3
4 1
8 5
5 5
3 4
10 1
8 1
14 1
7 1
5 5
1 4
16 1
1 4
7 3
4 5
2 2
2 4
5 5
2 4
4 1
16 5
5 5
2 4
8 2
13 2
7 1
2 5
3 5
3 5
10 4
2 5
10 1
5 5
26 1
5 2
0 1
1 4
1 5
3 5
4 2
3 5
4 4
3 4
3 3
6 3
6 2
1 5
3 3
0 5
8 2
2 3
9 3
6 1
4 4
1 5
2 3
1 1
1 5
2 3
9 2
7 2
0 5
2 1
23 1
5 1
0 4
0 5
2 1
0 5
3 3
3 3
2 5
0 3
8 1
0 5
2 3
2 3
4 5
0 5
1 4
1 5
1 1
1 5
0 5
0 5
0 5
0 5
3 4
0 4
1 2
9 1
0 5
1 3
2 4
3 1
0 5
2 1
0 5
0 1
0 5
3 4
2 3
2 5
3 2
17 2
2 5
5 5
0 1
2 5
5 4
1 1
1 5
4 5
5 2
4 5
4 2
12 1
2 5
2 5
10 1
4 5
0 4
2 5
9 4
7 2
4 1
3 5
4 2
12 1
2 4
1 5
17 1
2 5
3 5
4 4
2 5
2 5
2 4
4 4
2 5
5 2
5 2
1 5
0 5
6 4
1 5
9 2
2 5
1 5
2 2
0 4
1 4
2 2
3 5
2 4
8 4
1 5
1 5
2 4
1 2
2 2
6 1
5 2
5 4
5 4
5 5
2 5
3 5
0 5
0 1
1 5
7 1
1 3
4 3
0 5
2 2
0 5
3 5
6 1
10 5
4 1
4 5
6 1
11 1
4 1
7 3
8 1
0 5
5 3
4 5
2 5
13 1
3 4
5 5
0 5
4 3
14 2
17 2
1 4
0 4
2 5
0 5
1 4
0 3
1 4
2 5
7 1
7 5
2 5
2 5
4 3
2 3
1 4
13 1
2 5
5 4
1 5
1 5
7 1
2 5
11 1
1 4
3 4
0 4
3 1
0 4
15 1
3 5
11 1
7 1
1 5
2 5
1 5
2 3
1 5
24 1
0 5
1 5
2 5
3 5
1 4
5 2
6 1
1 4
3 4
8 3
12 3
11 1
1 5
0 5
1 5
7 5
6 1
0 4
15 3
0 4
0 5
0 5
2 4
2 2
1 5
3 3
8 1
9 2
3 4
0 5
1 5
11 1
1 4
1 3
9 1
3 5
0 5
1 5
0 5
14 1
0 5
10 3
7 4
6 1
7 5
3 5
2 5
7 5
3 5
6 1
8 1
2 5
2 5
15 1
16 1
10 2
4 5
2 2
7 5
3 5
2 5
4 1
3 5
1 4
4 5
2 5
6 1
3 1
8 3
1 5
9 1
1 5
16 1
0 2
3 2
6 1
0 3
3 5
4 2
2 5
3 5
1 5
4 1
2 5
4 3
2 5
2 1
7 3
0 5
2 5
0 3
2 2
2 5
1 5
2 5
0 5
1 5
1 5
1 4
1 5
1 5
9 2
4 4
3 2
7 2
11 1
1 5
1 5
4 3
11 1
1 5
2 5
3 4
2 5
5 4
7 1
1 5
0 4
4 2
0 5
2 3
1 5
7 1
0 4
1 5
2 3
3 4
5 1
2 5
0 5
1 5
9 5
6 3
4 2
23 3
2 3
13 1
4 1
2 3
2 4
2 1
3 4
2 4
1 5
2 5
4 3
1 5
1 5
0 5
4 3
0 4
2 5
1 4
3 5
1 3
2 5
4 1
0 2
0 5
0 3
0 5
0 4
4 2
4 2
0 5
2 2
6 3
2 4
6 1
1 5
14 1
1 3
5 5
2 5
2 5
1 1
6 1
0 5
0 2
1 5
1 5
4 2
1 5
0 2
1 5
8 1
0 5
38 4
1 5
3 5
3 3
4 4
12 1
2 5
0 5
2 1
18 1
0 5
1 5
2 4
2 5
6 2
20 2
0 2
3 2
6 3
1 5
2 5
8 2
2 5
3 5
15 1
9 1
9 1
0 5
10 3
18 1
1 5
2 3
7 5
2 4
26 3
3 1
2 5
3 2
8 4
4 3
7 2
8 1
1 5
3 3
4 5
0 4
1 4
2 5
1 5
1 1
2 5
1 5
4 5
3 1
14 1
5 2
10 5
9 1
1 4
3 5
0 4
2 5
28 1
3 2
3 5
8 5
13 1
4 5
1 5
1 5
12 2
2 5
7 2
6 3
1 4
0 4
2 3
2 5
0 5
0 5
4 3
1 4
1 2
1 3
0 4
7 2
3 2
11 1
10 2
4 3
6 3
2 3
0 4
0 5
1 5
1 5
5 1
2 5
1 5
1 5
3 3
2 5
2 5
0 5
1 5
3 4
1 4
0 5
3 5
0 5
5 5
7 1
3 3
0 5
8 1
4 4
3 1
27 1
2 4
2 5
428 4
5 2
3 4
4 5
1 4
2 3
1 4
5 5
0 5
3 4
1 5
2 4
1 5
17 2
7 4
4 5
3 5
2 1
1 3
2 5
1 5
4 4
7 3
1 5
4 5
7 1
1 5
1 4
1 5
0 5
9 1
23 1
2 1
5 3
1 3
0 5
2 5
1 5
1 5
2 5
5 1
10 2
0 5
9 1
2 1
8 2
6 1
3 3
0 5
40 1
1 2
1 4
0 5
8 1
1 5
3 5
0 3
2 5
3 2
2 3
0 5
1 5
1 5
12 1
2 2
6 2
9 4
1 5
3 3
1 4
1 5
5 4
2 5
0 5
1 5
7 2
1 3
0 4
0 5
0 5
2 2
1 3
0 5
2 5
1 4
12 5
5 2
0 5
258 5
0 3
2 4
7 1
14 1
6 1
3 5
2 5
1 5
8 2
0 5
1 4
0 5
1 5
7 3
1 5
9 1
2 5
2 3
1 1
8 3
8 4
13 1
0 5
15 1
0 5
9 1
13 1
2 5
1 5
188 1
1 5
47 1
1 5
6 1
5 3
0 5
1 4
23 1
9 1
20 1
12 1
1 5
14 5
6 2
1 4
8 1
12 1
8 1
19 2
12 2
4 2
1 4
1 5
0 5
12 2
2 5
0 5
1 3
1 5
5 3
2 4
6 1
11 1
48 5
0 5
13 1
1 5
9 3
5 4
18 1
21 1
0 4
38 2
0 5
1 5
5 3
6 2
3 3
0 5
1 5
9 2
0 5
7 1
0 5
33 1
3 5
7 4
0 3
5 2
1 4
9 1
5 5
2 1
3 1
0 5
0 5
0 4
1 5
0 5
1 3
0 5
17 1
1 5
0 5
2 5
0 3
0 5
8 1
0 5
0 4
3 3
5 2
6 1
2 5
3 3
0 5
0 5
0 5
3 2
75 1
9 5
0 5
3 2
0 5
0 5
8 2
9 1
4 1
1 4
3 1
38 2
0 5
0 5
10 1
2 4
1 5
4 2
10 2
9 1
1 3
0 5
5 3
0 5
3 3
3 3
7 3
0 5
5 4
1 5
1 3
17 3
5 1
4 3
1 5
0 5
1 5
0 5
0 5
2 5
1 5
0 5
0 5
0 5
2 4
1 4
5 5
1 4
1 5
0 5
0 4
2 5
0 5
1 5
5 2
6 1
1 5
2 3
2 1
1 5
3 2
6 1
12 3
0 5
1 5
4 1
9 1
1 3
0 5
5 1
0 5
3 2
0 3
0 3
22 1
0 5
3 2
0 5
7 1
0 5
0 5
2 2
2 3
0 5
0 4
0 4
4 1
1 2
0 5
0 5
0 5
0 4
0 5
0 5
0 5
0 1
0 4
4 1
6 1
0 5
0 5
0 4
0 5
3 1
83 1
0 5
0 5
0 5
0 5
0 4
2 4
4 2
4 5
0 4
1 1
0 4
0 4
0 3
0 5
0 5
0 5
0 5
0 5
2 2
0 1
1 1
0 5
5 1
0 4
0 5
8 1
0 5
0 5
4 1
2 4
0 3
0 4
19 1
0 4
0 5
0 3
0 5
0 3
1 3
0 3
0 1
0 4
0 1
0 4
0 5
2 1
6 2
0 5
0 5
34 5
0 4
4 3
26 2
1 2
1 1
56 2
2 5
66 1
3 5
2 5
4 5
1 5
5 5
1 5
3 4
3 5
2 5
1 5
0 4
3 5
1 5
1 3
2 1
4 3
3 1
1 5
0 5
1 3
1 5
2 3
2 5
4 4
9 5
4 4
3 3
1 5
12 5
0 5
0 5
7 1
10 1
5 4
4 4
0 5
1 5
3 3
2 4
12 1
0 5
0 5
3 1
1 5
2 3
2 5
0 5
4 5
0 5
0 4
0 5
0 4
0 5
0 5
8 1
0 4
8 1
4 1
2 5
1 4
1 4
1 4
23 1
0 4
0 5
2 3
1 3
4 5
5 2
5 2
3 5
1 5
0 5
0 5
2 2
8 1
3 3
0 5
0 3
0 5
1 5
0 3
0 5
5 4
1 4
8 4
7 2
0 5
8 1
2 4
1 4
8 1
1 5
2 5
0 5
2 3
13 2
0 5
4 3
9 1
2 3
1 5
1 5
10 2
8 2
1 5
6 5
3 2
0 5
4 1
2 5
1 2
2 3
0 4
4 2
0 5
0 5
10 3
3 3
6 4
0 5
0 5
0 5
0 4
2 5
0 5
0 5
0 5
0 5
1 4
7 2
0 5
0 5
1 1
1 3
0 5
0 3
1 5
9 3
0 5
0 2
0 5
2 2
1 1
0 2
0 5
6 5
11 1
4 5
6 2
7 5
3 5
20 2
3 5
4 4
2 5
4 1
4 5
6 2
1 5
4 2
1 5
8 5
2 5
0 5
3 5
5 2
0 4
0 4
2 2
2 5
0 3
0 5
2 3
0 5
4 2
5 5
1 5
0 5
1 3
0 5
4 1
0 5
0 5
0 5
2 2
0 5
0 5
0 5
0 5
5 5
0 5
0 4
0 5
18 1
0 5
10 1
1 1
0 5
2 4
0 5
0 5
0 5
1 1
3 1
3 2
4 1
0 3
1 5
5 2
0 5
0 5
1 5
1 5
0 3
0 5
3 5
0 5
0 4
3 4
0 5
1 4
0 2
0 5
0 5
0 5
2 4
5 3
2 3
0 4
0 4
1 5
0 3
1 5
1 4
1 5
0 5
0 2
1 5
0 5
0 5
0 5
0 4
0 1
0 5
0 4
0 2
0 5
0 5
0 4
0 5
0 5
0 5
0 4
0 5
0 3
1 3
0 5
0 5
1 4
0 3
0 5
0 3
0 5
0 5
4 1
0 5
1 1
0 5
0 5
0 4
0 5
0 5
0 5
0 4
0 4
0 5
12 5
0 3
2 2
0 3
15 1
26 5
0 5
25 1
0 5
0 1
10 5
24 5
0 3
0 5
2968 5
0 5
14 1
28 5
98 5
76 3
4 5
5 3
13 3
2 5
1 5
1 4
5 2
0 5
8 1
1 5
0 5
1 4
65 3
1 5
1 4
0 5
3 4
1 4
3 5
50 5
5 3
3 5
1 5
14 3
15 5
12 3
3 5
2 5
3 5
3 3
0 5
1 5
0 5
0 5
1 5
8 5
0 5
3 5
2 5
0 5
1 5
0 5
0 5
0 5
0 4
10 4
0 3
0 3
5 1
11 5
4 5
0 3
0 5
0 5
0 5
1 3
0 5
6 3
5 1
0 5
1 5
1 5
16 3
0 3
7 1
1 5
5 5
0 5
1 5
0 5
0 5
0 5
0 2
0 5
1 5
8 1
0 5
0 5
1 5
2 4
11 5
2 2
0 5
30 5
1 5
9 5
11 5
3 2
62 3
8 5
3 5
0 2
16 1
7 5
16 4
2 5
0 3
1 4
3 5
2 2
2 4
2 5
2 5
2 5
2 5
0 5
14 5
0 1
0 4
14 1
2 3
0 3
4 1
0 5
1 5
1 4
11 1
1 4
1 3
21 1
0 5
0 5
0 3
0 4
0 4
8 5
0 3
0 5
1 4
8 5
3 1
4 1
2 2
2 4
0 5
3 5
3 4
9 1
4 5
11 5
4 4
2 5
2 3
13 5
37 2
11 5
18 4
9 2
15 1
1 5
18 1
7 4
3 5
0 2
5 5
3 3
0 3
1 3
2 3
4 4
2 4
8 4
1 5
3 4
3 5
0 5
1 3
3 3
0 2
9 1
0 5
2 5
4 5
7 3
38 1
1 5
36 1
0 5
20 5
14 5
3 5
5 5
3 5
2 3
3 5
318 5
3 5
2 5
9 3
2 5
1 4
9 1
3 3
0 4
2 4
31 1
3 3
10 5
1 5
10 5
7 5
4 4
1 5
4 5
33 5
2 4
3 5
1 5
7 3
1 5
4 3
11 3
1 5
1 5
6 5
10 2
169 4
0 4
8 2
5 5
2 4
1 5
0 4
7 2
3 4
4 5
1 5
8 3
9 4
10 2
0 5
42 5
4 5
0 5
0 5
0 4
2 5
0 5
7 5
0 5
1 5
13 5
31 5
1 5
1 5
0 5
7 2
2 4
2 5
6 1
0 4
4 3
0 5
0 5
0 5
1 5
26 1
0 5
1 3
1 5
1 5
0 5
9 3
1 5
4 5
0 5
0 5
1 5
0 4
0 5
4 5
5 5
1 5
16 5
2 4
32 5
1 5
0 5
2 5
20 1
1 4
26 1
1 5
4 5
0 5
5 2
18 5
255 1
14 5
2 2
3 5
2 5
5 5
6 5
14 1
26 5
1 5
1 5
17 2
6 5
6 4
2 5
16 5
1 5
1 5
49 5
