3 5
1 5
7 5
10 1
2 3
2 5
0 4
1 5
2 5
1 5
1 5
2 5
28 1
0 5
1 5
0 4
1 5
12 1
0 5
1 5
0 5
0 5
0 5
0 5
0 5
0 5
0 5
1 4
0 5
1 5
0 5
0 5
0 5
0 4
0 5
0 5
1 5
0 5
1 5
0 5
1 5
1 5
2 5
19 1
1 3
12 1
1 5
0 5
0 5
0 5
0 4
0 3
1 5
3 5
0 5
5 1
2 5
0 5
0 5
0 5
0 5
0 5
0 5
8 5
1 2
0 5
0 5
0 2
0 5
2 4
0 5
0 5
0 5
0 5
0 4
0 5
0 4
0 5
0 5
0 5
0 5
0 4
0 5
1 5
0 4
0 5
0 5
2 5
1 3
2 5
2 3
0 5
0 5
0 5
1 5
13 5
0 2
0 5
14 3
0 5
0 5
0 5
1 5
0 5
0 5
5 5
0 5
1 5
0 5
0 5
1 5
0 5
3 4
1 4
0 4
0 5
3 3
4 5
2 5
1 3
1 5
1 5
1 5
1 5
0 5
0 5
3 5
2 5
2 5
2 5
0 5
1 5
1 4
1 3
0 5
0 5
0 5
0 5
0 5
0 3
0 5
0 5
0 5
3 5
0 4
0 5
0 4
0 5
0 5
2 5
0 4
0 5
0 4
1 5
0 4
0 5
1 4
0 5
0 5
0 5
3 1
0 5
1 5
0 5
0 4
17 4
2 5
1 5
0 5
1 5
1 4
6 3
1 5
2 5
0 5
1 5
1 5
2 4
38 1
1 4
0 5
1 4
1 4
0 5
0 4
0 4
0 5
0 2
0 5
0 5
0 5
16 5
0 5
0 5
0 5
0 4
0 5
0 5
0 5
0 5
2 5
0 5
0 5
0 4
0 5
0 5
0 5
0 5
0 5
1 5
0 5
0 5
3 5
1 5
0 5
1 5
0 5
0 4
6 5
0 5
0 4
0 4
0 5
0 5
0 5
0 5
0 5
0 5
0 5
0 4
0 4
0 5
0 4
0 5
0 5
0 4
0 4
0 5
0 3
0 4
0 3
0 4
0 5
1 4
0 4
0 4
0 5
3 1
0 4
1 5
1 5
0 5
0 5
0 3
0 5
0 5
0 5
0 5
8 5
4 5
5 2
1 4
4 2
1 5
9 2
1 5
2 5
0 5
0 4
0 4
9 5
0 5
0 5
0 5
0 4
2 5
0 3
1 5
0 4
0 5
0 4
1 4
0 5
0 4
0 4
0 5
0 5
1 5
1 5
0 5
2 5
2 5
2 4
2 4
0 5
0 5
0 5
1 5
0 4
0 5
1 4
2 2
0 4
6 5
1 3
0 5
5 4
0 5
0 5
0 5
1 5
2 5
0 5
0 5
1 5
0 5
0 5
0 5
0 4
1 5
0 5
0 5
0 5
0 5
1 5
0 5
0 5
0 5
0 5
1 5
2 5
15 1
0 4
0 5
7 1
0 3
0 5
4 5
3 4
1 5
2 5
0 4
0 4
25 1
1 5
1 4
1 4
1 5
6 1
1 2
0 5
0 5
7 4
1 5
0 5
0 5
9 5
1 5
1 4
3 5
1 4
0 5
0 4
4 5
0 4
0 5
0 3
0 5
0 5
0 4
295 5
0 5
1 4
1 4
2 5
0 5
1 4
0 5
1 5
1 5
0 5
0 3
3 5
8 1
0 5
2 5
2 5
4 4
1 4
0 5
5 5
1 5
0 4
20 1
1 2
0 5
0 5
0 5
8 2
2 4
1 2
14 1
2 2
1 5
9 1
3 5
3 4
3 5
1 5
1 5
1 4
2 5
3 5
0 4
0 3
8 1
0 5
16 1
3 4
4 4
32 1
7 2
1 5
0 5
1 5
2 5
5 3
1 5
2 5
2 5
7 5
0 5
0 4
1 4
1 4
0 5
1 5
0 5
0 5
6 5
0 4
0 5
0 5
0 4
1 5
1 5
0 5
0 5
0 5
1 5
0 5
0 5
0 5
4 4
5 5
0 4
0 4
0 5
0 5
0 4
0 5
0 4
7 1
6 5
1 5
1 5
2 5
0 5
0 5
1 5
10 5
0 5
2 5
0 5
0 4
0 5
0 5
0 5
0 4
1 5
0 4
25 5
0 5
1 5
3 4
0 5
3 5
1 4
0 5
0 5
0 5
0 3
0 5
0 5
4 5
0 5
1 5
1 5
1 4
0 5
0 5
0 5
0 5
5 5
3 5
4 4
7 2
1 5
2 5
8 2
3 2
8 4
2 5
2 5
24 1
1 5
1 5
1 5
3 5
7 5
1 5
1 5
8 2
0 4
0 5
0 5
0 5
2 5
0 5
12 5
7 4
2 4
3 5
4 2
0 3
0 5
9 5
1 1
7 5
2 4
1 5
2 5
2 5
2 5
1 5
0 4
1 5
0 5
6 5
5 5
24 1
5 5
4 3
1 5
1 4
3 5
3 5
2 4
6 5
1 5
1 4
2 5
1 5
0 4
0 2
0 4
0 4
0 5
0 4
1 4
24 1
0 4
17 1
1 5
2 5
1 4
1 4
0 4
0 5
0 5
54 1
1 5
0 5
17 1
0 3
1 5
19 1
1 5
3 5
0 5
5 1
5 5
10 5
2 5
1 5
2 5
5 5
8 1
4 2
6 5
19 5
10 1
15 1
0 4
0 5
0 4
6 2
2 5
15 1
3 5
1 4
0 4
0 5
5 5
0 5
1 5
6 1
1 5
3 5
2 4
3 5
5 5
2 5
31 5
3 5
1 5
2 5
0 5
5 5
1 5
4 5
10 1
7 5
8 4
0 5
9 1
0 5
1 5
0 5
7 1
2 5
1 5
1 5
4 4
5 5
0 5
3 5
9 5
8 4
5 5
391 4
0 5
0 5
1 5
2 3
0 5
1 5
2 4
40 1
3 5
0 5
0 5
19 1
2 4
0 5
9 1
0 5
4 5
1 5
0 5
2 5
2 4
4 4
1 4
2 5
1 3
2 4
0 5
1 5
1 5
4 5
1 5
0 4
0 5
1 5
0 5
2 5
18 5
1 5
0 5
3 5
0 5
8 5
1 4
4 4
1 5
7 3
7 1
8 2
2 5
3 5
1 5
0 5
1 5
2 5
2 5
1 5
0 5
0 5
0 5
0 4
6 4
6 5
2 5
3 5
2 4
8 5
5 5
0 5
4 5
2 2
0 5
11 1
0 5
1 5
2 5
0 5
7 2
14 5
5 5
6 2
1 3
5 2
0 5
16 1
0 4
0 5
0 5
1 5
0 5
2 5
7 5
4 5
15 3
32 1
3 5
25 2
43 4
11 5
1 5
10 5
8 3
7 5
3 5
0 5
10 5
2 5
5 5
0 5
1 4
2 5
0 5
0 5
0 5
7 1
0 5
0 5
0 5
0 4
0 5
0 5
1 5
4 5
0 5
0 5
5 5
24 5
15 5
2 5
1 5
6 5
0 5
0 4
0 4
1 5
0 4
1 5
0 5
0 5
67 5
0 5
36 5
1 5
36 5
210 5
1 5
1 5
3 4
4 5
4 5
0 5
0 5
0 5
0 5
1 5
0 3
1 5
2 5
0 5
10 2
32 5
27 1
1 5
5 5
0 5
1 5
1 5
3 5
2 5
3 4
0 5
0 5
0 5
0 5
0 5
7 2
1 5
15 1
0 4
0 5
1 5
14 2
27 5
13 5
23 5
121 5
5 5
5 3
113 5
13 5
31 4
1 5
3 5
17 5
32 5
10 5
0 5
2 4
8 5
3 5
1 5
0 4
3 5
2 5
9 4
10 2
9 5
0 5
7 5
5 5
8 3
5 5
0 5
33 3
6 1
1 4
0 5
1 5
0 5
0 5
0 5
1 5
0 5
0 5
0 5
1 5
4 5
0 5
4 2
1 4
1 4
0 5
0 5
0 4
0 5
0 5
0 5
0 5
0 5
0 4
0 5
0 5
0 5
0 5
0 5
0 5
0 5
0 5
0 4
0 3
0 5
0 5
0 5
0 4
0 5
0 5
0 5
12 2
0 5
0 5
0 5
20 1
0 4
0 5
30 1
0 4
0 5
0 5
0 5
0 5
0 5
4 2
5 1
1 5
0 5
1 5
2 1
0 5
0 4
0 5
0 5
0 5
17 1
0 5
0 5
0 5
0 5
0 4
0 5
0 5
0 5
0 5
0 5
0 4
0 5
0 5
0 4
0 5
0 5
0 5
0 5
0 2
0 5
0 3
0 5
3 1
0 5
0 5
2 1
3 1
0 5
0 5
0 5
0 5
0 5
2 1
0 3
0 5
0 5
0 5
0 5
0 5
6 1
0 5
0 5
1 5
0 5
0 5
0 5
0 5
0 5
0 5
2 1
2 1
0 5
0 5
0 4
0 4
0 5
0 5
0 5
0 5
0 5
0 5
0 5
0 5
0 5
0 5
1 1
2 1
0 5
0 5
0 5
6 1
0 5
0 5
5 5
0 5
0 5
0 5
0 5
0 5
0 5
0 5
1 5
0 5
0 4
0 5
0 5
0 5
0 5
0 5
0 5
0 5
1 4
0 5
0 5
0 4
0 5
0 5
0 5
0 5
0 5
0 5
0 5
0 5
0 5
0 5
0 4
0 5
0 5
0 5
0 5
0 5
0 5
0 5
0 5
0 4
0 5
0 3
0 5
1 2
0 5
0 4
0 4
0 5
0 5
0 5
0 5
0 5
0 5
0 5
0 5
0 5
0 5
1 2
0 5
1 5
0 4
0 5
0 5
0 5
0 5
0 5
0 5
0 5
0 5
0 5
5 5
1 4
0 5
0 3
0 5
0 5
9 1
0 5
1 5
1 4
0 5
3 3
1 5
2 5
1 5
