4 2
3 2
3 3
8 1
18 1
5 1
1 4
0 2
4 1
3 5
5 2
9 2
4 3
4 2
3 2
3 2
0 3
3 2
5 1
1 2
2 5
27 1
7 1
1 2
5 1
0 4
8 1
4 2
9 1
3 1
3 2
5 1
2 1
0 5
4 2
6 1
2 5
8 1
3 4
5 2
1 4
0 4
10 2
17 1
14 2
4 5
15 1
0 3
3 2
5 2
11 2
12 1
1 2
1 3
1 5
0 3
9 1
1 3
3 2
9 1
6 1
0 4
6 2
3 4
4 3
1 3
2 3
3 2
1 3
0 3
2 2
2 1
2 1
6 2
3 3
7 1
2 4
2 3
1 4
2 3
1 4
4 2
1 4
2 5
3 4
13 2
7 1
8 3
1 3
1 4
9 1
10 1
1 5
2 5
11 4
8 2
4 5
4 5
4 4
3 4
21 2
11 1
4 5
3 4
4 4
17 1
9 2
2 4
12 2
0 4
1 5
24 1
19 2
0 4
1 4
10 2
9 2
13 2
0 3
1 4
0 3
21 1
12 1
5 5
20 1
4 3
7 3
0 4
6 3
6 1
10 1
12 2
14 1
16 1
1 4
3 5
8 2
13 1
7 3
105 1
1 3
2 3
7 2
5 2
9 2
0 4
2 4
8 2
1 4
7 2
11 1
10 1
2 3
10 2
17 1
10 2
15 2
0 4
8 1
8 3
1 4
13 1
11 2
1 4
2 5
9 2
2 5
8 1
5 2
9 1
5 3
7 1
4 3
11 2
7 1
6 5
4 2
11 1
2 3
56 1
10 1
19 2
0 3
1 4
0 4
4 1
7 1
2 4
11 1
7 1
7 1
6 1
7 5
1 2
6 5
15 1
2 3
5 2
0 4
5 2
4 2
3 5
4 2
7 1
5 2
7 1
2 4
4 4
0 4
5 2
0 5
6 5
8 1
1 3
5 5
5 1
2 5
7 1
6 2
9 1
1 3
5 2
0 3
3 3
2 4
4 4
21 1
2 3
5 4
2 4
2 4
4 3
6 2
13 1
3 3
3 4
4 4
6 2
8 2
10 1
10 2
12 1
13 1
4 3
2 3
5 2
5 1
6 1
16 1
17 1
4 3
5 2
2 3
9 2
0 4
5 2
4 2
2 4
4 3
2 5
9 1
8 1
2 3
14 1
8 1
7 2
1 5
6 3
21 1
8 5
3 4
5 5
9 1
9 2
3 4
15 1
10 1
6 2
11 1
9 1
9 2
95 1
6 2
16 1
4 2
4 4
3 4
12 1
18 2
7 1
3 1
7 1
1 4
4 2
2 2
6 2
7 2
2 4
2 1
1 2
1 2
1 1
3 2
4 1
6 5
5 3
7 1
2 4
7 1
8 1
8 5
2 4
8 1
1 5
0 4
15 1
4 2
2 2
14 1
9 1
4 4
3 4
1 4
7 1
7 1
7 1
10 1
10 1
14 1
26 1
10 1
2 2
5 1
3 1
12 4
2 4
3 3
5 1
3 3
77 4
4 1
3 2
23 1
0 4
1 3
2 4
3 2
0 5
3 2
13 1
3 5
0 5
13 1
9 1
9 1
1 4
7 2
7 1
12 1
6 1
3 4
4 5
7 1
4 3
4 1
4 4
1 4
2 4
6 5
2 1
8 1
3 2
1 4
10 1
1 3
7 1
6 1
9 1
7 4
5 4
6 5
7 1
5 4
9 1
6 2
5 2
2 2
5 2
4 1
2 1
3 3
3 4
1 4
259 4
1 3
4 3
2 5
5 1
5 2
6 2
3 5
7 2
2 1
6 2
8 1
6 1
32 3
3 1
4 3
5 3
0 3
2 3
1 3
4 3
2 2
5 1
1 1
0 3
2 3
0 5
7 2
4 2
5 1
2 3
7 1
1 1
2 2
2 5
1 4
0 3
1 2
6 4
2 3
0 2
0 3
2 2
0 4
1 2
1 4
3 4
2 2
2 1
0 1
5 1
8 1
3 1
1 2
1 3
0 4
4 1
10 2
5 5
7 1
1 1
2 4
4 1
1 1
0 5
2 2
8 1
3 5
2 1
2 2
5 2
2 3
3 1
10 2
6 2
7 1
1 4
3 1
8 1
5 2
1 2
0 1
1 2
0 3
5 1
0 3
1 2
2 2
18 1
8 1
2 1
2 2
2 1
2 3
3 1
4 5
2 2
2 2
1 2
1 2
3 1
4 4
1 1
1 2
7 1
1 1
3 1
2 1
1 4
3 2
2 2
7 1
0 4
3 1
2 3
1 3
6 4
6 5
3 1
5 4
6 2
6 1
3 2
4 1
1 2
1 3
2 2
3 1
4 1
6 4
5 1
5 1
6 2
3 3
6 1
10 1
7 1
5 1
4 3
4 1
5 4
4 1
6 1
3 1
9 4
9 1
1 4
5 1
10 2
14 3
0 3
4 1
2 5
6 1
2 1
1 5
2 1
7 5
1 4
3 2
8 2
1 5
4 2
3 5
7 1
1 1
1 4
6 1
8 1
7 1
1 2
9 1
28 2
6 1
6 1
4 3
5 1
6 1
2 2
10 4
2 1
5 1
3 5
1 3
1 3
3 5
5 5
5 2
5 1
0 5
1 4
6 2
5 3
3 1
3 2
8 1
3 2
4 2
5 5
6 2
13 4
7 1
6 5
4 2
1 5
6 1
0 5
5 2
13 1
2 2
0 5
3 2
10 1
9 1
3 3
4 2
5 1
2 3
1 5
4 1
4 2
1 4
31 1
11 1
41 2
8 3
3 4
5 1
1 4
7 1
3 1
4 2
25 1
3 1
10 4
2 1
3 3
14 1
5 2
7 1
10 1
7 1
3 1
4 5
3 2
5 3
4 1
8 1
5 1
6 2
5 2
10 3
5 2
8 2
4 3
33 2
9 4
7 2
2 4
6 2
5 2
28 1
5 3
7 1
10 1
8 1
3 5
10 1
12 1
3 4
4 2
8 2
8 2
7 3
15 1
7 1
6 4
8 5
7 1
2 3
9 1
22 4
4 2
5 2
10 2
7 1
6 1
5 2
5 2
6 5
4 2
1 5
2 2
2 3
7 1
9 1
8 4
2 2
3 4
3 2
1 5
9 1
41 3
4 3
7 1
2 4
46 1
2 3
3 2
8 1
37 1
4 1
8 2
4 1
3 4
2 2
6 2
5 3
10 4
18 2
10 3
17 1
29 2
3 5
10 4
7 2
15 5
4 3
4 3
6 4
1 5
10 1
3 4
8 2
6 5
11 5
7 2
2 4
1 5
2 5
2 2
20 1
1 5
5 2
0 4
0 5
1 4
1 4
12 2
0 5
17 5
18 5
7 5
3 5
0 3
6 2
2 5
5 2
21 2
4 1
2 5
8 5
13 4
2 4
10 1
7 3
2 5
1 5
14 5
5 4
5 3
13 5
4 4
2 5
11 5
7 1
1 4
7 1
10 2
3 4
6 5
0 5
0 2
5 1
13 1
9 4
0 5
3 5
11 5
8 5
7 4
6 4
13 5
23 1
15 5
140 5
23 5
