22 1
8 5
5 5
8 5
7 4
1 5
3 5
6 3
5 5
1 4
4 4
5 4
3 1
11 1
3 4
5 5
6 4
8 5
4 5
3 4
2 3
15 3
9 5
1 4
4 4
3 4
3 5
1 3
3 4
7 2
3 4
7 2
5 5
9 5
9 5
5 3
6 5
4 5
6 5
1 3
4 4
4 5
3 5
3 5
11 3
14 2
9 1
5 3
17 5
7 5
0 4
10 2
20 1
40 4
10 5
11 5
7 4
8 5
7 4
9 5
21 1
3 5
26 5
4 5
6 3
4 5
1 3
2 4
5 5
5 3
1 5
1 4
3 5
4 5
5 5
4 5
5 4
3 3
8 4
18 5
11 5
28 5
11 5
10 5
2 5
23 1
11 2
5 5
5 3
14 3
15 4
3 5
16 2
13 5
29 2
9 5
3 5
8 4
8 5
11 3
9 5
5 5
3 5
3 4
2 5
10 5
7 1
5 5
305 1
56 2
0 4
10 4
5 4
11 5
6 5
3 5
26 1
27 2
6 5
11 5
8 5
11 5
8 5
1 5
15 3
0 4
4 4
2 4
17 1
6 5
5 5
3 5
5 4
2 4
6 4
16 3
9 5
7 5
2 5
6 3
2 4
3 5
7 5
4 4
21 1
151 1
5 3
4 5
56 1
4 5
21 1
1 3
1 3
2 4
3 5
2 2
12 1
8 4
4 5
1 4
6 1
2 5
12 3
13 3
43 3
1 3
32 1
7 3
2 4
4 5
7 5
1 2
4 5
5 5
11 5
14 3
1 4
2 5
10 4
3 5
6 5
5 5
1 4
2 4
2 4
4 5
13 4
2 3
3 5
2 4
8 3
7 5
3 1
4 1
7 4
7 5
3 5
1 5
2 5
7 5
16 2
7 5
6 4
1 5
11 5
1 3
4 5
18 1
17 1
17 5
6 5
14 5
11 4
4 4
10 5
11 1
23 4
6 5
3 5
7 5
4 5
26 1
12 5
5 3
3 3
2 4
9 4
6 2
10 5
4 5
3 5
77 5
4 2
2 4
3 4
3 5
4 5
4 5
5 4
2 5
3 5
5 5
6 4
13 1
4 5
9 5
1 5
3 4
2 5
3 4
3 5
6 5
8 5
10 4
21 1
6 5
1 5
5 1
11 5
4 3
4 5
0 4
5 4
9 4
0 4
15 5
9 5
82 2
22 1
6 1
8 5
17 2
2 5
40 3
2 5
7 5
30 1
1 5
1 5
3 5
1 4
1 5
2 3
15 5
5 1
1 5
1 4
4 4
5 5
2 5
11 2
2 5
8 2
3 4
1 5
40 5
3 2
1 4
2 5
15 5
8 3
4 2
52 5
6 5
3 5
1 4
2 3
3 3
2 3
3 5
1 4
3 1
17 2
5 4
5 4
1 5
17 1
0 5
1 5
1 5
5 5
1 5
29 1
54 5
5 5
6 2
4 1
12 1
10 1
3 2
7 4
6 4
8 3
9 5
14 4
3 2
2 4
34 1
12 1
3 5
4 5
8 4
4 3
1 5
13 4
0 5
0 5
3 5
1 5
4 5
4 4
8 2
2 4
5 5
30 5
5 4
15 3
27 3
11 1
7 3
6 3
5 2
10 4
5 4
9 5
27 5
6 2
7 2
14 5
13 5
6 4
15 5
3 5
11 4
1 4
0 5
32 5
5 5
2387 3
7 2
1 5
3 5
3 4
3 5
6 4
7 5
3 3
1 5
48 2
3 4
13 5
0 3
3 5
0 4
3 4
9 5
7 4
16 4
1 4
15 4
6 4
0 4
2 4
2 4
6 5
1 5
23 3
19 1
2 3
4 4
7 4
1 5
10 4
2 3
10 5
2 5
1 5
1 3
13 3
31 3
1 5
1 5
1 5
6 5
4 5
2 4
1 5
15 5
1 4
1 4
55 3
7 5
35 2
22 4
2 4
16 5
1 5
3 5
4 5
7 5
2 5
3 5
4 4
7 5
269 5
1 4
18 1
5 5
4 5
25 5
6 4
2 4
2 5
11 1
8 2
9 1
1 3
1290 2
23 1
11 4
3 3
10 3
8 1
8 3
23 3
4 5
2 5
4 4
2 4
9 5
4 4
2 3
0 5
5 5
6 5
5 5
4 5
20 5
40 4
8 5
17 4
4 4
23 5
4 5
16 5
206 2
3 5
40 1
1 4
7 3
7 3
8 2
1 5
52 5
8 5
8 5
5 5
6 5
7 5
9 5
21 1
5 4
5 4
2 4
10 2
1 4
1 5
1 4
0 3
2 4
0 4
0 5
5 3
1 4
1 4
0 5
8 4
0 4
1 5
1 5
15 5
4 4
1 4
2 5
1 3
2 2
1 3
1 5
9 1
1 3
4 5
2 3
1 5
1 5
1 5
1 5
0 4
14 5
1 4
2 5
1 5
0 2
1 5
1 4
1 5
