3 1
1 2
3 1
2 1
3 2
2 5
1 1
1 2
4 5
5 5
6 1
0 4
2 2
0 3
1 3
0 3
10 3
2 2
5 1
155 1
3 1
3 1
2 2
6 2
3 2
6 1
3 1
5 1
5 5
5 2
7 1
4 2
4 3
17 1
6 2
2 5
12 1
1 3
1 2
10 1
5 2
7 1
4 1
2 5
1 2
3 1
4 1
3 2
6 1
4 3
4 1
4 2
5 1
1 3
5 1
3 2
5 1
5 1
1 4
8 1
8 1
4 5
8 1
9 1
12 1
3 2
4 1
4 1
13 1
6 1
0 4
2 2
0 5
2 4
2 2
13 1
7 1
0 2
1 2
0 3
2 4
5 1
101 1
1 3
5 1
3 2
1 3
1 4
3 2
4 5
1 2
2 3
1 5
0 4
2 5
2 1
1 1
1 2
1 1
2 1
2 2
1 1
1 2
0 3
2 1
14 2
1 3
2 1
4 1
5 1
5 1
5 1
3 1
2 5
3 2
0 3
2 1
2 1
1 4
2 1
2 1
5 2
5 1
4 1
5 1
4 1
1 4
0 3
2 4
3 1
0 2
0 3
3 1
1 3
5 1
14 1
15 1
3 1
0 3
2 1
1 4
1 2
1 4
2 5
1 3
4 4
1 4
4 1
4 1
1 2
6 1
4 1
8 1
0 3
1 4
2 5
4 1
1 5
3 1
0 1
2 1
2 5
0 2
2 5
2 1
0 3
1 1
2 5
15 1
1 3
0 2
0 2
3 2
3 1
3 1
3 1
3 1
2 1
3 2
3 1
1 1
2 2
1 2
1 4
3 2
1 2
2 2
2 2
2 1
1 1
1 2
2 1
3 1
2 4
2 1
1 2
2 1
1 2
1 3
1 1
4 3
1 1
31 1
3 3
0 3
3 1
4 1
4 2
2 1
0 3
2 2
3 2
3 2
13 4
3 1
0 1
2 3
1 1
2 1
2 1
2 2
1 1
1 1
1 4
1 1
4 1
169 1
3 2
5 2
1 1
3 1
1 3
2 1
1 3
0 1
1 1
1 3
0 5
0 2
2 2
2 2
0 2
0 1
0 2
1 3
0 1
11 1
1 3
2 1
0 2
1 1
0 3
1 1
1 2
0 2
1 1
2 1
5 2
6 5
6 1
11 1
5 1
1 3
0 1
1 4
5 1
0 1
5 1
4 3
1 4
6 1
3 1
0 4
1 1
5 1
2 2
0 2
1 1
1 2
2 1
0 2
10 1
1 1
2 1
10 1
11 1
3 1
2 1
3 1
3 2
3 4
2 1
1 1
2 4
3 5
0 3
1 1
3 1
2 1
5 3
2 1
5 1
0 2
4 1
8 1
1 1
3 1
1 1
0 2
4 1
2 5
16 1
4 1
11 1
4 1
3 1
6 1
6 1
1 1
11 2
8 1
3 1
3 1
5 2
0 3
3 1
1 3
1 3
2 1
3 3
1 1
3 1
3 4
4 1
1 1
4 2
2 1
4 1
2 1
4 3
2 1
2 1
2 1
4 1
4 1
2 3
3 1
2 3
0 2
0 1
2 1
2 2
1 1
2 4
1 1
0 2
0 2
0 1
1 2
3 1
0 2
2 1
0 1
1 1
2 1
7 1
1 1
36 3
8 1
3 4
2 3
1 1
2 3
0 2
1 2
0 1
1 1
2 1
11 3
1 1
1 2
1 2
1 1
0 1
2 1
0 1
1 2
4 3
2 1
5 5
6 3
3 1
0 2
1 3
1 1
2 1
2 3
0 1
3 5
0 1
1 2
7 1
0 1
5 1
0 1
6 2
1 2
0 2
1 2
3 2
4 4
3 4
1 3
2 2
2 1
1 2
2 3
7 2
6 2
5 3
2 2
4 3
3 1
2 2
3 3
6 5
5 2
3 2
4 4
4 2
7 2
2 2
2 2
6 1
2 1
3 3
1 3
3 1
3 4
1 3
3 1
4 5
3 4
2 1
4 3
3 4
3 2
2 2
3 3
4 4
2 4
2 2
0 3
4 4
6 2
2 2
3 3
3 3
2 5
1 3
1 2
3 1
4 5
2 3
3 1
3 1
1 3
2 2
6 5
4 5
0 2
1 2
3 2
3 4
1 3
1 3
38 4
1 1
1 1
0 3
1 1
1 1
0 2
2 3
0 2
0 3
1 1
2 5
0 2
0 3
0 2
2 5
0 3
1 1
1 1
1 2
2 1
0 1
1 2
0 3
0 3
1 4
0 2
2 5
1 3
0 4
2 5
1 4
2 1
0 3
0 3
2 1
0 3
1 4
1 4
0 2
0 2
0 2
1 1
0 1
2 1
0 3
0 1
1 2
1 4
1 3
0 2
0 3
0 2
1 1
2 1
0 2
2 1
1 4
2 4
4 5
0 1
2 4
0 1
2 5
0 3
0 3
4 5
0 2
0 2
1 4
0 2
1 4
0 1
0 3
0 2
3 5
2 5
0 1
1 2
0 3
1 3
1 2
1 3
0 1
1 4
3 2
0 2
0 1
1 1
0 2
8 2
1 4
1 4
0 1
1 2
0 1
1 3
2 3
3 5
1 5
0 3
0 3
0 1
0 4
1 3
0 1
0 2
1 3
0 1
0 2
0 2
0 2
3 5
2 5
2 5
0 2
0 2
2 5
0 3
3 5
1 1
0 3
0 3
5 3
1 2
2 2
0 3
0 1
0 2
1 4
0 2
1 4
1 4
3 5
1 3
1 1
1 3
1 4
2 3
1 4
1 3
0 1
0 2
2 5
0 3
0 3
1 4
0 2
0 3
1 4
1 1
1 4
0 2
0 2
0 4
0 3
1 4
0 3
0 1
0 1
0 3
0 3
1 4
0 3
0 3
0 1
2 5
2 5
0 1
1 4
0 1
1 4
3 5
2 5
2 5
0 3
1 4
0 3
0 2
0 3
0 3
3 4
1 3
0 4
0 4
1 2
1 1
1 3
0 3
0 3
0 2
2 5
1 4
1 1
0 1
0 3
0 3
1 4
1 1
1 5
