1 4
1 5
1 3
1 5
2 5
1 4
2 5
2 4
0 5
12 1
1 5
1 3
1 5
1 5
3 4
1 1
3 5
8 4
1 3
0 4
1 5
20 1
2 4
16 1
11 1
93 1
29 1
0 5
34 1
4 3
4 4
1 2
5 4
5 5
9 3
3 4
2 4
1 5
0 5
19 1
31 1
3 4
11 1
19 1
2 2
9 1
10 1
3 5
6 2
1 5
14 1
7 2
11 1
1 5
3 3
2 5
23 1
12 1
13 1
3 4
2 3
0 4
0 3
3 2
2 5
2 5
144 1
17 1
26 1
14 4
2 5
1 5
2 4
15 1
13 1
8 1
19 1
2 2
26 1
3 4
35 1
17 1
3 5
3 5
31 1
28 1
1685 1
1 4
0 4
9 5
10 5
0 4
2 5
0 4
28 1
5 5
13 5
6 2
30 1
6 1
1 5
2 4
2 5
3 5
1 5
37 1
26 5
3 5
2 5
0 3
2 3
22 1
1 3
3 3
0 3
1 4
1 4
1 5
1 4
1 5
22 1
0 5
0 5
1 3
118 1
1 4
1 2
1 4
0 3
7 1
0 4
0 2
19 1
1 3
0 4
1 2
0 4
12 1
5 3
2 5
3 4
14 2
5 5
0 3
12 1
10 1
9 1
8 5
28 1
26 1
4 1
1 5
253 1
2 1
9 1
10 1
13 1
1 4
29 1
12 1
2 4
15 1
3 5
0 5
1 5
4 1
2 1
33 1
12 5
6 3
7 1
2 1
2 5
0 5
2 5
1 3
2 5
10 1
18 1
9 1
1 5
111 1
17 1
2 5
14 1
4 4
2 2
0 4
0 4
0 3
1 4
0 5
1 3
462 1
12 1
15 1
16 1
2 4
24 1
4 2
1 5
1 5
26 1
1 5
24 1
16 1
110 1
0 5
1 4
28 1
13 1
4 1
1 5
1 4
1 4
4 4
17 1
1 5
2 5
3 2
6 1
2 5
15 1
2 3
10 1
24 1
18 1
0 4
8 1
3 5
0 5
6 2
1 3
1 5
4 5
1 4
5 5
2 3
11 1
11 1
16 2
0 4
9 1
6 3
12 1
36 1
63 1
1 3
0 4
2 5
8 1
1 5
0 5
2 3
2 3
0 5
10 1
0 5
7 1
1 5
3 3
0 5
18 2
5 4
13 1
7 2
9 2
21 1
34 2
2 1
12 2
12 2
13 2
8 5
16 1
1 3
9 1
5 1
12 1
11 2
1 4
0 4
0 5
3 3
4 2
20 4
0 5
7 1
1 1
10 1
10 1
0 5
2 2
27 1
2 4
12 1
10 5
5 2
8 1
11 3
0 3
19 1
21 4
0 5
5 5
2 4
11 1
1 5
1 4
1 5
3 5
4 4
0 2
2 1
9 5
7 1
2 1
5 3
23 1
9 1
6 2
14 1
2 5
14 1
4 4
4 3
3 5
3 4
3 3
2 1
0 2
7 2
0 5
4 2
1 2
2 5
2 5
2 3
20 1
2 5
2 4
24 1
4 4
5 1
40 1
14 1
3 4
2 3
2 5
1 5
1 4
11 1
5 1
1 5
23 1
0 4
5 2
4 1
5 2
2 5
1 4
1 5
1 5
1 5
1 4
0 4
0 5
1 5
6 1
1 4
4 1
2 3
0 3
2 3
0 4
1 3
1 5
6 5
7 1
15 1
8 1
2 5
1 2
6 1
0 5
0 5
0 5
2 1
3 2
0 4
1 1
17 1
1 4
1 5
0 4
0 5
0 5
2 2
0 4
0 4
0 5
1 3
2 4
0 5
3 2
2 4
7 2
16 1
25 5
5 1
0 3
1 5
0 4
19 1
4 3
9 5
1 5
11 1
2 4
4 1
6 1
18 1
25 1
1 5
2 5
25 1
7 3
1 1
8 1
6 3
22 1
3 5
6 1
1 5
0 5
1 4
0 4
12 1
2 4
2 4
4 4
2 1
5 3
3 3
4 2
2 4
13 1
0 2
5 5
0 5
1 4
5 5
0 5
8 4
0 5
1 5
0 5
2 5
1 5
6 1
0 4
2 5
5 1
4 5
6 5
8 1
7 5
3 4
1 4
7 1
1 4
20 1
2 3
8 1
6 4
2 5
4 4
8 1
1 4
1 3
10 1
1 4
31 1
6 4
1 4
0 5
1 5
3 4
4 4
4 5
10 2
0 5
23 1
22 1
9 1
1 5
24 1
3 2
2 5
13 1
0 4
2 4
25 1
9 2
1 4
1 5
10 5
1 5
0 4
1 2
4 4
22 1
2 3
4 1
1 3
9 1
9 3
11 1
4 5
1 4
0 5
2 2
0 5
0 5
0 5
0 4
0 4
1 4
4 2
1 4
3 2
0 4
1 5
0 4
3 3
4 4
2 3
1 5
2 1
2 4
4 2
7 5
3 5
6 3
1 5
0 4
6 4
3 5
10 2
1 1
162 1
1 4
7 1
13 1
2 5
2 2
1 4
10 1
13 3
21 1
15 1
4 4
1 3
5 1
0 5
11 5
20 1
6 3
17 1
6 2
2 1
3 5
3 3
15 1
43 1
35 1
4 5
2 5
8 4
1 5
4 5
1 4
12 1
2 1
1 3
7 5
6 4
83 2
1 3
7 4
1 3
5 5
36 1
7 4
7 1
9 1
4 5
4 5
14 1
0 3
13 2
21 4
3 5
9 4
9 3
12 2
11 5
13 1
7 1
3 2
4 4
17 1
9 3
1 1
6 2
1 5
16 3
6 1
2 2
1 4
7 5
0 4
11 1
16 1
5 1
16 1
1 5
3 4
25 1
22 1
2 4
0 4
2 5
4 3
15 1
3 4
13 1
2 5
2 5
30 1
5 5
0 3
2 3
11 1
13 1
1 3
8 2
4 1
4 4
1 5
8 1
6 5
1 4
17 1
0 3
4 1
2 3
1 4
305 1
1 4
5 4
25 1
12 2
7 2
36 1
1 5
38 1
6 5
14 1
7 5
8 2
8 4
15 1
1 3
7 1
16 1
14 5
4 5
7 1
12 5
5 2
33 1
17 5
20 1
12 1
25 4
11 1
4 4
3 5
19 2
1 4
2 3
17 1
0 4
40 1
19 3
2 3
0 5
14 3
0 5
23 3
33 1
8 1
1 5
7 4
6 1
0 4
0 5
30 1
10 1
9 1
2 5
14 1
87 1
23 5
55 1
1 3
27 5
0 4
3 1
12 1
15 1
5 4
6 2
14 3
14 1
16 1
2 4
9 2
1 5
16 2
12 1
2 3
28 1
4 1
1 5
22 3
16 5
8 1
0 5
6 5
17 5
1 4
34 1
17 1
0 4
2 5
2 4
0 5
6 5
42 1
9 4
6 5
11 1
17 5
1 1
29 1
1 4
15 2
2 2
19 1
7 3
2 4
21 1
10 1
30 1
0 4
1 3
1 5
7 2
78 1
11 4
0 4
31 1
5 5
13 5
5 4
12 2
6 1
4 3
1 4
2 4
1 3
79 2
2 4
0 4
27 1
7 2
0 4
7 1
5 1
2 3
5 4
6 1
53 1
4 2
6 4
3 1
14 1
18 1
1 4
15 1
10 4
71 1
7 4
26 1
5 1
2 5
9 1
11 1
8 1
2 5
142 1
3 2
1 1
7 5
2 5
1 3
703 1
8 5
2 4
1 4
1 3
12 1
2 3
3 1
2 5
1 5
1 4
0 5
12 4
11 5
6 2
22 3
5 1
8 1
17 4
76 4
2 1
147 1
4 5
7 1
0 5
2 5
381 1
3 3
2 2
19 1
2 5
6 3
73 1
5 4
13 4
3 4
11 2
12 1
10 1
5 4
3 5
5 4
2 4
1 5
6 5
6 4
10 2
22 1
1 4
1 5
2 2
1 5
44 1
2 4
42 1
1 4
13 2
1 5
2 3
0 3
0 4
11 1
11 2
3 1
0 5
2 2
10 2
3 1
2 4
13 1
3 2
1 3
0 5
110 1
10 2
10 2
8 5
14 1
4 1
1 4
1 5
4 1
0 5
2 2
10 4
10 4
8 4
1 1
10 1
0 5
4 1
8 4
4 3
0 4
0 4
0 4
0 4
1 4
1 3
1 1
0 1
5 1
4 3
2 2
1 5
6 1
1 5
32 4
14 5
16 5
2 4
6 5
1 5
0 5
1 4
24 1
0 3
0 4
3 5
2 3
40 1
9 5
6 3
6 2
0 3
60 1
20 2
3 5
12 1
3 5
13 5
1 4
2 5
0 5
2 5
46 1
16 5
5 5
3 5
4 1
2 5
8 5
10 5
2 5
7 5
4 5
34 1
7 4
42 1
6 5
7 5
0 5
62 1
7 5
2 4
6 1
0 5
8 5
3 4
0 5
1 5
23 2
2 3
7 1
25 5
7 1
6 3
26 5
2 5
5 5
2 5
4 4
3 4
12 5
8 5
8 4
98 5
10 2
12 4
11 5
13 1
11 1
29 1
9 4
4 3
38 5
50 1
11 4
9 3
14 5
5 4
4 4
8 4
28 1
5 5
5 5
19 5
12 2
15 2
2 3
17 5
5 5
16 5
1 4
0 5
41 5
7 5
37 4
22 3
11 4
29 5
27 5
67 1
12 5
15 2
25 1
16 2
14 5
11 5
1 5
13 5
11 5
10 5
412 2
18 5
2 4
0 5
5 4
104 5
5 5
5 5
17 5
14 3
29 1
32 5
3 1
5 5
2 5
0 5
0 4
1 5
3 4
0 5
16 1
17 1
0 4
20 1
0 5
16 1
0 5
0 5
0 5
11 2
0 5
0 5
0 5
0 5
2 5
1 5
0 5
0 3
0 5
13 1
0 5
1 5
0 5
0 5
2 5
9 2
0 5
0 5
0 5
1 5
1 5
