3	1	4	0.75
1	2	3	0.333333
3	1	4	0.75
2	1	3	0.666667
3	2	4	0.75
2	5	10	0.2
1	1	5	0.2
1	2	5	0.2
4	5	11	0.363636
5	5	14	0.357143
6	1	9	0.666667
0	4	19	0
2	2	7	0.285714
0	3	5	0
1	3	3	0.333333
0	3	5	0
10	3	12	0.833333
2	2	4	0.5
5	1	6	0.833333
155	1	173	0.895954
3	1	5	0.6
3	1	6	0.5
2	2	3	0.666667
6	2	7	0.857143
3	2	3	1
6	1	7	0.857143
3	1	5	0.6
5	1	6	0.833333
5	5	16	0.3125
5	2	11	0.454545
7	1	8	0.875
4	2	5	0.8
4	3	5	0.8
17	1	19	0.894737
6	2	8	0.75
2	5	15	0.133333
12	1	13	0.923077
1	3	5	0.2
1	2	2	0.5
10	1	12	0.833333
5	2	7	0.714286
7	1	9	0.777778
4	1	8	0.5
2	5	14	0.142857
1	2	3	0.333333
3	1	3	1
4	1	5	0.8
3	2	4	0.75
6	1	8	0.75
4	3	4	1
4	1	6	0.666667
4	2	4	1
5	1	6	0.833333
1	3	3	0.333333
5	1	5	1
3	2	3	1
5	1	5	1
5	1	5	1
1	4	7	0.142857
8	1	10	0.8
8	1	10	0.8
4	5	12	0.333333
8	1	10	0.8
9	1	10	0.9
12	1	22	0.545455
3	2	4	0.75
4	1	4	1
4	1	5	0.8
13	1	15	0.866667
6	1	6	1
0	4	6	0
2	2	2	1
0	5	7	0
2	4	10	0.2
2	2	7	0.285714
13	1	15	0.866667
7	1	8	0.875
0	2	1	0
1	2	2	0.5
0	3	1	0
2	4	4	0.5
5	1	5	1
101	1	109	0.926606
1	3	2	0.5
5	1	7	0.714286
3	2	4	0.75
1	3	1	1
1	4	3	0.333333
3	2	3	1
4	5	16	0.25
1	2	1	1
2	3	4	0.5
1	5	9	0.111111
0	4	4	0
2	5	10	0.2
2	1	6	0.333333
1	1	6	0.166667
1	2	2	0.5
1	1	2	0.5
2	1	3	0.666667
2	2	2	1
1	1	1	1
1	2	1	1
0	3	1	0
2	1	5	0.4
14	2	20	0.7
1	3	2	0.5
2	1	3	0.666667
4	1	4	1
5	1	6	0.833333
5	1	6	0.833333
5	1	5	1
3	1	3	1
2	5	14	0.142857
3	2	3	1
0	3	0	0
2	1	2	1
2	1	2	1
1	4	6	0.166667
2	1	2	1
2	1	2	1
5	2	5	1
5	1	6	0.833333
4	1	4	1
5	1	5	1
4	1	5	0.8
1	4	5	0.2
0	3	1	0
2	4	5	0.4
3	1	3	1
0	2	0	0
0	3	1	0
3	1	4	0.75
1	3	2	0.5
5	1	6	0.833333
14	1	17	0.823529
15	1	17	0.882353
3	1	3	1
0	3	1	0
2	1	2	1
1	4	3	0.333333
1	2	2	0.5
1	4	4	0.25
2	5	11	0.181818
1	3	2	0.5
4	4	10	0.4
1	4	7	0.142857
4	1	5	0.8
4	1	5	0.8
1	2	1	1
6	1	6	1
4	1	7	0.571429
8	1	10	0.8
0	3	6	0
1	4	4	0.25
2	5	11	0.181818
4	1	4	1
1	5	8	0.125
3	1	4	0.75
0	1	1	0
2	1	2	1
2	5	5	0.4
0	2	2	0
2	5	6	0.333333
2	1	3	0.666667
0	3	1	0
1	1	2	0.5
2	5	9	0.222222
15	1	19	0.789474
1	3	1	1
0	2	3	0
0	2	1	0
3	2	5	0.6
3	1	7	0.428571
3	1	5	0.6
3	1	6	0.5
3	1	5	0.6
2	1	5	0.4
3	2	4	0.75
3	1	3	1
1	1	1	1
2	2	4	0.5
1	2	2	0.5
1	4	2	0.5
3	2	6	0.5
1	2	2	0.5
2	2	3	0.666667
2	2	2	1
2	1	2	1
1	1	2	0.5
1	2	2	0.5
2	1	2	1
3	1	3	1
2	4	6	0.333333
2	1	3	0.666667
1	2	1	1
2	1	3	0.666667
1	2	1	1
1	3	2	0.5
1	1	3	0.333333
4	3	10	0.4
1	1	2	0.5
31	1	40	0.775
3	3	5	0.6
0	3	1	0
3	1	3	1
4	1	5	0.8
4	2	5	0.8
2	1	8	0.25
0	3	0	0
2	2	2	1
3	2	6	0.5
3	2	4	0.75
13	4	23	0.565217
3	1	6	0.5
0	1	0	0
2	3	3	0.666667
1	1	1	1
2	1	2	1
2	1	2	1
2	2	2	1
1	1	1	1
1	1	1	1
1	4	5	0.2
1	1	1	1
4	1	5	0.8
169	1	204	0.828431
3	2	3	1
5	2	6	0.833333
1	1	2	0.5
3	1	3	1
1	3	1	1
2	1	2	1
1	3	1	1
0	1	0	0
1	1	2	0.5
1	3	1	1
0	5	4	0
0	2	0	0
2	2	4	0.5
2	2	3	0.666667
0	2	2	0
0	1	1	0
0	2	0	0
1	3	2	0.5
0	1	0	0
11	1	21	0.52381
1	3	6	0.166667
2	1	2	1
0	2	0	0
1	1	2	0.5
0	3	1	0
1	1	1	1
1	2	2	0.5
0	2	0	0
1	1	1	1
2	1	2	1
5	2	6	0.833333
6	5	19	0.315789
6	1	7	0.857143
11	1	13	0.846154
5	1	5	1
1	3	1	1
0	1	0	0
1	4	8	0.125
5	1	7	0.714286
0	1	0	0
5	1	9	0.555556
4	3	5	0.8
1	4	4	0.25
6	1	7	0.857143
3	1	4	0.75
0	4	5	0
1	1	1	1
5	1	5	1
2	2	2	1
0	2	1	0
1	1	1	1
1	2	1	1
2	1	2	1
0	2	0	0
10	1	12	0.833333
1	1	1	1
2	1	2	1
10	1	19	0.526316
11	1	12	0.916667
3	1	3	1
2	1	3	0.666667
3	1	3	1
3	2	3	1
3	4	6	0.5
2	1	3	0.666667
1	1	1	1
2	4	4	0.5
3	5	10	0.3
0	3	1	0
1	1	1	1
3	1	3	1
2	1	2	1
5	3	6	0.833333
2	1	2	1
5	1	6	0.833333
0	2	0	0
4	1	4	1
8	1	11	0.727273
1	1	1	1
3	1	4	0.75
1	1	1	1
0	2	0	0
4	1	4	1
2	5	11	0.181818
16	1	17	0.941176
4	1	5	0.8
11	1	15	0.733333
4	1	6	0.666667
3	1	3	1
6	1	8	0.75
6	1	7	0.857143
1	1	3	0.333333
11	2	15	0.733333
8	1	11	0.727273
3	1	3	1
3	1	3	1
5	2	6	0.833333
0	3	1	0
3	1	4	0.75
1	3	2	0.5
1	3	4	0.25
2	1	4	0.5
3	3	4	0.75
1	1	1	1
3	1	4	0.75
3	4	8	0.375
4	1	7	0.571429
1	1	3	0.333333
4	2	5	0.8
2	1	3	0.666667
4	1	6	0.666667
2	1	2	1
4	3	6	0.666667
2	1	3	0.666667
2	1	3	0.666667
2	1	3	0.666667
4	1	6	0.666667
4	1	6	0.666667
2	3	3	0.666667
3	1	5	0.6
2	3	5	0.4
0	2	1	0
0	1	1	0
2	1	3	0.666667
2	2	4	0.5
1	1	4	0.25
2	4	6	0.333333
1	1	3	0.333333
0	2	2	0
0	2	1	0
0	1	1	0
1	2	4	0.25
3	1	4	0.75
0	2	2	0
2	1	4	0.5
0	1	2	0
1	1	3	0.333333
2	1	4	0.5
7	1	10	0.7
1	1	3	0.333333
36	3	49	0.734694
8	1	10	0.8
3	4	6	0.5
2	3	3	0.666667
1	1	3	0.333333
2	3	4	0.5
0	2	1	0
1	2	3	0.333333
0	1	2	0
1	1	3	0.333333
2	1	5	0.4
11	3	13	0.846154
1	1	3	0.333333
1	2	2	0.5
1	2	3	0.333333
1	1	4	0.25
0	1	3	0
2	1	4	0.5
0	1	2	0
1	2	5	0.2
4	3	6	0.666667
2	1	5	0.4
5	5	12	0.416667
6	3	6	1
3	1	6	0.5
0	2	1	0
1	3	1	1
1	1	3	0.333333
2	1	4	0.5
2	3	3	0.666667
0	1	1	0
3	5	8	0.375
0	1	2	0
1	2	3	0.333333
7	1	10	0.7
0	1	2	0
5	1	7	0.714286
0	1	3	0
6	2	7	0.857143
1	2	3	0.333333
0	2	2	0
1	2	3	0.333333
3	2	6	0.5
4	4	7	0.571429
3	4	12	0.25
1	3	4	0.25
2	2	4	0.5
2	1	4	0.5
1	2	4	0.25
2	3	4	0.5
7	2	10	0.7
6	2	8	0.75
5	3	6	0.833333
2	2	3	0.666667
4	3	4	1
3	1	5	0.6
2	2	5	0.4
3	3	5	0.6
6	5	18	0.333333
5	2	8	0.625
3	2	5	0.6
4	4	8	0.5
4	2	6	0.666667
7	2	11	0.636364
2	2	3	0.666667
2	2	4	0.5
6	1	9	0.666667
2	1	4	0.5
3	3	4	0.75
1	3	4	0.25
3	1	6	0.5
3	4	4	0.75
1	3	1	1
3	1	5	0.6
4	5	18	0.222222
3	4	7	0.428571
2	1	5	0.4
4	3	5	0.8
3	4	11	0.272727
3	2	5	0.6
2	2	6	0.333333
3	3	4	0.75
4	4	6	0.666667
2	4	7	0.285714
2	2	3	0.666667
0	3	2	0
4	4	11	0.363636
6	2	9	0.666667
2	2	6	0.333333
3	3	4	0.75
3	3	4	0.75
2	5	12	0.166667
1	3	3	0.333333
1	2	4	0.25
3	1	8	0.375
4	5	14	0.285714
2	3	6	0.333333
3	1	5	0.6
3	1	6	0.5
1	3	3	0.333333
2	2	3	0.666667
6	5	23	0.26087
4	5	9	0.444444
0	2	4	0
1	2	3	0.333333
3	2	6	0.5
3	4	9	0.333333
1	3	3	0.333333
1	3	5	0.2
38	4	41	0.926829
1	1	3	0.333333
1	1	3	0.333333
0	3	1	0
1	1	3	0.333333
1	1	3	0.333333
0	2	2	0
2	3	3	0.666667
0	2	1	0
0	3	1	0
1	1	3	0.333333
2	5	9	0.222222
0	2	0	0
0	3	1	0
0	2	2	0
2	5	7	0.285714
0	3	1	0
1	1	2	0.5
1	1	2	0.5
1	2	3	0.333333
2	1	3	0.666667
0	1	0	0
1	2	2	0.5
0	3	1	0
0	3	1	0
1	4	2	0.5
0	2	0	0
2	5	7	0.285714
1	3	3	0.333333
0	4	1	0
2	5	8	0.25
1	4	2	0.5
2	1	3	0.666667
0	3	1	0
0	3	1	0
2	1	3	0.666667
0	3	1	0
1	4	2	0.5
1	4	3	0.333333
0	2	2	0
0	2	0	0
0	2	0	0
1	1	2	0.5
0	1	1	0
2	1	3	0.666667
0	3	0	0
0	1	1	0
1	2	2	0.5
1	4	2	0.5
1	3	2	0.5
0	2	0	0
0	3	1	0
0	2	0	0
1	1	2	0.5
2	1	3	0.666667
0	2	1	0
2	1	3	0.666667
1	4	3	0.333333
2	4	9	0.222222
4	5	8	0.5
0	1	1	0
2	4	6	0.333333
0	1	1	0
2	5	6	0.333333
0	3	2	0
0	3	2	0
4	5	7	0.571429
0	2	1	0
0	2	1	0
1	4	3	0.333333
0	2	0	0
1	4	2	0.5
0	1	1	0
0	3	0	0
0	2	0	0
3	5	6	0.5
2	5	6	0.333333
0	1	1	0
1	2	2	0.5
0	3	1	0
1	3	2	0.5
1	2	1	1
1	3	2	0.5
0	1	1	0
1	4	2	0.5
3	2	4	0.75
0	2	0	0
0	1	1	0
1	1	1	1
0	2	0	0
8	2	10	0.8
1	4	2	0.5
1	4	3	0.333333
0	1	1	0
1	2	1	1
0	1	0	0
1	3	1	1
2	3	3	0.666667
3	5	10	0.3
1	5	5	0.2
0	3	1	0
0	3	1	0
0	1	1	0
0	4	1	0
1	3	1	1
0	1	1	0
0	2	1	0
1	3	2	0.5
0	1	1	0
0	2	0	0
0	2	1	0
0	2	0	0
3	5	6	0.5
2	5	5	0.4
2	5	5	0.4
0	2	1	0
0	2	0	0
2	5	6	0.333333
0	3	0	0
3	5	6	0.5
1	1	2	0.5
0	3	0	0
0	3	0	0
5	3	7	0.714286
1	2	2	0.5
2	2	3	0.666667
0	3	0	0
0	1	1	0
0	2	0	0
1	4	2	0.5
0	2	0	0
1	4	2	0.5
1	4	2	0.5
3	5	6	0.5
1	3	2	0.5
1	1	2	0.5
1	3	2	0.5
1	4	2	0.5
2	3	3	0.666667
1	4	2	0.5
1	3	3	0.333333
0	1	1	0
0	2	2	0
2	5	6	0.333333
0	3	0	0
0	3	0	0
1	4	2	0.5
0	2	0	0
0	3	0	0
1	4	2	0.5
1	1	2	0.5
1	4	3	0.333333
0	2	0	0
0	2	0	0
0	4	1	0
0	3	0	0
1	4	2	0.5
0	3	0	0
0	1	0	0
0	1	1	0
0	3	1	0
0	3	0	0
1	4	2	0.5
0	3	0	0
0	3	0	0
0	1	1	0
2	5	5	0.4
2	5	5	0.4
0	1	1	0
1	4	2	0.5
0	1	1	0
1	4	2	0.5
3	5	6	0.5
2	5	4	0.5
2	5	5	0.4
0	3	0	0
1	4	2	0.5
0	3	0	0
0	2	0	0
0	3	0	0
0	3	0	0
3	4	4	0.75
1	3	1	1
0	4	0	0
0	4	1	0
1	2	1	1
1	1	2	0.5
1	3	1	1
0	3	0	0
0	3	0	0
0	2	1	0
2	5	5	0.4
1	4	2	0.5
1	1	2	0.5
0	1	0	0
0	3	0	0
0	3	0	0
1	4	2	0.5
1	1	2	0.5
1	5	5	0.2
