13 1
10 1
0 3
10 1
7 2
1 4
2 2
5 2
1 1
21 1
4 2
4 2
11 1
0 5
1 4
1 5
0 5
11 2
11 2
2 4
3 1
0 3
1 4
1 4
1 2
2 5
2 1
3 3
0 3
0 5
0 3
2 3
0 4
2 1
1 1
0 3
1 2
0 2
0 1
1 3
2 1
0 1
6 1
0 3
11 3
13 4
3 1
3 5
3 3
8 4
4 5
4 1
1 3
4 2
2 1
1 1
2 1
2 5
2 3
3 1
1 4
4 1
0 3
1 1
1 2
3 4
1 4
3 2
0 3
1 3
0 3
1 1
0 4
1 1
3 1
14 2
1 5
1 2
0 2
2 2
0 1
1 3
1 1
0 4
2 1
1 5
0 3
3 1
4 1
5 2
0 2
0 2
0 5
1 1
6 1
0 2
0 1
2 3
5 3
1 2
8 1
1 4
1 3
0 4
1 5
1 3
2 3
0 1
2 2
1 4
1 5
1 1
1 4
3 1
2 1
1 1
1 1
1 2
2 5
3 1
0 4
7 2
6 2
3 1
3 2
3 3
4 1
3 1
1 2
9 3
3 2
5 5
14 1
1 1
4 2
5 1
2 1
1 3
1 3
21 2
14 1
11 2
2 5
2 2
2 5
0 3
4 2
2 3
3 4
4 1
1 4
1 4
2 4
1 1
7 1
2 2
2 1
1 1
0 5
5 1
1 1
0 3
0 5
0 1
1 1
0 1
4 4
2 1
2 1
2 1
9 1
2 4
4 2
0 5
1 5
2 3
0 3
4 4
1 5
4 2
3 3
1 1
3 2
2 4
3 1
2 1
3 2
1 1
11 1
1 4
2 1
3 2
1 4
0 3
2 1
2 1
3 1
3 4
19 1
3 5
1 4
3 3
5 2
1 4
1 2
0 4
5 1
3 2
0 2
13 1
11 2
1 2
39 1
3 2
3 3
19 1
1 4
3 4
4 1
0 3
0 4
3 1
0 2
14 2
1 2
4 2
3 2
5 2
5 1
1 3
1 4
0 2
1 1
3 5
3 1
5 2
2 1
2 1
2 4
2 2
0 4
2 3
0 5
0 1
1 1
2 1
1 3
0 5
3 1
0 2
0 3
5 2
9 4
2 1
7 5
37 5
1 2
7 1
10 3
2 2
0 1
8 1
4 3
3 1
2 3
4 4
1 4
11 2
19 4
1 2
5 2
2 3
0 3
3 1
5 1
3 4
2 1
2 1
0 3
2 2
4 1
3 3
3 1
5 2
1 1
2 4
0 4
4 2
5 1
1 2
3 4
1 3
4 2
1 2
3 1
1 5
3 2
2 5
1 3
1 5
4 2
4 2
4 3
2 2
3 2
12 1
5 1
1 4
1 3
5 1
1 4
2 4
1 2
2 5
3 3
3 2
0 4
1 2
3 4
6 1
6 4
3 1
3 3
2 1
0 5
2 1
6 3
2 1
0 4
2 5
2 1
5 5
2 1
3 1
80 3
1 2
2 1
1 4
1 1
5 1
0 5
2 1
1 1
0 5
0 1
7 1
3 4
2 1
3 1
0 4
5 1
4 3
2 2
5 1
1 2
1 2
0 2
1 3
0 2
4 2
2 2
19 1
0 5
4 3
2 1
1 2
3 1
1 4
2 2
2 2
1 4
4 1
8 5
2 4
2 2
4 2
5 1
1 2
1 2
5 2
13 1
14 1
1 2
2 1
12 2
3 1
3 3
3 1
3 1
6 1
0 1
6 3
2 1
1 2
2 1
2 1
6 2
4 3
3 1
2 1
1 2
4 2
0 2
2 1
2 1
3 1
5 1
3 3
4 2
9 1
3 1
1 2
3 1
1 2
5 1
2 1
1 5
3 1
2 1
3 1
4 1
1 5
9 1
4 1
11 4
0 4
0 4
9 1
9 2
0 4
3 2
4 1
2 2
4 2
3 2
1 3
3 1
3 2
2 2
3 2
10 3
3 1
3 1
6 2
12 1
1 2
5 4
4 1
2 1
3 1
3 1
3 2
1 2
1 5
0 2
0 3
3 3
0 2
5 1
2 1
0 4
1 1
0 4
18 2
1 2
36 2
22 2
9 2
2 2
25 2
1 1
2 1
0 3
8 3
2 1
0 2
3 1
1 3
3 1
0 2
1 2
10 3
0 3
2 1
1 3
7 1
0 2
6 2
4 1
3 5
1 2
1 2
0 2
0 2
1 4
0 4
0 3
1 4
0 4
6 1
1 5
0 4
2 1
0 3
4 1
9 1
4 3
0 3
0 2
2 3
0 5
126 2
5 4
5 1
2 4
2 4
4 1
0 3
3 3
21 1
2 5
2 2
0 2
0 4
1 3
0 5
0 4
6 2
2 1
0 2
0 3
1 2
1 3
0 4
0 1
7 3
0 3
0 3
1 3
0 5
3 1
0 4
0 4
0 2
0 2
2 1
13 4
4 1
4 1
30 4
0 5
3 1
15 2
0 3
4 5
3 2
1 3
7 1
7 2
11 2
15 1
17 2
4 2
7 5
42 1
6 2
14 5
4 5
5 1
29 1
2 4
4 3
36 1
0 3
5 2
3 4
3 3
2 1
1 4
6 1
1 5
0 4
6 1
2 1
7 2
1 4
6 2
0 5
1 1
6 1
2 3
2 2
1 1
2 2
0 3
2 1
0 2
0 2
0 4
0 3
0 3
0 3
0 5
9 2
0 2
4 1
1 1
0 4
3 1
0 3
0 2
0 4
1 1
0 3
0 3
0 5
0 4
2 1
1 3
2 2
3 1
0 5
1 1
0 5
3 1
0 4
2 1
0 2
0 3
1 2
4 1
2 1
0 2
1 1
0 4
0 2
3 1
0 2
0 3
0 3
1 2
2 1
2 2
6 1
2 1
1 3
0 3
0 3
13 1
1 1
0 3
0 3
0 2
0 2
0 3
1 4
1 3
46 3
2 3
9 1
120 2
18 3
1 2
4 1
2 1
7 1
0 3
0 4
22 2
30 1
2 4
0 2
10 1
0 4
0 3
0 4
0 5
0 2
1 2
14 3
36 1
0 2
11 4
4 5
3 3
4 1
4 2
0 4
29 3
0 5
0 3
10 3
6 2
0 4
4 2
3 1
5 1
0 4
1 2
0 4
9 1
1 4
25 4
6 2
0 5
0 5
3 1
0 3
3 2
13 2
28 4
0 3
4 2
20 3
1 3
5 3
11 2
0 4
6 1
1 5
7 2
0 5
45 3
0 4
2 4
1 4
1 4
3 3
0 1
2 5
2 3
1 2
4 2
6 1
5 1
2 3
4 5
2 3
4 1
3 1
54 5
0 5
1 2
0 5
1 4
4 5
6 3
4 1
1 3
1 3
1 5
2 3
0 4
0 5
2 1
21 2
0 5
0 5
28 5
3 3
5 1
6 4
61 5
0 5
49 5
7 3
1 5
1 4
2 5
4 4
0 5
2 5
5 5
0 5
2 4
10 1
1 5
56 4
9 1
1 5
3 5
2 5
2 5
1 5
