4 4
5 4
3 5
31 3
5 5
21 2
17 5
11 5
6 5
7 5
6 5
7 5
46 1
6 5
23 5
10 5
9 5
5 5
14 1
9 5
1 5
3 5
12 5
14 5
7 5
12 1
13 5
8 5
23 4
7 2
8 5
6 5
19 1
5 5
7 5
7 5
1 5
14 5
3 5
12 5
5 5
5 5
84 1
4 5
25 1
6 5
4 5
25 5
12 5
10 5
26 1
10 5
19 1
43 1
28 5
10 5
45 1
19 1
15 5
7 5
20 1
21 1
8 5
8 5
11 3
12 1
8 5
5 5
17 1
12 1
2 3
15 1
14 1
11 2
12 4
20 1
10 5
5 5
16 2
9 5
12 5
4 5
6 5
5 5
7 5
2 5
6 5
23 1
2 5
6 5
7 5
6 5
31 4
3 4
20 1
4 5
9 5
8 4
9 5
5 5
2 4
13 1
24 3
41 5
8 5
19 3
11 1
3 5
3 4
9 5
4 1
5 5
8 5
5 5
7 5
14 1
5 3
6 5
2 5
18 1
94 5
6 5
3 5
3 1
3 5
12 5
8 1
5 5
0 5
9 1
5 5
4 2
29 5
1 5
3 1
63 4
7 5
4 5
8 5
3 5
7 5
4 5
4 1
1 5
2 5
5 5
7 5
3 5
2 1
5 1
14 5
17 1
86 1
7 5
6 5
10 5
6 5
4 5
5 1
8 5
19 5
2 5
57 1
2 5
37 1
25 1
9 5
4 5
8 1
14 1
16 5
6 5
8 5
6 5
3 5
4 5
5 4
16 1
9 5
4 2
8 5
11 1
5 1
10 1
9 5
16 5
8 1
6 5
3 5
3 5
4 5
10 5
11 1
1 5
3 5
2 5
3 5
3 5
1 5
1 5
2 5
2 5
1 4
0 5
6 1
6 5
17 1
8 5
12 5
6 5
5 5
5 5
2 5
1 5
1 5
2 5
6 5
3 5
31 1
1 5
3 5
3 5
16 1
5 4
9 1
13 1
7 5
3 5
3 5
27 4
3 5
3 5
11 1
13 1
10 5
13 5
4 1
8 1
9 1
6 1
3 5
20 5
0 4
5 5
3 5
1 3
13 1
11 4
4 5
7 1
1 4
354 1
2 2
12 5
4 5
5 5
5 1
2 5
1 5
15 2
10 5
5 5
7 3
2 5
10 2
0 2
7 5
7 4
7 5
10 5
5 5
4 5
9 5
9 5
6 5
10 5
4 4
4 4
2 5
8 5
3 5
10 3
11 1
52 1
3 5
2 3
7 1
4 5
3 5
13 5
2 5
4 5
5 2
2 5
3 5
0 3
10 1
22 5
2 5
1 5
5 5
2 5
6 1
1 1
2 5
2 5
3 5
13 5
2 1
2 4
5 5
2 5
3 5
2 5
7 5
4 1
7 1
1 5
19 5
2 5
2 1
4 1
11 5
7 5
3 5
4 5
10 5
3 1
19 5
12 1
7 5
16 1
13 5
7 5
36 5
12 1
19 5
15 5
87 5
23 5
15 5
10 5
2 5
4 5
1 3
6 5
18 1
11 5
9 2
20 1
11 5
7 5
4 5
10 5
16 5
0 5
12 1
7 4
24 2
1 5
5 5
1 5
6 3
11 1
8 5
12 5
14 5
12 1
2 5
7 5
6 5
25 1
16 1
6 5
9 5
7 1
8 5
1 5
2 5
19 5
3 5
199 5
217 5
1 5
62 5
1 5
1 5
4 5
0 4
9 4
550 3
5 5
1 5
1 5
17 1
15 1
11 4
10 5
9 5
3 3
5 5
8 5
7 5
13 1
3 5
5 4
3 5
6 5
5 4
7 5
4 5
2 5
4 5
14 1
23 1
2 5
5 5
8 5
2 3
26 5
2 5
38 2
3 4
5 5
9 5
5 5
0 1
20 1
13 5
6 5
11 1
5 1
2 5
6 2
0 5
5 5
3 5
12 5
5 5
8 5
3 3
4 4
1 5
0 5
5 1
23 1
1 5
2 5
2 5
7 3
4 5
3 1
2 5
16 1
9 5
9 1
1 5
61 5
15 5
6 3
14 1
4 2
5 4
9 5
5 5
7 5
11 1
1 5
0 4
11 5
6 5
17 5
12 5
1 5
0 5
0 5
0 5
5 4
9 5
22 5
0 5
15 3
2 5
10 5
5 5
8 5
19 2
1 5
6 5
22 5
3 5
8 5
6 5
5 5
26 5
7 5
6 5
21 5
3 5
1 5
33 1
11 5
1 5
4 5
9 5
1 5
2 4
3 3
10 1
6 5
13 5
11 1
7 1
8 1
11 1
1 4
31 5
13 3
15 4
25 5
5 5
17 1
1 1
4 5
10 2
16 2
14 5
9 4
15 5
8 5
20 1
4 5
20 5
17 5
14 1
21 1
3 1
2 1
73 3
1 5
0 5
2 5
0 4
1 5
0 5
0 5
12 1
0 5
1 5
69 1
18 2
0 5
7 3
0 5
0 5
1 5
1 5
8 1
0 5
0 3
0 5
0 5
0 5
1 5
0 5
0 5
0 5
1 3
1 1
0 5
0 5
0 5
0 5
10 1
0 5
0 5
0 5
0 5
0 4
0 5
4 1
0 4
2 1
20 1
0 5
0 5
0 5
5 1
4 5
0 5
0 5
1 5
1 5
0 5
0 5
0 5
8 1
0 3
1 5
0 1
0 5
7 1
4 1
0 5
0 5
0 5
0 5
0 5
0 5
0 5
26 1
0 5
0 5
0 5
28 1
0 5
0 5
1 2
0 5
0 4
0 5
0 5
0 4
3 2
0 5
0 4
0 5
0 5
0 5
3 1
0 4
0 5
0 5
0 5
0 5
0 5
1 1
0 5
3 1
0 5
2 5
0 5
0 5
2 2
28 1
0 5
0 4
0 5
1 2
2 5
0 5
1 5
0 5
5 1
0 5
17 1
8 2
1 1
0 5
1 4
1 5
1 5
1 5
1 5
26 1
7 1
22 1
3 3
1 5
3 1
1 5
0 5
0 5
0 5
3 5
0 5
6 1
0 5
1 5
1 5
1 3
21 1
1 4
1 4
8 5
1 5
2 5
0 5
4 5
