1	4	4	0.25
1	5	8	0.125
1	3	4	0.25
1	5	4	0.25
2	5	7	0.285714
1	4	6	0.166667
2	5	8	0.25
2	4	7	0.285714
0	5	5	0
12	1	14	0.857143
1	5	6	0.166667
1	3	4	0.25
1	5	5	0.2
1	5	5	0.2
3	4	10	0.3
1	1	9	0.111111
3	5	7	0.428571
8	4	11	0.727273
1	3	4	0.25
0	4	3	0
1	5	6	0.166667
20	1	23	0.869565
2	4	5	0.4
16	1	21	0.761905
11	1	16	0.6875
93	1	108	0.861111
29	1	34	0.852941
0	5	14	0
34	1	39	0.871795
4	3	8	0.5
4	4	8	0.5
1	2	5	0.2
5	4	8	0.625
5	5	12	0.416667
9	3	11	0.818182
3	4	4	0.75
2	4	5	0.4
1	5	7	0.142857
0	5	7	0
19	1	21	0.904762
31	1	33	0.939394
3	4	10	0.3
11	1	12	0.916667
19	1	21	0.904762
2	2	4	0.5
9	1	9	1
10	1	10	1
3	5	12	0.25
6	2	9	0.666667
1	5	8	0.125
14	1	15	0.933333
7	2	8	0.875
11	1	12	0.916667
1	5	7	0.142857
3	3	4	0.75
2	5	8	0.25
23	1	26	0.884615
12	1	14	0.857143
13	1	18	0.722222
3	4	7	0.428571
2	3	4	0.5
0	4	3	0
0	3	0	0
3	2	3	1
2	5	7	0.285714
2	5	11	0.181818
144	1	169	0.852071
17	1	25	0.68
26	1	28	0.928571
14	4	19	0.736842
2	5	11	0.181818
1	5	8	0.125
2	4	5	0.4
15	1	21	0.714286
13	1	16	0.8125
8	1	11	0.727273
19	1	21	0.904762
2	2	3	0.666667
26	1	30	0.866667
3	4	5	0.6
35	1	39	0.897436
17	1	19	0.894737
3	5	7	0.428571
3	5	11	0.272727
31	1	36	0.861111
28	1	34	0.823529
1685	1	2010	0.838308
1	4	4	0.25
0	4	3	0
9	5	15	0.6
10	5	18	0.555556
0	4	4	0
2	5	7	0.285714
0	4	6	0
28	1	32	0.875
5	5	10	0.5
13	5	21	0.619048
6	2	7	0.857143
30	1	39	0.769231
6	1	8	0.75
1	5	6	0.166667
2	4	7	0.285714
2	5	8	0.25
3	5	9	0.333333
1	5	8	0.125
37	1	44	0.840909
26	5	37	0.702703
3	5	8	0.375
2	5	7	0.285714
0	3	2	0
2	3	7	0.285714
22	1	26	0.846154
1	3	5	0.2
3	3	6	0.5
0	3	3	0
1	4	3	0.333333
1	4	3	0.333333
1	5	5	0.2
1	4	4	0.25
1	5	6	0.166667
22	1	24	0.916667
0	5	5	0
0	5	4	0
1	3	2	0.5
118	1	134	0.880597
1	4	1	1
1	2	1	1
1	4	1	1
0	3	0	0
7	1	9	0.777778
0	4	1	0
0	2	2	0
19	1	21	0.904762
1	3	1	1
0	4	3	0
1	2	2	0.5
0	4	2	0
12	1	14	0.857143
5	3	7	0.714286
2	5	5	0.4
3	4	5	0.6
14	2	17	0.823529
5	5	14	0.357143
0	3	2	0
12	1	14	0.857143
10	1	14	0.714286
9	1	12	0.75
8	5	14	0.571429
28	1	35	0.8
26	1	31	0.83871
4	1	6	0.666667
1	5	5	0.2
253	1	299	0.846154
2	1	2	1
9	1	13	0.692308
10	1	14	0.714286
13	1	18	0.722222
1	4	5	0.2
29	1	32	0.90625
12	1	14	0.857143
2	4	6	0.333333
15	1	19	0.789474
3	5	6	0.5
0	5	2	0
1	5	5	0.2
4	1	13	0.307692
2	1	2	1
33	1	46	0.717391
12	5	20	0.6
6	3	7	0.857143
7	1	10	0.7
2	1	2	1
2	5	5	0.4
0	5	4	0
2	5	5	0.4
1	3	2	0.5
2	5	5	0.4
10	1	14	0.714286
18	1	23	0.782609
9	1	14	0.642857
1	5	8	0.125
111	1	148	0.75
17	1	24	0.708333
2	5	6	0.333333
14	1	30	0.466667
4	4	4	1
2	2	4	0.5
0	4	2	0
0	4	2	0
0	3	1	0
1	4	3	0.333333
0	5	2	0
1	3	3	0.333333
462	1	551	0.838475
12	1	14	0.857143
15	1	17	0.882353
16	1	19	0.842105
2	4	5	0.4
24	1	30	0.8
4	2	7	0.571429
1	5	5	0.2
1	5	7	0.142857
26	1	31	0.83871
1	5	7	0.142857
24	1	28	0.857143
16	1	21	0.761905
110	1	129	0.852713
0	5	6	0
1	4	3	0.333333
28	1	33	0.848485
13	1	16	0.8125
4	1	4	1
1	5	10	0.1
1	4	4	0.25
1	4	5	0.2
4	4	6	0.666667
17	1	19	0.894737
1	5	5	0.2
2	5	7	0.285714
3	2	4	0.75
6	1	8	0.75
2	5	6	0.333333
15	1	24	0.625
2	3	3	0.666667
10	1	10	1
24	1	30	0.8
18	1	24	0.75
0	4	2	0
8	1	9	0.888889
3	5	12	0.25
0	5	2	0
6	2	9	0.666667
1	3	1	1
1	5	4	0.25
4	5	7	0.571429
1	4	2	0.5
5	5	8	0.625
2	3	2	1
11	1	14	0.785714
11	1	18	0.611111
16	2	18	0.888889
0	4	6	0
9	1	10	0.9
6	3	6	1
12	1	14	0.857143
36	1	43	0.837209
63	1	72	0.875
1	3	1	1
0	4	5	0
2	5	9	0.222222
8	1	19	0.421053
1	5	4	0.25
0	5	2	0
2	3	9	0.222222
2	3	7	0.285714
0	5	4	0
10	1	14	0.714286
0	5	4	0
7	1	8	0.875
1	5	4	0.25
3	3	5	0.6
0	5	4	0
18	2	21	0.857143
5	4	7	0.714286
13	1	16	0.8125
7	2	8	0.875
9	2	11	0.818182
21	1	24	0.875
34	2	39	0.871795
2	1	2	1
12	2	14	0.857143
12	2	16	0.75
13	2	15	0.866667
8	5	18	0.444444
16	1	19	0.842105
1	3	3	0.333333
9	1	12	0.75
5	1	7	0.714286
12	1	16	0.75
11	2	17	0.647059
1	4	3	0.333333
0	4	3	0
0	5	7	0
3	3	5	0.6
4	2	5	0.8
20	4	25	0.8
0	5	8	0
7	1	9	0.777778
1	1	1	1
10	1	19	0.526316
10	1	17	0.588235
0	5	5	0
2	2	4	0.5
27	1	32	0.84375
2	4	4	0.5
12	1	16	0.75
10	5	18	0.555556
5	2	6	0.833333
8	1	11	0.727273
11	3	16	0.6875
0	3	2	0
19	1	22	0.863636
21	4	30	0.7
0	5	15	0
5	5	8	0.625
2	4	3	0.666667
11	1	13	0.846154
1	5	3	0.333333
1	4	2	0.5
1	5	5	0.2
3	5	6	0.5
4	4	4	1
0	2	2	0
2	1	2	1
9	5	15	0.6
7	1	14	0.5
2	1	3	0.666667
5	3	8	0.625
23	1	29	0.793103
9	1	9	1
6	2	9	0.666667
14	1	17	0.823529
2	5	9	0.222222
14	1	17	0.823529
4	4	4	1
4	3	4	1
3	5	6	0.5
3	4	3	1
3	3	4	0.75
2	1	2	1
0	2	0	0
7	2	7	1
0	5	2	0
4	2	7	0.571429
1	2	5	0.2
2	5	11	0.181818
2	5	5	0.4
2	3	4	0.5
20	1	23	0.869565
2	5	5	0.4
2	4	4	0.5
24	1	29	0.827586
4	4	4	1
5	1	7	0.714286
40	1	54	0.740741
14	1	21	0.666667
3	4	6	0.5
2	3	2	1
2	5	4	0.5
1	5	3	0.333333
1	4	1	1
11	1	11	1
5	1	7	0.714286
1	5	2	0.5
23	1	26	0.884615
0	4	1	0
5	2	6	0.833333
4	1	6	0.666667
5	2	5	1
2	5	3	0.666667
1	4	1	1
1	5	3	0.333333
1	5	6	0.166667
1	5	2	0.5
1	4	1	1
0	4	0	0
0	5	4	0
1	5	4	0.25
6	1	8	0.75
1	4	3	0.333333
4	1	5	0.8
2	3	2	1
0	3	0	0
2	3	2	1
0	4	0	0
1	3	3	0.333333
1	5	4	0.25
6	5	11	0.545455
7	1	10	0.7
15	1	18	0.833333
8	1	9	0.888889
2	5	5	0.4
1	2	2	0.5
6	1	8	0.75
0	5	1	0
0	5	2	0
0	5	1	0
2	1	2	1
3	2	4	0.75
0	4	2	0
1	1	1	1
17	1	19	0.894737
1	4	2	0.5
1	5	3	0.333333
0	4	0	0
0	5	3	0
0	5	3	0
2	2	4	0.5
0	4	0	0
0	4	0	0
0	5	2	0
1	3	2	0.5
2	4	6	0.333333
0	5	1	0
3	2	5	0.6
2	4	3	0.666667
7	2	8	0.875
16	1	22	0.727273
25	5	37	0.675676
5	1	7	0.714286
0	3	0	0
1	5	5	0.2
0	4	3	0
19	1	22	0.863636
4	3	4	1
9	5	14	0.642857
1	5	6	0.166667
11	1	15	0.733333
2	4	2	1
4	1	4	1
6	1	8	0.75
18	1	21	0.857143
25	1	27	0.925926
1	5	4	0.25
2	5	6	0.333333
25	1	26	0.961538
7	3	7	1
1	1	1	1
8	1	11	0.727273
6	3	7	0.857143
22	1	31	0.709677
3	5	6	0.5
6	1	8	0.75
1	5	6	0.166667
0	5	2	0
1	4	1	1
0	4	0	0
12	1	14	0.857143
2	4	2	1
2	4	2	1
4	4	4	1
2	1	3	0.666667
5	3	5	1
3	3	3	1
4	2	5	0.8
2	4	3	0.666667
13	1	18	0.722222
0	2	1	0
5	5	8	0.625
0	5	1	0
1	4	1	1
5	5	8	0.625
0	5	2	0
8	4	10	0.8
0	5	1	0
1	5	2	0.5
0	5	2	0
2	5	9	0.222222
1	5	3	0.333333
6	1	7	0.857143
0	4	1	0
2	5	9	0.222222
5	1	11	0.454545
4	5	7	0.571429
6	5	9	0.666667
8	1	12	0.666667
7	5	11	0.636364
3	4	4	0.75
1	4	2	0.5
7	1	11	0.636364
1	4	2	0.5
20	1	24	0.833333
2	3	2	1
8	1	11	0.727273
6	4	8	0.75
2	5	6	0.333333
4	4	7	0.571429
8	1	11	0.727273
1	4	1	1
1	3	4	0.25
10	1	12	0.833333
1	4	1	1
31	1	37	0.837838
6	4	7	0.857143
1	4	1	1
0	5	3	0
1	5	4	0.25
3	4	4	0.75
4	4	8	0.5
4	5	8	0.5
10	2	12	0.833333
0	5	6	0
23	1	32	0.71875
22	1	35	0.628571
9	1	10	0.9
1	5	10	0.1
24	1	33	0.727273
3	2	3	1
2	5	4	0.5
13	1	16	0.8125
0	4	2	0
2	4	4	0.5
25	1	29	0.862069
9	2	12	0.75
1	4	3	0.333333
1	5	3	0.333333
10	5	18	0.555556
1	5	5	0.2
0	4	1	0
1	2	1	1
4	4	6	0.666667
22	1	26	0.846154
2	3	2	1
4	1	5	0.8
1	3	4	0.25
9	1	9	1
9	3	12	0.75
11	1	13	0.846154
4	5	8	0.5
1	4	3	0.333333
0	5	3	0
2	2	2	1
0	5	3	0
0	5	3	0
0	5	2	0
0	4	0	0
0	4	0	0
1	4	1	1
4	2	5	0.8
1	4	1	1
3	2	4	0.75
0	4	0	0
1	5	2	0.5
0	4	0	0
3	3	4	0.75
4	4	4	1
2	3	2	1
1	5	4	0.25
2	1	4	0.5
2	4	2	1
4	2	7	0.571429
7	5	11	0.636364
3	5	6	0.5
6	3	8	0.75
1	5	2	0.5
0	4	0	0
6	4	7	0.857143
3	5	6	0.5
10	2	16	0.625
1	1	2	0.5
162	1	194	0.835052
1	4	3	0.333333
7	1	9	0.777778
13	1	19	0.684211
2	5	7	0.285714
2	2	2	1
1	4	1	1
10	1	11	0.909091
13	3	17	0.764706
21	1	27	0.777778
15	1	19	0.789474
4	4	9	0.444444
1	3	3	0.333333
5	1	6	0.833333
0	5	2	0
11	5	19	0.578947
20	1	29	0.689655
6	3	10	0.6
17	1	24	0.708333
6	2	9	0.666667
2	1	5	0.4
3	5	5	0.6
3	3	5	0.6
15	1	18	0.833333
43	1	57	0.754386
35	1	42	0.833333
4	5	17	0.235294
2	5	5	0.4
8	4	14	0.571429
1	5	3	0.333333
4	5	8	0.5
1	4	2	0.5
12	1	17	0.705882
2	1	5	0.4
1	3	5	0.2
7	5	12	0.583333
6	4	9	0.666667
83	2	103	0.805825
1	3	3	0.333333
7	4	9	0.777778
1	3	2	0.5
5	5	8	0.625
36	1	46	0.782609
7	4	8	0.875
7	1	9	0.777778
9	1	11	0.818182
4	5	7	0.571429
4	5	9	0.444444
14	1	19	0.736842
0	3	1	0
13	2	16	0.8125
21	4	41	0.512195
3	5	7	0.428571
9	4	10	0.9
9	3	15	0.6
12	2	15	0.8
11	5	17	0.647059
13	1	16	0.8125
7	1	9	0.777778
3	2	5	0.6
4	4	8	0.5
17	1	21	0.809524
9	3	16	0.5625
1	1	3	0.333333
6	2	9	0.666667
1	5	6	0.166667
16	3	24	0.666667
6	1	6	1
2	2	3	0.666667
1	4	5	0.2
7	5	13	0.538462
0	4	4	0
11	1	13	0.846154
16	1	18	0.888889
5	1	14	0.357143
16	1	20	0.8
1	5	6	0.166667
3	4	5	0.6
25	1	30	0.833333
22	1	26	0.846154
2	4	4	0.5
0	4	2	0
2	5	5	0.4
4	3	8	0.5
15	1	18	0.833333
3	4	5	0.6
13	1	20	0.65
2	5	5	0.4
2	5	6	0.333333
30	1	36	0.833333
5	5	11	0.454545
0	3	1	0
2	3	4	0.5
11	1	14	0.785714
13	1	20	0.65
1	3	7	0.142857
8	2	13	0.615385
4	1	5	0.8
4	4	5	0.8
1	5	7	0.142857
8	1	9	0.888889
6	5	10	0.6
1	4	2	0.5
17	1	21	0.809524
0	3	0	0
4	1	5	0.8
2	3	3	0.666667
1	4	1	1
305	1	351	0.868946
1	4	2	0.5
5	4	7	0.714286
25	1	30	0.833333
12	2	15	0.8
7	2	11	0.636364
36	1	42	0.857143
1	5	11	0.0909091
38	1	45	0.844444
6	5	14	0.428571
14	1	19	0.736842
7	5	16	0.4375
8	2	11	0.727273
8	4	12	0.666667
15	1	19	0.789474
1	3	1	1
7	1	15	0.466667
16	1	20	0.8
14	5	26	0.538462
4	5	11	0.363636
7	1	13	0.538462
12	5	19	0.631579
5	2	7	0.714286
33	1	40	0.825
17	5	28	0.607143
20	1	26	0.769231
12	1	20	0.6
25	4	31	0.806452
11	1	15	0.733333
4	4	8	0.5
3	5	9	0.333333
19	2	27	0.703704
1	4	3	0.333333
2	3	3	0.666667
17	1	28	0.607143
0	4	1	0
40	1	54	0.740741
19	3	25	0.76
2	3	2	1
0	5	6	0
14	3	17	0.823529
0	5	4	0
23	3	30	0.766667
33	1	38	0.868421
8	1	9	0.888889
1	5	8	0.125
7	4	11	0.636364
6	1	10	0.6
0	4	1	0
0	5	10	0
30	1	33	0.909091
10	1	12	0.833333
9	1	9	1
2	5	6	0.333333
14	1	16	0.875
87	1	103	0.84466
23	5	35	0.657143
55	1	65	0.846154
1	3	3	0.333333
27	5	39	0.692308
0	4	2	0
3	1	4	0.75
12	1	17	0.705882
15	1	17	0.882353
5	4	9	0.555556
6	2	7	0.857143
14	3	19	0.736842
14	1	16	0.875
16	1	17	0.941176
2	4	6	0.333333
9	2	14	0.642857
1	5	6	0.166667
16	2	20	0.8
12	1	13	0.923077
2	3	2	1
28	1	33	0.848485
4	1	9	0.444444
1	5	5	0.2
22	3	27	0.814815
16	5	28	0.571429
8	1	11	0.727273
0	5	2	0
6	5	13	0.461538
17	5	28	0.607143
1	4	1	1
34	1	41	0.829268
17	1	21	0.809524
0	4	1	0
2	5	7	0.285714
2	4	6	0.333333
0	5	4	0
6	5	12	0.5
42	1	55	0.763636
9	4	11	0.818182
6	5	11	0.545455
11	1	14	0.785714
17	5	23	0.73913
1	1	2	0.5
29	1	34	0.852941
1	4	5	0.2
15	2	18	0.833333
2	2	4	0.5
19	1	24	0.791667
7	3	10	0.7
2	4	5	0.4
21	1	24	0.875
10	1	10	1
30	1	35	0.857143
0	4	0	0
1	3	3	0.333333
1	5	9	0.111111
7	2	8	0.875
78	1	95	0.821053
11	4	16	0.6875
0	4	0	0
31	1	37	0.837838
5	5	10	0.5
13	5	21	0.619048
5	4	7	0.714286
12	2	20	0.6
6	1	6	1
4	3	5	0.8
1	4	2	0.5
2	4	4	0.5
1	3	5	0.2
79	2	95	0.831579
2	4	7	0.285714
0	4	2	0
27	1	33	0.818182
7	2	10	0.7
0	4	2	0
7	1	7	1
5	1	6	0.833333
2	3	2	1
5	4	8	0.625
6	1	7	0.857143
53	1	65	0.815385
4	2	6	0.666667
6	4	8	0.75
3	1	3	1
14	1	20	0.7
18	1	24	0.75
1	4	2	0.5
15	1	21	0.714286
10	4	16	0.625
71	1	110	0.645455
7	4	8	0.875
26	1	36	0.722222
5	1	7	0.714286
2	5	7	0.285714
9	1	10	0.9
11	1	13	0.846154
8	1	9	0.888889
2	5	5	0.4
142	1	165	0.860606
3	2	3	1
1	1	1	1
7	5	13	0.538462
2	5	4	0.5
1	3	2	0.5
703	1	831	0.845969
8	5	21	0.380952
2	4	4	0.5
1	4	5	0.2
1	3	2	0.5
12	1	14	0.857143
2	3	12	0.166667
3	1	3	1
2	5	5	0.4
1	5	4	0.25
1	4	2	0.5
0	5	4	0
12	4	15	0.8
11	5	17	0.647059
6	2	12	0.5
22	3	26	0.846154
5	1	7	0.714286
8	1	13	0.615385
17	4	21	0.809524
76	4	98	0.77551
2	1	6	0.333333
147	1	173	0.849711
4	5	7	0.571429
7	1	7	1
0	5	5	0
2	5	4	0.5
381	1	479	0.795407
3	3	5	0.6
2	2	15	0.133333
19	1	20	0.95
2	5	6	0.333333
6	3	10	0.6
73	1	91	0.802198
5	4	5	1
13	4	18	0.722222
3	4	4	0.75
11	2	19	0.578947
12	1	23	0.521739
10	1	12	0.833333
5	4	6	0.833333
3	5	7	0.428571
5	4	9	0.555556
2	4	3	0.666667
1	5	3	0.333333
6	5	10	0.6
6	4	7	0.857143
10	2	19	0.526316
22	1	49	0.44898
1	4	2	0.5
1	5	3	0.333333
2	2	6	0.333333
1	5	2	0.5
44	1	67	0.656716
2	4	5	0.4
42	1	54	0.777778
1	4	4	0.25
13	2	17	0.764706
1	5	5	0.2
2	3	2	1
0	3	2	0
0	4	3	0
11	1	17	0.647059
11	2	15	0.733333
3	1	7	0.428571
0	5	6	0
2	2	2	1
10	2	11	0.909091
3	1	3	1
2	4	4	0.5
13	1	18	0.722222
3	2	3	1
1	3	2	0.5
0	5	2	0
110	1	127	0.866142
10	2	12	0.833333
10	2	13	0.769231
8	5	13	0.615385
14	1	22	0.636364
4	1	6	0.666667
1	4	5	0.2
1	5	6	0.166667
4	1	5	0.8
0	5	3	0
2	2	3	0.666667
10	4	13	0.769231
10	4	12	0.833333
8	4	9	0.888889
1	1	3	0.333333
10	1	12	0.833333
0	5	1	0
4	1	5	0.8
8	4	11	0.727273
4	3	4	1
0	4	1	0
0	4	0	0
0	4	0	0
0	4	1	0
1	4	3	0.333333
1	3	2	0.5
1	1	1	1
0	1	0	0
5	1	8	0.625
4	3	7	0.571429
2	2	2	1
1	5	3	0.333333
6	1	9	0.666667
1	5	3	0.333333
32	4	39	0.820513
14	5	24	0.583333
16	5	24	0.666667
2	4	3	0.666667
6	5	12	0.5
1	5	4	0.25
0	5	2	0
1	4	2	0.5
24	1	28	0.857143
0	3	1	0
0	4	3	0
3	5	9	0.333333
2	3	9	0.222222
40	1	53	0.754717
9	5	22	0.409091
6	3	8	0.75
6	2	15	0.4
0	3	0	0
60	1	78	0.769231
20	2	24	0.833333
3	5	7	0.428571
12	1	27	0.444444
3	5	7	0.428571
13	5	19	0.684211
1	4	4	0.25
2	5	5	0.4
0	5	3	0
2	5	7	0.285714
46	1	58	0.793103
16	5	22	0.727273
5	5	9	0.555556
3	5	8	0.375
4	1	7	0.571429
2	5	5	0.4
8	5	14	0.571429
10	5	16	0.625
2	5	4	0.5
7	5	12	0.583333
4	5	7	0.571429
34	1	44	0.772727
7	4	14	0.5
42	1	75	0.56
6	5	11	0.545455
7	5	11	0.636364
0	5	2	0
62	1	76	0.815789
7	5	11	0.636364
2	4	4	0.5
6	1	9	0.666667
0	5	2	0
8	5	13	0.615385
3	4	4	0.75
0	5	1	0
1	5	3	0.333333
23	2	28	0.821429
2	3	2	1
7	1	9	0.777778
25	5	32	0.78125
7	1	9	0.777778
6	3	10	0.6
26	5	34	0.764706
2	5	5	0.4
5	5	11	0.454545
2	5	5	0.4
4	4	6	0.666667
3	4	5	0.6
12	5	21	0.571429
8	5	14	0.571429
8	4	9	0.888889
98	5	128	0.765625
10	2	22	0.454545
12	4	15	0.8
11	5	18	0.611111
13	1	18	0.722222
11	1	18	0.611111
29	1	37	0.783784
9	4	11	0.818182
4	3	6	0.666667
38	5	51	0.745098
50	1	67	0.746269
11	4	13	0.846154
9	3	11	0.818182
14	5	21	0.666667
5	4	6	0.833333
4	4	5	0.8
8	4	9	0.888889
28	1	46	0.608696
5	5	9	0.555556
5	5	10	0.5
19	5	27	0.703704
12	2	19	0.631579
15	2	18	0.833333
2	3	6	0.333333
17	5	26	0.653846
5	5	15	0.333333
16	5	24	0.666667
1	4	3	0.333333
0	5	1	0
41	5	55	0.745455
7	5	12	0.583333
37	4	46	0.804348
22	3	29	0.758621
11	4	17	0.647059
29	5	39	0.74359
27	5	36	0.75
67	1	83	0.807229
12	5	18	0.666667
15	2	18	0.833333
25	1	34	0.735294
16	2	21	0.761905
14	5	21	0.666667
11	5	16	0.6875
1	5	3	0.333333
13	5	19	0.684211
11	5	18	0.611111
10	5	16	0.625
412	2	511	0.806262
18	5	25	0.72
2	4	4	0.5
0	5	3	0
5	4	11	0.454545
104	5	134	0.776119
5	5	11	0.454545
5	5	14	0.357143
17	5	23	0.73913
14	3	19	0.736842
29	1	38	0.763158
32	5	42	0.761905
3	1	3	1
5	5	9	0.555556
2	5	5	0.4
0	5	5	0
0	4	0	0
1	5	4	0.25
3	4	3	1
0	5	1	0
16	1	18	0.888889
17	1	19	0.894737
0	4	0	0
20	1	22	0.909091
0	5	5	0
16	1	18	0.888889
0	5	2	0
0	5	1	0
0	5	3	0
11	2	13	0.846154
0	5	2	0
0	5	1	0
0	5	1	0
0	5	2	0
2	5	4	0.5
1	5	3	0.333333
0	5	3	0
0	3	1	0
0	5	2	0
13	1	14	0.928571
0	5	2	0
1	5	3	0.333333
0	5	2	0
0	5	2	0
2	5	5	0.4
9	2	10	0.9
0	5	9	0
0	5	3	0
0	5	3	0
1	5	4	0.25
1	5	4	0.25
