13	1	17	0.764706
10	1	15	0.666667
0	3	3	0
10	1	14	0.714286
7	2	8	0.875
1	4	10	0.1
2	2	5	0.4
5	2	7	0.714286
1	1	1	1
21	1	24	0.875
4	2	8	0.5
4	2	4	1
11	1	12	0.916667
0	5	2	0
1	4	5	0.2
1	5	4	0.25
0	5	5	0
11	2	12	0.916667
11	2	11	1
2	4	11	0.181818
3	1	3	1
0	3	1	0
1	4	4	0.25
1	4	4	0.25
1	2	1	1
2	5	7	0.285714
2	1	3	0.666667
3	3	7	0.428571
0	3	1	0
0	5	3	0
0	3	0	0
2	3	3	0.666667
0	4	1	0
2	1	2	1
1	1	3	0.333333
0	3	1	0
1	2	1	1
0	2	1	0
0	1	0	0
1	3	3	0.333333
2	1	3	0.666667
0	1	0	0
6	1	6	1
0	3	0	0
11	3	13	0.846154
13	4	18	0.722222
3	1	4	0.75
3	5	4	0.75
3	3	4	0.75
8	4	11	0.727273
4	5	9	0.444444
4	1	5	0.8
1	3	1	1
4	2	4	1
2	1	2	1
1	1	1	1
2	1	3	0.666667
2	5	4	0.5
2	3	2	1
3	1	4	0.75
1	4	2	0.5
4	1	5	0.8
0	3	0	0
1	1	1	1
1	2	1	1
3	4	6	0.5
1	4	1	1
3	2	4	0.75
0	3	0	0
1	3	1	1
0	3	1	0
1	1	1	1
0	4	0	0
1	1	1	1
3	1	4	0.75
14	2	14	1
1	5	2	0.5
1	2	1	1
0	2	0	0
2	2	2	1
0	1	0	0
1	3	1	1
1	1	2	0.5
0	4	0	0
2	1	3	0.666667
1	5	4	0.25
0	3	2	0
3	1	4	0.75
4	1	5	0.8
5	2	5	1
0	2	0	0
0	2	0	0
0	5	2	0
1	1	3	0.333333
6	1	6	1
0	2	0	0
0	1	0	0
2	3	2	1
5	3	5	1
1	2	1	1
8	1	10	0.8
1	4	1	1
1	3	2	0.5
0	4	2	0
1	5	7	0.142857
1	3	2	0.5
2	3	3	0.666667
0	1	2	0
2	2	3	0.666667
1	4	2	0.5
1	5	4	0.25
1	1	2	0.5
1	4	2	0.5
3	1	4	0.75
2	1	3	0.666667
1	1	3	0.333333
1	1	2	0.5
1	2	1	1
2	5	4	0.5
3	1	4	0.75
0	4	2	0
7	2	10	0.7
6	2	7	0.857143
3	1	4	0.75
3	2	3	1
3	3	3	1
4	1	6	0.666667
3	1	7	0.428571
1	2	1	1
9	3	13	0.692308
3	2	6	0.5
5	5	8	0.625
14	1	23	0.608696
1	1	2	0.5
4	2	4	1
5	1	6	0.833333
2	1	3	0.666667
1	3	1	1
1	3	5	0.2
21	2	30	0.7
14	1	18	0.777778
11	2	13	0.846154
2	5	9	0.222222
2	2	3	0.666667
2	5	8	0.25
0	3	2	0
4	2	5	0.8
2	3	2	1
3	4	12	0.25
4	1	7	0.571429
1	4	2	0.5
1	4	3	0.333333
2	4	5	0.4
1	1	6	0.166667
7	1	9	0.777778
2	2	2	1
2	1	3	0.666667
1	1	2	0.5
0	5	3	0
5	1	8	0.625
1	1	1	1
0	3	0	0
0	5	3	0
0	1	2	0
1	1	3	0.333333
0	1	1	0
4	4	7	0.571429
2	1	2	1
2	1	2	1
2	1	2	1
9	1	9	1
2	4	4	0.5
4	2	5	0.8
0	5	3	0
1	5	4	0.25
2	3	4	0.5
0	3	2	0
4	4	5	0.8
1	5	4	0.25
4	2	8	0.5
3	3	5	0.6
1	1	1	1
3	2	4	0.75
2	4	3	0.666667
3	1	3	1
2	1	2	1
3	2	5	0.6
1	1	1	1
11	1	13	0.846154
1	4	6	0.166667
2	1	2	1
3	2	3	1
1	4	3	0.333333
0	3	0	0
2	1	3	0.666667
2	1	3	0.666667
3	1	5	0.6
3	4	4	0.75
19	1	26	0.730769
3	5	8	0.375
1	4	3	0.333333
3	3	4	0.75
5	2	6	0.833333
1	4	1	1
1	2	1	1
0	4	0	0
5	1	5	1
3	2	4	0.75
0	2	0	0
13	1	18	0.722222
11	2	13	0.846154
1	2	3	0.333333
39	1	46	0.847826
3	2	5	0.6
3	3	4	0.75
19	1	20	0.95
1	4	1	1
3	4	5	0.6
4	1	7	0.571429
0	3	0	0
0	4	0	0
3	1	5	0.6
0	2	7	0
14	2	23	0.608696
1	2	2	0.5
4	2	9	0.444444
3	2	4	0.75
5	2	9	0.555556
5	1	9	0.555556
1	3	1	1
1	4	1	1
0	2	0	0
1	1	2	0.5
3	5	6	0.5
3	1	3	1
5	2	7	0.714286
2	1	2	1
2	1	5	0.4
2	4	3	0.666667
2	2	2	1
0	4	0	0
2	3	3	0.666667
0	5	4	0
0	1	11	0
1	1	3	0.333333
2	1	5	0.4
1	3	1	1
0	5	2	0
3	1	4	0.75
0	2	2	0
0	3	0	0
5	2	9	0.555556
9	4	14	0.642857
2	1	2	1
7	5	12	0.583333
37	5	72	0.513889
1	2	3	0.333333
7	1	16	0.4375
10	3	11	0.909091
2	2	2	1
0	1	0	0
8	1	11	0.727273
4	3	5	0.8
3	1	3	1
2	3	2	1
4	4	5	0.8
1	4	3	0.333333
11	2	13	0.846154
19	4	21	0.904762
1	2	1	1
5	2	6	0.833333
2	3	3	0.666667
0	3	1	0
3	1	4	0.75
5	1	6	0.833333
3	4	6	0.5
2	1	2	1
2	1	2	1
0	3	0	0
2	2	3	0.666667
4	1	5	0.8
3	3	3	1
3	1	3	1
5	2	5	1
1	1	3	0.333333
2	4	3	0.666667
0	4	4	0
4	2	4	1
5	1	5	1
1	2	1	1
3	4	5	0.6
1	3	2	0.5
4	2	5	0.8
1	2	1	1
3	1	3	1
1	5	4	0.25
3	2	3	1
2	5	4	0.5
1	3	1	1
1	5	7	0.142857
4	2	4	1
4	2	5	0.8
4	3	4	1
2	2	2	1
3	2	3	1
12	1	13	0.923077
5	1	6	0.833333
1	4	4	0.25
1	3	2	0.5
5	1	6	0.833333
1	4	4	0.25
2	4	2	1
1	2	1	1
2	5	9	0.222222
3	3	3	1
3	2	4	0.75
0	4	1	0
1	2	4	0.25
3	4	8	0.375
6	1	7	0.857143
6	4	8	0.75
3	1	3	1
3	3	3	1
2	1	2	1
0	5	4	0
2	1	2	1
6	3	6	1
2	1	2	1
0	4	3	0
2	5	4	0.5
2	1	2	1
5	5	15	0.333333
2	1	3	0.666667
3	1	3	1
80	3	89	0.898876
1	2	1	1
2	1	3	0.666667
1	4	3	0.333333
1	1	1	1
5	1	6	0.833333
0	5	4	0
2	1	2	1
1	1	1	1
0	5	1	0
0	1	1	0
7	1	9	0.777778
3	4	6	0.5
2	1	3	0.666667
3	1	6	0.5
0	4	3	0
5	1	7	0.714286
4	3	5	0.8
2	2	2	1
5	1	6	0.833333
1	2	1	1
1	2	1	1
0	2	0	0
1	3	1	1
0	2	0	0
4	2	5	0.8
2	2	3	0.666667
19	1	21	0.904762
0	5	8	0
4	3	4	1
2	1	3	0.666667
1	2	2	0.5
3	1	4	0.75
1	4	5	0.2
2	2	3	0.666667
2	2	3	0.666667
1	4	5	0.2
4	1	9	0.444444
8	5	13	0.615385
2	4	5	0.4
2	2	2	1
4	2	4	1
5	1	7	0.714286
1	2	1	1
1	2	1	1
5	2	5	1
13	1	15	0.866667
14	1	16	0.875
1	2	1	1
2	1	2	1
12	2	12	1
3	1	4	0.75
3	3	7	0.428571
3	1	3	1
3	1	3	1
6	1	9	0.666667
0	1	0	0
6	3	8	0.75
2	1	2	1
1	2	2	0.5
2	1	2	1
2	1	2	1
6	2	7	0.857143
4	3	5	0.8
3	1	3	1
2	1	2	1
1	2	3	0.333333
4	2	4	1
0	2	0	0
2	1	2	1
2	1	2	1
3	1	3	1
5	1	5	1
3	3	4	0.75
4	2	6	0.666667
9	1	9	1
3	1	3	1
1	2	1	1
3	1	3	1
1	2	1	1
5	1	5	1
2	1	2	1
1	5	9	0.111111
3	1	3	1
2	1	2	1
3	1	3	1
4	1	4	1
1	5	4	0.25
9	1	9	1
4	1	5	0.8
11	4	21	0.52381
0	4	5	0
0	4	2	0
9	1	11	0.818182
9	2	9	1
0	4	3	0
3	2	3	1
4	1	4	1
2	2	2	1
4	2	5	0.8
3	2	3	1
1	3	1	1
3	1	3	1
3	2	3	1
2	2	2	1
3	2	4	0.75
10	3	11	0.909091
3	1	3	1
3	1	3	1
6	2	7	0.857143
12	1	13	0.923077
1	2	1	1
5	4	10	0.5
4	1	4	1
2	1	2	1
3	1	3	1
3	1	3	1
3	2	4	0.75
1	2	1	1
1	5	5	0.2
0	2	0	0
0	3	1	0
3	3	3	1
0	2	0	0
5	1	5	1
2	1	2	1
0	4	1	0
1	1	1	1
0	4	1	0
18	2	20	0.9
1	2	1	1
36	2	41	0.878049
22	2	28	0.785714
9	2	15	0.6
2	2	2	1
25	2	26	0.961538
1	1	4	0.25
2	1	2	1
0	3	0	0
8	3	10	0.8
2	1	2	1
0	2	0	0
3	1	6	0.5
1	3	2	0.5
3	1	3	1
0	2	0	0
1	2	2	0.5
10	3	11	0.909091
0	3	0	0
2	1	2	1
1	3	2	0.5
7	1	9	0.777778
0	2	0	0
6	2	6	1
4	1	4	1
3	5	5	0.6
1	2	1	1
1	2	1	1
0	2	0	0
0	2	0	0
1	4	2	0.5
0	4	1	0
0	3	0	0
1	4	3	0.333333
0	4	1	0
6	1	7	0.857143
1	5	4	0.25
0	4	1	0
2	1	3	0.666667
0	3	0	0
4	1	5	0.8
9	1	10	0.9
4	3	6	0.666667
0	3	0	0
0	2	0	0
2	3	2	1
0	5	3	0
126	2	150	0.84
5	4	9	0.555556
5	1	7	0.714286
2	4	6	0.333333
2	4	7	0.285714
4	1	6	0.666667
0	3	0	0
3	3	4	0.75
21	1	28	0.75
2	5	6	0.333333
2	2	3	0.666667
0	2	0	0
0	4	1	0
1	3	1	1
0	5	4	0
0	4	3	0
6	2	6	1
2	1	2	1
0	2	0	0
0	3	0	0
1	2	1	1
1	3	3	0.333333
0	4	3	0
0	1	1	0
7	3	7	1
0	3	0	0
0	3	0	0
1	3	2	0.5
0	5	4	0
3	1	4	0.75
0	4	2	0
0	4	2	0
0	2	0	0
0	2	0	0
2	1	3	0.666667
13	4	16	0.8125
4	1	5	0.8
4	1	11	0.363636
30	4	35	0.857143
0	5	8	0
3	1	7	0.428571
15	2	36	0.416667
0	3	0	0
4	5	18	0.222222
3	2	5	0.6
1	3	2	0.5
7	1	9	0.777778
7	2	8	0.875
11	2	12	0.916667
15	1	20	0.75
17	2	31	0.548387
4	2	5	0.8
7	5	14	0.5
42	1	68	0.617647
6	2	10	0.6
14	5	25	0.56
4	5	14	0.285714
5	1	6	0.833333
29	1	31	0.935484
2	4	9	0.222222
4	3	8	0.5
36	1	45	0.8
0	3	0	0
5	2	7	0.714286
3	4	7	0.428571
3	3	4	0.75
2	1	4	0.5
1	4	1	1
6	1	7	0.857143
1	5	10	0.1
0	4	4	0
6	1	7	0.857143
2	1	2	1
7	2	9	0.777778
1	4	3	0.333333
6	2	6	1
0	5	6	0
1	1	1	1
6	1	7	0.857143
2	3	2	1
2	2	2	1
1	1	1	1
2	2	2	1
0	3	0	0
2	1	2	1
0	2	0	0
0	2	0	0
0	4	0	0
0	3	0	0
0	3	0	0
0	3	0	0
0	5	4	0
9	2	16	0.5625
0	2	0	0
4	1	4	1
1	1	1	1
0	4	0	0
3	1	3	1
0	3	0	0
0	2	0	0
0	4	1	0
1	1	1	1
0	3	0	0
0	3	0	0
0	5	2	0
0	4	0	0
2	1	2	1
1	3	3	0.333333
2	2	2	1
3	1	3	1
0	5	3	0
1	1	1	1
0	5	2	0
3	1	3	1
0	4	0	0
2	1	2	1
0	2	0	0
0	3	0	0
1	2	1	1
4	1	4	1
2	1	2	1
0	2	0	0
1	1	1	1
0	4	0	0
0	2	0	0
3	1	3	1
0	2	0	0
0	3	0	0
0	3	0	0
1	2	1	1
2	1	2	1
2	2	2	1
6	1	8	0.75
2	1	2	1
1	3	1	1
0	3	0	0
0	3	0	0
13	1	16	0.8125
1	1	1	1
0	3	0	0
0	3	0	0
0	2	0	0
0	2	0	0
0	3	0	0
1	4	6	0.166667
1	3	1	1
46	3	63	0.730159
2	3	3	0.666667
9	1	17	0.529412
120	2	140	0.857143
18	3	22	0.818182
1	2	1	1
4	1	4	1
2	1	4	0.5
7	1	11	0.636364
0	3	0	0
0	4	0	0
22	2	24	0.916667
30	1	39	0.769231
2	4	2	1
0	2	0	0
10	1	26	0.384615
0	4	0	0
0	3	0	0
0	4	0	0
0	5	4	0
0	2	0	0
1	2	1	1
14	3	21	0.666667
36	1	64	0.5625
0	2	1	0
11	4	16	0.6875
4	5	7	0.571429
3	3	4	0.75
4	1	7	0.571429
4	2	4	1
0	4	0	0
29	3	34	0.852941
0	5	7	0
0	3	0	0
10	3	10	1
6	2	7	0.857143
0	4	1	0
4	2	5	0.8
3	1	3	1
5	1	6	0.833333
0	4	1	0
1	2	1	1
0	4	0	0
9	1	10	0.9
1	4	2	0.5
25	4	29	0.862069
6	2	7	0.857143
0	5	1	0
0	5	1	0
3	1	4	0.75
0	3	0	0
3	2	3	1
13	2	14	0.928571
28	4	36	0.777778
0	3	0	0
4	2	4	1
20	3	22	0.909091
1	3	1	1
5	3	7	0.714286
11	2	13	0.846154
0	4	0	0
6	1	7	0.857143
1	5	6	0.166667
7	2	7	1
0	5	1	0
45	3	53	0.849057
0	4	2	0
2	4	3	0.666667
1	4	1	1
1	4	2	0.5
3	3	3	1
0	1	0	0
2	5	3	0.666667
2	3	2	1
1	2	2	0.5
4	2	4	1
6	1	7	0.857143
5	1	7	0.714286
2	3	2	1
4	5	7	0.571429
2	3	2	1
4	1	4	1
3	1	4	0.75
54	5	72	0.75
0	5	3	0
1	2	1	1
0	5	1	0
1	4	1	1
4	5	7	0.571429
6	3	6	1
4	1	6	0.666667
1	3	14	0.0714286
1	3	2	0.5
1	5	5	0.2
2	3	2	1
0	4	2	0
0	5	2	0
2	1	9	0.222222
21	2	27	0.777778
0	5	1	0
0	5	1	0
28	5	36	0.777778
3	3	3	1
5	1	7	0.714286
6	4	10	0.6
61	5	74	0.824324
0	5	1	0
49	5	59	0.830508
7	3	30	0.233333
1	5	18	0.0555556
1	4	3	0.333333
2	5	8	0.25
4	4	11	0.363636
0	5	2	0
2	5	5	0.4
5	5	12	0.416667
0	5	4	0
2	4	7	0.285714
10	1	24	0.416667
1	5	14	0.0714286
56	4	64	0.875
9	1	21	0.428571
1	5	11	0.0909091
3	5	7	0.428571
2	5	8	0.25
2	5	9	0.222222
1	5	13	0.0769231
