2	4	3	0.666667
1	5	2	0.5
0	5	1	0
2	5	2	1
1	1	17	0.0588235
0	5	0	0
0	4	0	0
1	5	2	0.5
0	4	0	0
0	4	0	0
0	2	14	0
0	4	0	0
1	5	1	1
6	2	17	0.352941
1	4	2	0.5
0	5	1	0
1	4	2	0.5
1	5	2	0.5
1	3	2	0.5
1	4	3	0.333333
1	5	1	1
2	5	3	0.666667
3	1	15	0.2
3	5	4	0.75
3	4	4	0.75
0	3	4	0
0	4	2	0
1	5	1	1
0	3	1	0
1	4	1	1
0	4	0	0
0	4	0	0
0	5	0	0
0	4	0	0
2	5	3	0.666667
1	4	1	1
3	2	5	0.6
0	4	1	0
3	4	5	0.6
0	3	1	0
0	4	0	0
2	5	2	1
0	5	0	0
3	5	3	1
0	3	0	0
1	4	1	1
0	4	0	0
0	4	0	0
0	5	0	0
0	2	1	0
0	3	1	0
0	4	0	0
0	4	0	0
2	4	2	1
12	1	28	0.428571
0	4	3	0
0	4	0	0
0	4	0	0
0	3	3	0
0	4	2	0
0	4	1	0
0	2	4	0
0	5	0	0
2	2	3	0.666667
2	3	2	1
1	3	2	0.5
0	4	0	0
2	1	10	0.2
0	5	0	0
0	3	8	0
1	5	1	1
4	5	4	1
2	4	3	0.666667
0	5	1	0
0	5	2	0
0	5	1	0
0	5	0	0
63	5	80	0.7875
1	3	5	0.2
2	5	2	1
2	5	2	1
1	5	1	1
1	5	3	0.333333
2	4	6	0.333333
2	5	2	1
0	5	0	0
0	5	0	0
6	3	10	0.6
1	4	1	1
0	4	0	0
8	1	19	0.421053
1	3	1	1
0	2	1	0
0	3	0	0
8	2	11	0.727273
1	4	6	0.166667
3	1	10	0.3
3	1	22	0.136364
0	4	0	0
0	5	1	0
4	1	11	0.363636
0	5	0	0
0	5	1	0
1	4	2	0.5
0	3	0	0
0	4	0	0
3	2	6	0.5
0	5	0	0
1	5	1	1
0	4	0	0
0	3	0	0
0	5	1	0
2	5	2	1
0	5	1	0
1	5	1	1
1	5	2	0.5
2	5	2	1
1	1	6	0.166667
1	5	1	1
0	3	7	0
0	2	1	0
1	2	2	0.5
1	4	1	1
2	1	8	0.25
0	4	0	0
1	2	2	0.5
2	2	3	0.666667
1	4	1	1
1	3	2	0.5
2	1	8	0.25
0	5	0	0
8	1	19	0.421053
1	4	3	0.333333
1	4	1	1
0	3	1	0
0	5	0	0
0	4	1	0
0	5	0	0
0	3	0	0
0	3	0	0
3	1	36	0.0833333
1	5	1	1
0	4	0	0
0	5	0	0
2	2	6	0.333333
0	4	0	0
0	4	0	0
0	5	0	0
0	4	0	0
1	5	1	1
0	5	1	0
1	4	2	0.5
1	5	1	1
0	3	1	0
0	5	0	0
0	5	0	0
0	2	1	0
0	3	1	0
1	4	1	1
0	3	0	0
3	3	5	0.6
3	5	3	1
0	4	0	0
1	4	1	1
0	4	0	0
0	3	0	0
0	2	1	0
0	3	0	0
3	2	4	0.75
0	5	0	0
1	1	7	0.142857
0	5	0	0
1	1	13	0.0769231
0	3	0	0
1	1	8	0.125
2	5	2	1
0	5	0	0
0	5	0	0
0	5	0	0
0	3	1	0
0	2	0	0
1	3	4	0.25
0	2	0	0
0	1	6	0
4	5	4	1
0	4	0	0
0	2	3	0
0	4	0	0
0	4	0	0
1	2	5	0.2
0	5	1	0
0	5	0	0
0	5	0	0
0	5	0	0
0	5	0	0
1	5	1	1
1	4	3	0.333333
0	4	0	0
0	5	1	0
0	4	4	0
0	2	3	0
1	4	2	0.5
0	4	1	0
2	5	3	0.666667
0	4	1	0
0	5	1	0
0	5	1	0
2	1	8	0.25
0	5	0	0
4	4	4	1
1	5	2	0.5
1	5	2	0.5
0	4	1	0
1	5	2	0.5
0	5	0	0
0	2	3	0
2	4	3	0.666667
0	5	1	0
3	1	11	0.272727
0	4	1	0
0	5	1	0
0	5	0	0
3	3	7	0.428571
0	4	3	0
0	3	2	0
0	4	0	0
0	4	1	0
1	5	2	0.5
1	5	1	1
7	5	8	0.875
4	4	5	0.8
0	5	0	0
2	5	2	1
1	3	2	0.5
1	4	2	0.5
0	3	3	0
1	5	1	1
0	5	5	0
0	5	0	0
3	5	5	0.6
1	3	2	0.5
0	4	2	0
0	3	2	0
0	3	1	0
0	5	0	0
0	4	1	0
1	2	2	0.5
0	4	0	0
1	4	2	0.5
0	3	4	0
2	5	3	0.666667
0	5	0	0
1	4	3	0.333333
2	4	5	0.4
0	3	7	0
3	5	3	1
0	3	3	0
9	5	13	0.692308
2	5	3	0.666667
0	4	4	0
0	5	1	0
0	5	0	0
0	3	0	0
0	5	1	0
0	5	0	0
1	5	3	0.333333
1	5	2	0.5
0	4	1	0
0	5	1	0
1	4	4	0.25
4	5	5	0.8
0	5	2	0
2	1	26	0.0769231
0	5	1	0
1	5	2	0.5
27	1	59	0.457627
1	2	4	0.25
2	1	8	0.25
0	5	1	0
4	1	12	0.333333
2	4	4	0.5
0	4	2	0
1	4	2	0.5
0	2	3	0
0	4	1	0
0	2	6	0
1	3	4	0.25
0	4	2	0
3	4	6	0.5
0	5	1	0
0	5	2	0
0	5	1	0
5	5	9	0.555556
1	4	1	1
0	4	0	0
1	4	1	1
0	5	1	0
0	5	1	0
0	4	1	0
1	5	1	1
1	5	3	0.333333
0	5	0	0
1	5	2	0.5
1	2	4	0.25
0	4	1	0
0	4	0	0
0	5	1	0
0	4	4	0
1	5	2	0.5
0	4	1	0
0	4	1	0
0	3	0	0
0	4	0	0
0	1	7	0
1	4	1	1
2	1	10	0.2
5	1	13	0.384615
0	5	0	0
0	5	0	0
1	5	3	0.333333
0	4	1	0
5	1	14	0.357143
0	4	0	0
0	4	0	0
0	4	0	0
0	5	0	0
0	3	0	0
1	4	1	1
3	2	4	0.75
0	4	0	0
0	4	1	0
0	4	1	0
0	2	3	0
5	1	13	0.384615
1	2	7	0.142857
2	5	2	1
0	4	1	0
0	3	1	0
0	5	1	0
0	5	0	0
0	4	0	0
2	5	3	0.666667
2	5	2	1
0	5	0	0
1	3	3	0.333333
0	5	5	0
5	1	13	0.384615
7	1	17	0.411765
3	1	10	0.3
2	1	8	0.25
3	1	12	0.25
0	5	0	0
0	5	0	0
0	4	0	0
0	5	0	0
0	4	1	0
5	1	13	0.384615
0	2	2	0
0	5	0	0
2	4	2	1
0	4	0	0
3	5	3	1
2	1	8	0.25
3	5	4	0.75
1	5	1	1
1	5	1	1
1	5	1	1
2	5	3	0.666667
0	4	0	0
0	5	0	0
6	1	16	0.375
5	5	5	1
4	1	11	0.363636
0	2	1	0
2	5	2	1
0	3	0	0
1	5	1	1
0	5	0	0
1	3	1	1
0	5	1	0
0	5	1	0
1	2	2	0.5
0	2	1	0
0	4	0	0
0	5	0	0
0	4	0	0
0	5	0	0
2	1	8	0.25
4	4	6	0.666667
0	4	0	0
0	5	0	0
1	5	1	1
0	3	0	0
0	3	1	0
0	3	4	0
1	5	2	0.5
0	1	5	0
1	4	1	1
1	5	2	0.5
2	5	3	0.666667
1	3	2	0.5
4	5	4	1
15	5	23	0.652174
0	4	0	0
0	4	3	0
0	2	0	0
0	3	0	0
0	3	0	0
0	3	0	0
0	3	0	0
0	3	0	0
1	1	6	0.166667
0	4	0	0
0	3	0	0
0	3	0	0
0	3	0	0
0	2	1	0
0	3	0	0
0	4	0	0
0	3	0	0
0	3	2	0
0	3	0	0
0	5	1	0
1	5	1	1
82	5	98	0.836735
1	4	1	1
1	5	2	0.5
0	5	2	0
12	1	26	0.461538
0	5	0	0
2	3	4	0.5
1	3	4	0.25
5	5	7	0.714286
0	4	2	0
1	5	2	0.5
2	4	4	0.5
2	4	4	0.5
3	5	3	1
1	5	1	1
0	4	0	0
1	3	2	0.5
2	4	3	0.666667
4	5	4	1
0	3	0	0
1	5	1	1
0	4	0	0
13	5	16	0.8125
0	5	0	0
0	5	0	0
6	2	14	0.428571
0	5	0	0
1	3	7	0.142857
4	5	5	0.8
0	5	1	0
0	2	2	0
4	4	4	1
0	5	1	0
2	4	2	1
1	5	1	1
0	1	6	0
0	3	1	0
2	4	5	0.4
1	4	1	1
4	1	11	0.363636
6	1	15	0.4
7	3	9	0.777778
0	5	2	0
4	5	5	0.8
2	5	2	1
8	5	9	0.888889
6	1	15	0.4
2	4	3	0.666667
0	5	0	0
0	2	0	0
0	5	0	0
7	4	9	0.777778
0	4	0	0
0	4	0	0
1	5	2	0.5
0	5	1	0
1	2	3	0.333333
5	5	5	1
7	5	9	0.777778
0	3	0	0
0	5	0	0
21	2	31	0.677419
1	5	1	1
1	5	1	1
0	4	2	0
0	3	1	0
9	4	12	0.75
0	3	3	0
3	5	3	1
3	5	4	0.75
1	5	1	1
2	4	2	1
0	5	0	0
0	3	5	0
8	5	9	0.888889
0	4	2	0
0	3	6	0
2	4	4	0.5
4	5	4	1
5	1	13	0.384615
2	5	2	1
0	5	0	0
2	5	2	1
12	5	15	0.8
9	5	12	0.75
4	5	6	0.666667
1	5	1	1
1	3	5	0.2
0	5	0	0
0	2	2	0
3	5	4	0.75
0	5	0	0
1	4	2	0.5
0	5	1	0
3	4	3	1
1	5	2	0.5
0	4	0	0
2	5	3	0.666667
1	5	1	1
4	5	6	0.666667
1	5	1	1
1	5	2	0.5
14	4	21	0.666667
9	4	11	0.818182
2	5	3	0.666667
1	2	7	0.142857
10	5	14	0.714286
2	5	2	1
3	4	4	0.75
0	3	0	0
6	2	10	0.6
0	2	0	0
0	4	0	0
0	4	0	0
0	1	4	0
0	4	0	0
0	4	0	0
0	4	0	0
0	4	0	0
1	3	1	1
0	4	0	0
1	3	1	1
0	4	0	0
0	3	0	0
4	3	6	0.666667
2	1	8	0.25
1	5	3	0.333333
1	5	1	1
0	4	0	0
2	4	2	1
0	4	0	0
0	5	0	0
1	4	1	1
0	5	1	0
1	4	1	1
4	3	5	0.8
2	5	2	1
11	5	13	0.846154
0	4	0	0
0	4	2	0
0	3	0	0
0	3	0	0
0	5	1	0
0	5	1	0
0	1	6	0
0	5	0	0
0	5	0	0
0	1	4	0
0	5	0	0
0	3	0	0
0	5	0	0
0	4	0	0
0	5	0	0
0	5	0	0
4	1	11	0.363636
2	5	3	0.666667
2	5	3	0.666667
4	1	11	0.363636
0	4	0	0
0	5	0	0
0	4	0	0
0	5	0	0
0	3	0	0
1	5	1	1
0	5	0	0
0	3	0	0
0	5	0	0
0	5	0	0
0	5	0	0
0	5	0	0
0	5	0	0
0	5	0	0
0	5	0	0
0	1	5	0
0	5	0	0
0	4	1	0
0	5	0	0
0	3	0	0
1	1	6	0.166667
0	5	0	0
0	5	0	0
0	3	0	0
0	5	0	0
0	5	0	0
0	5	0	0
0	5	0	0
0	4	0	0
0	5	0	0
0	5	0	0
0	5	0	0
0	5	0	0
0	5	0	0
0	4	0	0
0	5	0	0
0	5	0	0
0	2	0	0
1	1	7	0.142857
0	5	0	0
0	5	0	0
5	1	13	0.384615
0	5	1	0
0	5	0	0
0	5	0	0
0	5	0	0
0	4	0	0
0	5	0	0
0	5	0	0
