4	4	7	0.571429
5	4	9	0.555556
3	5	8	0.375
31	3	39	0.794872
5	5	9	0.555556
21	2	29	0.724138
17	5	24	0.708333
11	5	18	0.611111
6	5	9	0.666667
7	5	9	0.777778
6	5	8	0.75
7	5	10	0.7
46	1	67	0.686567
6	5	9	0.666667
23	5	28	0.821429
10	5	12	0.833333
9	5	11	0.818182
5	5	9	0.555556
14	1	28	0.5
9	5	12	0.75
1	5	2	0.5
3	5	5	0.6
12	5	15	0.8
14	5	18	0.777778
7	5	9	0.777778
12	1	39	0.307692
13	5	16	0.8125
8	5	10	0.8
23	4	29	0.793103
7	2	14	0.5
8	5	11	0.727273
6	5	8	0.75
19	1	68	0.279412
5	5	7	0.714286
7	5	10	0.7
7	5	9	0.777778
1	5	8	0.125
14	5	19	0.736842
3	5	8	0.375
12	5	16	0.75
5	5	13	0.384615
5	5	13	0.384615
84	1	126	0.666667
4	5	9	0.444444
25	1	54	0.462963
6	5	10	0.6
4	5	7	0.571429
25	5	41	0.609756
12	5	18	0.666667
10	5	14	0.714286
26	1	68	0.382353
10	5	14	0.714286
19	1	53	0.358491
43	1	80	0.5375
28	5	36	0.777778
10	5	16	0.625
45	1	63	0.714286
19	1	53	0.358491
15	5	22	0.681818
7	5	16	0.4375
20	1	60	0.333333
21	1	58	0.362069
8	5	12	0.666667
8	5	13	0.615385
11	3	16	0.6875
12	1	75	0.16
8	5	11	0.727273
5	5	9	0.555556
17	1	51	0.333333
12	1	34	0.352941
2	3	9	0.222222
15	1	44	0.340909
14	1	46	0.304348
11	2	34	0.323529
12	4	24	0.5
20	1	38	0.526316
10	5	16	0.625
5	5	8	0.625
16	2	41	0.390244
9	5	12	0.75
12	5	16	0.75
4	5	7	0.571429
6	5	10	0.6
5	5	7	0.714286
7	5	10	0.7
2	5	4	0.5
6	5	8	0.75
23	1	49	0.469388
2	5	9	0.222222
6	5	9	0.666667
7	5	9	0.777778
6	5	6	1
31	4	40	0.775
3	4	10	0.3
20	1	52	0.384615
4	5	10	0.4
9	5	13	0.692308
8	4	20	0.4
9	5	13	0.692308
5	5	7	0.714286
2	4	4	0.5
13	1	50	0.26
24	3	36	0.666667
41	5	52	0.788462
8	5	11	0.727273
19	3	23	0.826087
11	1	20	0.55
3	5	4	0.75
3	4	6	0.5
9	5	11	0.818182
4	1	18	0.222222
5	5	7	0.714286
8	5	11	0.727273
5	5	9	0.555556
7	5	11	0.636364
14	1	50	0.28
5	3	13	0.384615
6	5	9	0.666667
2	5	3	0.666667
18	1	46	0.391304
94	5	119	0.789916
6	5	8	0.75
3	5	4	0.75
3	1	18	0.166667
3	5	6	0.5
12	5	16	0.75
8	1	19	0.421053
5	5	6	0.833333
0	5	0	0
9	1	28	0.321429
5	5	7	0.714286
4	2	7	0.571429
29	5	37	0.783784
1	5	1	1
3	1	19	0.157895
63	4	80	0.7875
7	5	8	0.875
4	5	5	0.8
8	5	11	0.727273
3	5	7	0.428571
7	5	9	0.777778
4	5	7	0.571429
4	1	14	0.285714
1	5	3	0.333333
2	5	4	0.5
5	5	8	0.625
7	5	9	0.777778
3	5	4	0.75
2	1	9	0.222222
5	1	16	0.3125
14	5	20	0.7
17	1	26	0.653846
86	1	102	0.843137
7	5	10	0.7
6	5	10	0.6
10	5	14	0.714286
6	5	8	0.75
4	5	6	0.666667
5	1	18	0.277778
8	5	11	0.727273
19	5	23	0.826087
2	5	2	1
57	1	106	0.537736
2	5	2	1
37	1	75	0.493333
25	1	67	0.373134
9	5	12	0.75
4	5	6	0.666667
8	1	30	0.266667
14	1	30	0.466667
16	5	23	0.695652
6	5	10	0.6
8	5	10	0.8
6	5	8	0.75
3	5	6	0.5
4	5	7	0.571429
5	4	8	0.625
16	1	30	0.533333
9	5	12	0.75
4	2	11	0.363636
8	5	14	0.571429
11	1	31	0.354839
5	1	22	0.227273
10	1	25	0.4
9	5	14	0.642857
16	5	23	0.695652
8	1	29	0.275862
6	5	10	0.6
3	5	10	0.3
3	5	11	0.272727
4	5	8	0.5
10	5	13	0.769231
11	1	46	0.23913
1	5	1	1
3	5	4	0.75
2	5	3	0.666667
3	5	7	0.428571
3	5	4	0.75
1	5	3	0.333333
1	5	4	0.25
2	5	3	0.666667
2	5	3	0.666667
1	4	2	0.5
0	5	1	0
6	1	16	0.375
6	5	10	0.6
17	1	26	0.653846
8	5	11	0.727273
12	5	16	0.75
6	5	12	0.5
5	5	12	0.416667
5	5	9	0.555556
2	5	7	0.285714
1	5	4	0.25
1	5	1	1
2	5	3	0.666667
6	5	8	0.75
3	5	5	0.6
31	1	50	0.62
1	5	1	1
3	5	6	0.5
3	5	4	0.75
16	1	38	0.421053
5	4	9	0.555556
9	1	23	0.391304
13	1	29	0.448276
7	5	13	0.538462
3	5	6	0.5
3	5	5	0.6
27	4	36	0.75
3	5	5	0.6
3	5	5	0.6
11	1	27	0.407407
13	1	31	0.419355
10	5	14	0.714286
13	5	18	0.722222
4	1	10	0.4
8	1	22	0.363636
9	1	16	0.5625
6	1	18	0.333333
3	5	6	0.5
20	5	30	0.666667
0	4	1	0
5	5	7	0.714286
3	5	5	0.6
1	3	3	0.333333
13	1	32	0.40625
11	4	14	0.785714
4	5	5	0.8
7	1	24	0.291667
1	4	1	1
354	1	443	0.799097
2	2	10	0.2
12	5	16	0.75
4	5	8	0.5
5	5	7	0.714286
5	1	29	0.172414
2	5	3	0.666667
1	5	2	0.5
15	2	17	0.882353
10	5	13	0.769231
5	5	7	0.714286
7	3	14	0.5
2	5	4	0.5
10	2	17	0.588235
0	2	9	0
7	5	8	0.875
7	4	7	1
7	5	8	0.875
10	5	12	0.833333
5	5	8	0.625
4	5	6	0.666667
9	5	12	0.75
9	5	11	0.818182
6	5	10	0.6
10	5	19	0.526316
4	4	7	0.571429
4	4	6	0.666667
2	5	3	0.666667
8	5	10	0.8
3	5	4	0.75
10	3	19	0.526316
11	1	23	0.478261
52	1	70	0.742857
3	5	6	0.5
2	3	5	0.4
7	1	20	0.35
4	5	6	0.666667
3	5	4	0.75
13	5	16	0.8125
2	5	4	0.5
4	5	7	0.571429
5	2	9	0.555556
2	5	4	0.5
3	5	5	0.6
0	3	4	0
10	1	37	0.27027
22	5	29	0.758621
2	5	3	0.666667
1	5	4	0.25
5	5	8	0.625
2	5	3	0.666667
6	1	20	0.3
1	1	5	0.2
2	5	3	0.666667
2	5	4	0.5
3	5	6	0.5
13	5	16	0.8125
2	1	19	0.105263
2	4	3	0.666667
5	5	10	0.5
2	5	3	0.666667
3	5	6	0.5
2	5	3	0.666667
7	5	8	0.875
4	1	17	0.235294
7	1	21	0.333333
1	5	3	0.333333
19	5	19	1
2	5	3	0.666667
2	1	18	0.111111
4	1	32	0.125
11	5	14	0.785714
7	5	8	0.875
3	5	4	0.75
4	5	5	0.8
10	5	13	0.769231
3	1	14	0.214286
19	5	24	0.791667
12	1	27	0.444444
7	5	8	0.875
16	1	41	0.390244
13	5	16	0.8125
7	5	9	0.777778
36	5	45	0.8
12	1	31	0.387097
19	5	23	0.826087
15	5	18	0.833333
87	5	112	0.776786
23	5	28	0.821429
15	5	18	0.833333
10	5	13	0.769231
2	5	6	0.333333
4	5	5	0.8
1	3	3	0.333333
6	5	8	0.75
18	1	31	0.580645
11	5	14	0.785714
9	2	14	0.642857
20	1	44	0.454545
11	5	16	0.6875
7	5	8	0.875
4	5	5	0.8
10	5	11	0.909091
16	5	19	0.842105
0	5	0	0
12	1	23	0.521739
7	4	10	0.7
24	2	40	0.6
1	5	4	0.25
5	5	6	0.833333
1	5	1	1
6	3	8	0.75
11	1	24	0.458333
8	5	10	0.8
12	5	14	0.857143
14	5	19	0.736842
12	1	29	0.413793
2	5	9	0.222222
7	5	9	0.777778
6	5	6	1
25	1	37	0.675676
16	1	42	0.380952
6	5	8	0.75
9	5	13	0.692308
7	1	19	0.368421
8	5	11	0.727273
1	5	2	0.5
2	5	5	0.4
19	5	24	0.791667
3	5	4	0.75
199	5	305	0.652459
217	5	328	0.661585
1	5	2	0.5
62	5	81	0.765432
1	5	1	1
1	5	4	0.25
4	5	5	0.8
0	4	0	0
9	4	11	0.818182
550	3	607	0.906096
5	5	7	0.714286
1	5	3	0.333333
1	5	2	0.5
17	1	40	0.425
15	1	35	0.428571
11	4	15	0.733333
10	5	14	0.714286
9	5	11	0.818182
3	3	10	0.3
5	5	6	0.833333
8	5	10	0.8
7	5	9	0.777778
13	1	28	0.464286
3	5	4	0.75
5	4	7	0.714286
3	5	4	0.75
6	5	7	0.857143
5	4	8	0.625
7	5	8	0.875
4	5	5	0.8
2	5	3	0.666667
4	5	6	0.666667
14	1	35	0.4
23	1	41	0.560976
2	5	4	0.5
5	5	7	0.714286
8	5	10	0.8
2	3	3	0.666667
26	5	32	0.8125
2	5	5	0.4
38	2	59	0.644068
3	4	12	0.25
5	5	7	0.714286
9	5	13	0.692308
5	5	6	0.833333
0	1	2	0
20	1	38	0.526316
13	5	17	0.764706
6	5	7	0.857143
11	1	30	0.366667
5	1	11	0.454545
2	5	3	0.666667
6	2	10	0.6
0	5	0	0
5	5	7	0.714286
3	5	4	0.75
12	5	14	0.857143
5	5	5	1
8	5	8	1
3	3	5	0.6
4	4	5	0.8
1	5	4	0.25
0	5	0	0
5	1	21	0.238095
23	1	35	0.657143
1	5	1	1
2	5	4	0.5
2	5	3	0.666667
7	3	9	0.777778
4	5	5	0.8
3	1	5	0.6
2	5	3	0.666667
16	1	35	0.457143
9	5	12	0.75
9	1	21	0.428571
1	5	1	1
61	5	77	0.792208
15	5	18	0.833333
6	3	15	0.4
14	1	20	0.7
4	2	12	0.333333
5	4	6	0.833333
9	5	10	0.9
5	5	6	0.833333
7	5	9	0.777778
11	1	29	0.37931
1	5	3	0.333333
0	4	0	0
11	5	13	0.846154
6	5	8	0.75
17	5	21	0.809524
12	5	15	0.8
1	5	4	0.25
0	5	0	0
0	5	0	0
0	5	1	0
5	4	7	0.714286
9	5	11	0.818182
22	5	28	0.785714
0	5	0	0
15	3	22	0.681818
2	5	8	0.25
10	5	14	0.714286
5	5	9	0.555556
8	5	12	0.666667
19	2	31	0.612903
1	5	7	0.142857
6	5	8	0.75
22	5	35	0.628571
3	5	6	0.5
8	5	11	0.727273
6	5	8	0.75
5	5	7	0.714286
26	5	33	0.787879
7	5	8	0.875
6	5	14	0.428571
21	5	27	0.777778
3	5	6	0.5
1	5	3	0.333333
33	1	52	0.634615
11	5	14	0.785714
1	5	1	1
4	5	4	1
9	5	11	0.818182
1	5	2	0.5
2	4	3	0.666667
3	3	6	0.5
10	1	28	0.357143
6	5	11	0.545455
13	5	16	0.8125
11	1	24	0.458333
7	1	24	0.291667
8	1	21	0.380952
11	1	24	0.458333
1	4	3	0.333333
31	5	40	0.775
13	3	16	0.8125
15	4	18	0.833333
25	5	33	0.757576
5	5	18	0.277778
17	1	43	0.395349
1	1	4	0.25
4	5	6	0.666667
10	2	16	0.625
16	2	23	0.695652
14	5	18	0.777778
9	4	13	0.692308
15	5	18	0.833333
8	5	11	0.727273
20	1	59	0.338983
4	5	7	0.571429
20	5	27	0.740741
17	5	24	0.708333
14	1	23	0.608696
21	1	48	0.4375
3	1	11	0.272727
2	1	4	0.5
73	3	95	0.768421
1	5	2	0.5
0	5	0	0
2	5	3	0.666667
0	4	0	0
1	5	1	1
0	5	1	0
0	5	0	0
12	1	19	0.631579
0	5	1	0
1	5	2	0.5
69	1	86	0.802326
18	2	23	0.782609
0	5	1	0
7	3	16	0.4375
0	5	1	0
0	5	0	0
1	5	1	1
1	5	1	1
8	1	13	0.615385
0	5	0	0
0	3	0	0
0	5	0	0
0	5	0	0
0	5	0	0
1	5	1	1
0	5	0	0
0	5	0	0
0	5	0	0
1	3	1	1
1	1	4	0.25
0	5	0	0
0	5	0	0
0	5	0	0
0	5	0	0
10	1	10	1
0	5	1	0
0	5	0	0
0	5	0	0
0	5	0	0
0	4	1	0
0	5	0	0
4	1	6	0.666667
0	4	1	0
2	1	4	0.5
20	1	24	0.833333
0	5	0	0
0	5	0	0
0	5	0	0
5	1	9	0.555556
4	5	5	0.8
0	5	1	0
0	5	1	0
1	5	2	0.5
1	5	2	0.5
0	5	1	0
0	5	0	0
0	5	0	0
8	1	10	0.8
0	3	0	0
1	5	2	0.5
0	1	2	0
0	5	0	0
7	1	10	0.7
4	1	6	0.666667
0	5	1	0
0	5	0	0
0	5	0	0
0	5	0	0
0	5	0	0
0	5	0	0
0	5	0	0
26	1	36	0.722222
0	5	1	0
0	5	1	0
0	5	1	0
28	1	34	0.823529
0	5	1	0
0	5	1	0
1	2	2	0.5
0	5	1	0
0	4	1	0
0	5	1	0
0	5	1	0
0	4	1	0
3	2	7	0.428571
0	5	1	0
0	4	1	0
0	5	1	0
0	5	1	0
0	5	0	0
3	1	5	0.6
0	4	1	0
0	5	1	0
0	5	1	0
0	5	1	0
0	5	1	0
0	5	1	0
1	1	2	0.5
0	5	1	0
3	1	6	0.5
0	5	1	0
2	5	3	0.666667
0	5	1	0
0	5	1	0
2	2	3	0.666667
28	1	37	0.756757
0	5	2	0
0	4	1	0
0	5	0	0
1	2	2	0.5
2	5	3	0.666667
0	5	1	0
1	5	3	0.333333
0	5	1	0
5	1	7	0.714286
0	5	1	0
17	1	35	0.485714
8	2	10	0.8
1	1	3	0.333333
0	5	1	0
1	4	1	1
1	5	2	0.5
1	5	2	0.5
1	5	2	0.5
1	5	2	0.5
26	1	36	0.722222
7	1	9	0.777778
22	1	28	0.785714
3	3	5	0.6
1	5	2	0.5
3	1	8	0.375
1	5	2	0.5
0	5	0	0
0	5	0	0
0	5	1	0
3	5	3	1
0	5	1	0
6	1	7	0.857143
0	5	0	0
1	5	1	1
1	5	1	1
1	3	1	1
21	1	26	0.807692
1	4	2	0.5
1	4	1	1
8	5	11	0.727273
1	5	2	0.5
2	5	3	0.666667
0	5	1	0
4	5	5	0.8
