22 1
22 1
7 5
92 1
3 5
68 1
9 4
4 3
30 2
8 5
71 1
14 5
72 1
77 1
10 5
65 1
59 1
56 1
7 3
136 1
54 1
59 1
5 5
47 1
6 4
53 1
169 1
7 5
50 1
8 5
79 1
23 2
18 3
34 1
45 1
36 1
20 2
7 3
59 1
3 4
4 3
3 5
5 5
34 1
38 1
35 1
7 5
28 1
24 1
46 1
6 5
35 1
35 1
5 4
4 3
5 5
22 2
38 1
6 5
13 2
40 1
7 3
36 1
6 5
28 1
35 1
2 4
32 1
11 4
11 5
11 5
7 5
26 1
4 4
21 1
9 3
32 1
35 1
100 1
29 1
18 2
17 1
15 2
16 1
16 2
16 1
17 1
19 1
15 2
9 3
8 4
17 2
34 1
14 2
15 1
13 1
17 1
17 1
19 1
7 4
14 3
10 5
14 2
30 1
22 2
8 5
13 1
17 1
10 2
8 5
11 4
10 1
19 1
22 1
15 1
14 5
25 1
19 2
21 1
18 1
17 2
15 4
28 1
13 3
9 4
26 1
9 5
41 1
9 4
25 1
31 1
13 2
32 1
42 1
23 1
7 3
22 2
29 1
28 1
30 1
14 5
36 1
26 1
28 1
9 5
110 1
36 1
29 2
24 1
31 1
44 1
30 1
6 3
26 1
14 4
33 1
28 1
23 1
23 1
20 1
24 1
20 3
10 5
10 5
26 2
19 2
4 2
10 3
18 1
28 1
26 2
29 1
31 1
26 2
24 1
13 4
14 5
24 1
23 1
18 5
20 5
5 3
3 4
20 2
23 1
15 5
24 1
25 2
32 1
22 1
17 5
28 5
20 1
14 4
22 5
12 2
11 2
12 2
24 1
12 1
22 1
19 1
6 4
23 1
21 1
8 4
22 2
9 5
20 1
26 1
23 1
6 4
24 1
12 2
21 1
10 4
29 1
22 2
7 4
13 5
16 2
5 3
9 3
27 1
7 4
19 2
10 5
9 2
18 1
8 3
16 5
12 3
5 3
14 5
13 2
19 2
25 1
17 2
19 2
33 1
25 1
33 1
14 5
11 2
3 2
22 3
16 2
19 1
8 5
2 3
10 2
16 2
17 2
15 2
16 2
25 2
16 1
13 2
14 1
15 1
25 2
16 2
7 5
6 5
7 5
16 3
5 4
15 2
12 5
16 1
9 3
16 2
7 5
14 3
8 3
14 1
14 2
11 2
7 5
11 5
8 3
11 2
7 2
12 3
17 1
4 4
13 2
13 2
11 2
19 2
19 2
5 5
25 1
23 2
17 3
3 4
24 1
9 5
13 2
7 5
22 1
17 2
15 2
18 1
19 1
8 4
19 2
20 1
26 1
15 2
5 5
9 3
15 2
11 2
12 3
13 2
2 4
15 1
7 4
13 1
20 1
10 2
10 1
8 3
11 2
11 5
10 3
15 2
10 3
10 2
3 5
19 2
13 2
8 3
19 1
27 1
14 1
23 3
6 5
4 5
23 1
7 2
19 2
17 1
14 3
24 1
17 2
4 2
10 3
24 1
21 1
4 5
15 2
17 3
6 5
20 1
22 2
16 3
8 5
32 1
7 5
5 5
6 5
28 1
13 3
12 3
20 3
7 3
25 1
27 1
37 1
22 1
6 5
33 1
49 1
26 3
3 4
55 2
3 4
37 3
6 4
30 1
25 1
30 2
15 4
8 3
11 4
30 2
22 2
21 2
20 2
16 1
19 3
3 4
13 3
6 4
6 5
10 3
19 1
25 1
5 4
22 2
9 3
4 4
19 1
22 1
7 5
4 4
28 1
20 1
18 3
14 2
4 4
10 5
27 1
24 1
13 5
8 4
25 1
17 1
7 5
41 1
18 2
32 1
8 4
19 1
15 3
58 2
23 1
18 2
19 2
14 5
8 3
17 3
24 1
12 5
20 2
831 2
6 5
5 4
28 1
33 1
22 2
31 1
8 5
21 2
37 2
18 2
47 1
20 3
50 2
39 1
27 1
25 3
17 1
22 1
20 1
17 3
21 1
26 1
15 2
19 1
25 1
21 1
14 5
11 1
6 3
27 3
9 5
10 4
9 4
7 5
13 3
20 2
3 4
20 2
24 1
19 3
22 2
23 1
11 3
3 4
14 5
15 3
27 2
6 5
11 3
23 4
6 5
8 5
31 4
27 1
14 3
25 1
5 2
11 4
14 5
2 4
32 2
27 2
12 4
26 2
24 1
9 4
21 1
5 3
11 4
32 2
18 2
16 5
16 5
35 1
22 3
5 4
15 3
9 5
7 4
34 1
6 5
13 5
26 2
9 5
23 2
25 2
13 5
37 1
29 2
10 5
31 1
11 5
26 2
7 4
39 1
16 4
56 2
77 1
7 4
46 1
39 1
15 3
38 1
47 1
9 3
37 2
55 1
7 5
13 3
79 1
32 2
58 2
7 3
40 2
17 4
7 5
42 1
8 5
33 1
31 2
8 5
9 5
38 2
10 5
33 2
513 1
68 1
17 4
50 1
52 4
12 5
