3	5	3	1
2	4	4	0.5
5	5	6	0.833333
4	5	5	0.8
3	5	4	0.75
2	5	4	0.5
0	4	1	0
4	5	5	0.8
3	5	3	1
24	2	31	0.774194
3	4	3	1
8	3	10	0.8
4	5	5	0.8
7	5	8	0.875
3	5	6	0.5
0	5	10	0
6	5	6	1
3	5	3	1
2	5	3	0.666667
1	4	5	0.2
1	5	2	0.5
2	5	3	0.666667
1	4	2	0.5
2	4	4	0.5
1	5	3	0.333333
1	5	1	1
0	5	2	0
1	4	6	0.166667
13	2	17	0.764706
1	5	3	0.333333
11	2	19	0.578947
1	5	2	0.5
1	5	5	0.2
1	4	3	0.333333
1	4	15	0.0666667
3	5	3	1
2	4	8	0.25
26	2	29	0.896552
2	4	5	0.4
1	4	4	0.25
2	5	2	1
2	5	2	1
1	5	2	0.5
1	5	2	0.5
11	1	38	0.289474
2	5	4	0.5
2	5	3	0.666667
2	5	6	0.333333
3	5	4	0.75
2	5	3	0.666667
12	3	14	0.857143
3	4	7	0.428571
1	5	2	0.5
11	3	13	0.846154
4	5	6	0.666667
1	5	2	0.5
1	4	3	0.333333
2	4	10	0.2
3	5	4	0.75
0	5	2	0
3	5	4	0.75
1	4	2	0.5
1	5	4	0.25
5	3	7	0.714286
5	3	6	0.833333
1	5	6	0.166667
10	5	10	1
2	5	3	0.666667
13	2	20	0.65
1	5	1	1
1	4	5	0.2
4	5	5	0.8
2	5	3	0.666667
1	4	1	1
3	5	5	0.6
3	5	8	0.375
4	5	6	0.666667
2	5	2	1
3	5	3	1
0	3	3	0
1	5	1	1
1	4	4	0.25
3	5	3	1
1	5	2	0.5
2	5	4	0.5
2	5	2	1
2	5	3	0.666667
4	5	5	0.8
8	2	15	0.533333
14	3	17	0.823529
6	3	10	0.6
2	5	3	0.666667
2	5	3	0.666667
2	5	3	0.666667
3	4	3	1
2	4	3	0.666667
4	5	6	0.666667
2	3	14	0.142857
1	5	1	1
3	5	5	0.6
4	5	5	0.8
2	5	3	0.666667
14	4	17	0.823529
8	3	14	0.571429
2	4	2	1
1	5	2	0.5
0	5	1	0
39	1	66	0.590909
5	5	5	1
3	5	3	1
2	3	9	0.222222
4	5	4	1
6	3	7	0.857143
3	4	4	0.75
2	4	3	0.666667
3	5	6	0.5
7	5	10	0.7
1	4	4	0.25
1	5	2	0.5
13	2	18	0.722222
1	4	2	0.5
0	5	2	0
1	5	3	0.333333
10	5	10	1
3	5	4	0.75
1	5	1	1
1	5	1	1
2	5	4	0.5
7	3	8	0.875
0	5	2	0
1	4	3	0.333333
3	5	3	1
2	5	3	0.666667
19	2	27	0.703704
1	5	4	0.25
10	3	17	0.588235
2	5	6	0.333333
3	4	3	1
15	3	19	0.789474
2	5	18	0.111111
5	5	5	1
1	3	3	0.333333
25	1	44	0.568182
1	5	1	1
2	4	3	0.666667
0	5	1	0
0	5	3	0
1	5	1	1
1	5	3	0.333333
4	5	5	0.8
1	5	2	0.5
2	4	4	0.5
1	5	2	0.5
1	5	2	0.5
2	4	2	1
1	5	1	1
1	5	3	0.333333
19	1	42	0.452381
1	5	2	0.5
1	5	2	0.5
2	5	4	0.5
2	5	3	0.666667
3	4	3	1
1	4	3	0.333333
2	4	2	1
44	1	72	0.611111
0	4	1	0
5	5	5	1
2	5	4	0.5
2	5	3	0.666667
1	5	2	0.5
7	3	7	1
5	4	5	1
2	5	2	1
3	5	6	0.5
2	5	7	0.285714
4	3	6	0.666667
1	5	2	0.5
0	4	0	0
2	5	2	1
2	5	4	0.5
4	3	5	0.8
4	5	6	0.666667
1	4	9	0.111111
2	3	2	1
8	5	12	0.666667
3	3	13	0.230769
1	5	4	0.25
0	5	1	0
0	4	2	0
2	5	4	0.5
0	5	0	0
23	1	38	0.605263
1	5	4	0.25
0	4	1	0
5	5	6	0.833333
6	4	9	0.666667
5	5	7	0.714286
4	5	4	1
1	5	6	0.166667
1	5	3	0.333333
1	5	1	1
2	3	5	0.4
2	3	8	0.25
6	5	8	0.75
1	5	3	0.333333
3	5	5	0.6
2	5	2	1
2	5	2	1
0	5	1	0
0	5	0	0
1	4	1	1
0	5	1	0
0	5	0	0
1	5	7	0.142857
0	5	3	0
0	5	1	0
0	5	0	0
0	4	0	0
0	4	2	0
0	5	1	0
0	4	1	0
0	5	1	0
0	5	2	0
1	5	2	0.5
0	5	1	0
1	4	4	0.25
6	3	15	0.4
0	5	2	0
0	4	1	0
0	5	1	0
1	4	1	1
1	5	2	0.5
0	4	0	0
2	5	5	0.4
0	5	1	0
0	5	1	0
1	5	2	0.5
1	5	2	0.5
2	5	3	0.666667
1	3	5	0.2
1	4	7	0.142857
0	3	3	0
2	4	2	1
1	4	3	0.333333
12	1	35	0.342857
3	5	3	1
1	5	1	1
1	5	3	0.333333
2	4	3	0.666667
1	5	1	1
0	5	3	0
26	1	55	0.472727
2	5	5	0.4
4	5	7	0.571429
1	4	2	0.5
3	5	4	0.75
26	1	44	0.590909
2	3	5	0.4
13	2	22	0.590909
5	5	5	1
3	5	3	1
15	1	40	0.375
7	5	7	1
3	4	4	0.75
1	4	3	0.333333
0	3	8	0
2	4	4	0.5
3	5	3	1
0	4	2	0
8	3	10	0.8
0	5	3	0
1	5	2	0.5
2	5	3	0.666667
2	5	5	0.4
1	5	4	0.25
3	5	3	1
1	5	3	0.333333
8	2	15	0.533333
7	3	13	0.538462
2	5	4	0.5
9	1	34	0.264706
1	5	6	0.166667
2	4	5	0.4
1	5	3	0.333333
7	4	8	0.875
3	5	4	0.75
1	5	3	0.333333
2	5	3	0.666667
1	5	4	0.25
0	4	2	0
4	5	5	0.8
2	5	4	0.5
1	5	5	0.2
2	5	4	0.5
1	5	3	0.333333
2	4	3	0.666667
1	5	2	0.5
3	5	5	0.6
3	5	4	0.75
1	4	1	1
2	4	4	0.5
3	4	6	0.5
1	4	4	0.25
3	5	4	0.75
9	5	13	0.692308
1	5	2	0.5
1	5	2	0.5
1	5	1	1
1	5	3	0.333333
1	5	2	0.5
2	5	3	0.666667
5	4	6	0.833333
0	5	2	0
0	5	1	0
0	5	1	0
1	5	2	0.5
1	5	4	0.25
0	4	1	0
1	4	2	0.5
1	5	3	0.333333
1	5	3	0.333333
0	5	1	0
3	4	5	0.6
1	5	2	0.5
1	5	4	0.25
3	5	5	0.6
1	5	2	0.5
1	4	1	1
0	5	1	0
3	5	5	0.6
1	5	2	0.5
2	5	4	0.5
1	5	2	0.5
2	4	3	0.666667
1	5	2	0.5
3	4	3	1
1	5	2	0.5
0	5	3	0
2	5	3	0.666667
3	3	6	0.5
2	5	4	0.5
0	4	5	0
0	4	0	0
1	5	2	0.5
0	5	2	0
2	5	3	0.666667
4	5	5	0.8
0	4	0	0
1	5	1	1
4	5	5	0.8
3	5	4	0.75
1	5	3	0.333333
9	5	10	0.9
4	3	7	0.571429
2	3	3	0.666667
1	4	2	0.5
2	4	4	0.5
1	5	2	0.5
2	3	5	0.4
1	3	6	0.166667
1	5	2	0.5
1	5	1	1
1	5	2	0.5
0	4	4	0
1	5	1	1
1	5	2	0.5
2	5	3	0.666667
1	5	2	0.5
6	2	14	0.428571
1	5	3	0.333333
9	2	15	0.6
3	5	5	0.6
0	5	4	0
1	5	2	0.5
2	5	4	0.5
1	5	2	0.5
1	5	2	0.5
2	5	4	0.5
13	1	52	0.25
4	3	7	0.571429
1	4	2	0.5
1	5	2	0.5
1	5	3	0.333333
1	5	3	0.333333
1	5	3	0.333333
0	3	10	0
2	5	2	1
1	5	2	0.5
0	4	6	0
2	5	3	0.666667
1	5	2	0.5
0	4	1	0
1	5	3	0.333333
1	5	2	0.5
3	3	11	0.272727
3	4	3	1
0	5	0	0
0	5	8	0
2	4	2	1
20	1	41	0.487805
2	5	5	0.4
1	5	1	1
1	5	1	1
1	5	2	0.5
2	5	5	0.4
2	5	6	0.333333
1	5	4	0.25
1	5	2	0.5
3	5	4	0.75
1	4	5	0.2
0	4	1	0
0	5	2	0
1	5	5	0.2
1	4	3	0.333333
3	3	6	0.5
1	5	2	0.5
3	4	3	1
0	4	1	0
0	4	2	0
3	5	4	0.75
3	4	4	0.75
1	5	1	1
1	5	2	0.5
3	5	4	0.75
0	5	2	0
3	5	4	0.75
1	5	2	0.5
2	5	4	0.5
4	5	5	0.8
1	5	4	0.25
1	5	2	0.5
2	5	4	0.5
2	4	2	1
2	5	4	0.5
4	3	4	1
0	5	4	0
1	5	2	0.5
0	5	2	0
0	4	2	0
1	4	2	0.5
1	5	2	0.5
2	5	4	0.5
1	5	2	0.5
17	2	24	0.708333
1	4	2	0.5
1	5	3	0.333333
1	3	6	0.166667
0	5	2	0
1	5	4	0.25
0	5	0	0
2	4	4	0.5
1	5	3	0.333333
1	5	3	0.333333
0	5	1	0
1	5	5	0.2
1	3	2	0.5
1	5	2	0.5
1	5	1	1
2	5	3	0.666667
2	5	4	0.5
2	5	3	0.666667
1	5	4	0.25
2	5	2	1
1	5	4	0.25
1	5	1	1
2	3	2	1
1	5	2	0.5
9	1	41	0.219512
1	5	2	0.5
1	5	3	0.333333
1	5	4	0.25
1	5	2	0.5
2	4	3	0.666667
1	5	3	0.333333
1	5	3	0.333333
1	5	1	1
1	5	3	0.333333
1	5	3	0.333333
2	5	3	0.666667
1	4	1	1
3	3	6	0.5
1	5	2	0.5
1	4	2	0.5
2	5	5	0.4
1	5	2	0.5
2	4	3	0.666667
1	5	3	0.333333
2	5	5	0.4
1	5	3	0.333333
1	4	2	0.5
1	4	3	0.333333
1	5	3	0.333333
1	5	3	0.333333
1	5	5	0.2
6	3	8	0.75
0	4	2	0
3	5	7	0.428571
5	2	9	0.555556
5	4	5	1
3	5	5	0.6
3	5	8	0.375
2	5	7	0.285714
0	4	4	0
1	5	5	0.2
0	4	3	0
4	4	6	0.666667
0	5	2	0
0	4	2	0
0	4	4	0
6	5	9	0.666667
58	1	94	0.617021
13	2	42	0.309524
0	4	2	0
13	3	18	0.722222
2	5	8	0.25
4	5	7	0.571429
6	5	11	0.545455
4	3	8	0.5
0	5	2	0
9	1	58	0.155172
7	3	13	0.538462
15	2	31	0.483871
2	5	5	0.4
12	4	19	0.631579
7	2	9	0.777778
8	3	20	0.4
13	3	17	0.764706
1	4	6	0.166667
6	4	9	0.666667
7	3	9	0.777778
4	5	10	0.4
2	5	9	0.222222
0	5	0	0
5	5	8	0.625
2	5	10	0.2
11	4	14	0.785714
3	5	6	0.5
5	5	11	0.454545
14	1	34	0.411765
15	3	19	0.789474
4	5	9	0.444444
3	5	13	0.230769
10	3	16	0.625
5	5	10	0.5
3	4	5	0.6
5	4	9	0.555556
2	5	5	0.4
1	4	4	0.25
6	4	8	0.75
10	2	29	0.344828
4	5	7	0.571429
1	4	4	0.25
12	5	20	0.6
3	5	7	0.428571
5	5	6	0.833333
7	5	10	0.7
2	5	5	0.4
10	5	30	0.333333
4	4	9	0.444444
1	5	13	0.0769231
4	5	5	0.8
11	2	35	0.314286
10	5	17	0.588235
6	3	15	0.4
5	5	6	0.833333
5	4	7	0.714286
2	5	9	0.222222
7	4	8	0.875
6	5	8	0.75
17	3	27	0.62963
16	3	28	0.571429
2	4	7	0.285714
5	4	9	0.555556
4	4	5	0.8
5	4	7	0.714286
12	3	15	0.8
2	5	13	0.153846
2	5	10	0.2
9	5	11	0.818182
4	4	6	0.666667
8	5	9	0.888889
8	1	70	0.114286
8	2	20	0.4
6	4	8	0.75
22	1	48	0.458333
3	5	6	0.5
8	2	18	0.444444
9	3	15	0.6
4	5	5	0.8
8	5	10	0.8
3	3	12	0.25
1	4	3	0.333333
5	5	9	0.555556
3	5	5	0.6
3	4	4	0.75
4	3	17	0.235294
6	4	7	0.857143
9	2	18	0.5
1	5	3	0.333333
2	5	3	0.666667
5	5	10	0.5
2	3	41	0.0487805
6	3	8	0.75
7	5	9	0.777778
1	5	2	0.5
11	2	29	0.37931
5	5	8	0.625
2	5	4	0.5
7	2	17	0.411765
4	4	6	0.666667
2	5	3	0.666667
9	3	11	0.818182
13	2	15	0.866667
4	3	7	0.571429
1	5	4	0.25
1	5	5	0.2
0	4	3	0
1	4	5	0.2
3	5	7	0.428571
3	5	5	0.6
6	3	9	0.666667
2	3	4	0.5
1	5	4	0.25
7	3	9	0.777778
2	5	5	0.4
1	5	3	0.333333
7	5	9	0.777778
1	4	3	0.333333
1	5	5	0.2
6	5	12	0.5
1	4	4	0.25
7	4	11	0.636364
3	5	13	0.230769
1	5	3	0.333333
11	5	19	0.578947
0	5	4	0
0	4	1	0
0	5	3	0
3	5	5	0.6
0	5	9	0
2	3	5	0.4
4	5	6	0.666667
1	5	4	0.25
1	5	3	0.333333
3	2	6	0.5
4	5	7	0.571429
0	4	3	0
1	5	1	1
1	4	3	0.333333
0	4	2	0
6	2	11	0.545455
1	4	5	0.2
2	4	5	0.4
2	5	4	0.5
3	5	5	0.6
4	5	4	1
1	5	3	0.333333
4	5	4	1
1	4	7	0.142857
3	5	4	0.75
12	5	15	0.8
2	5	2	1
3	3	5	0.6
1	5	5	0.2
6	5	6	1
4	5	5	0.8
4	5	6	0.666667
4	3	6	0.666667
3	5	4	0.75
7	5	10	0.7
2	5	2	1
2	4	5	0.4
11	3	16	0.6875
5	5	13	0.384615
11	3	18	0.611111
2	5	6	0.333333
7	5	12	0.583333
8	1	43	0.186047
12	2	22	0.545455
3	4	4	0.75
14	2	21	0.666667
1	5	4	0.25
1	5	2	0.5
1	5	3	0.333333
2	5	5	0.4
6	4	10	0.6
28	3	34	0.823529
1	4	2	0.5
5	4	10	0.5
1	5	5	0.2
5	5	5	1
3	5	7	0.428571
0	4	2	0
5	3	10	0.5
8	4	16	0.5
5	5	8	0.625
1	3	1	1
2	5	5	0.4
3	5	4	0.75
6	5	12	0.5
9	2	16	0.5625
10	2	16	0.625
17	3	21	0.809524
4	5	8	0.5
5	4	8	0.625
2	5	41	0.0487805
12	3	15	0.8
7	5	8	0.875
3	5	6	0.5
16	3	19	0.842105
13	4	20	0.65
28	1	50	0.56
13	5	17	0.764706
5	5	8	0.625
0	5	1	0
21	2	30	0.7
2	5	3	0.666667
10	5	14	0.714286
4	5	9	0.444444
17	5	22	0.772727
45	1	92	0.48913
6	4	12	0.5
12	5	15	0.8
0	5	8	0
10	5	14	0.714286
5	4	9	0.555556
4	3	4	1
12	2	19	0.631579
1	4	2	0.5
5	5	7	0.714286
6	5	8	0.75
4	4	8	0.5
1	5	3	0.333333
2	5	11	0.181818
7	5	8	0.875
3	2	10	0.3
12	2	21	0.571429
1	4	6	0.166667
9	5	12	0.75
17	2	23	0.73913
8	4	9	0.888889
6	3	11	0.545455
1	5	4	0.25
2	4	4	0.5
4	5	6	0.666667
14	2	29	0.482759
2	5	3	0.666667
3	5	6	0.5
4	5	6	0.666667
5	5	7	0.714286
4	5	7	0.571429
6	5	11	0.545455
3	5	5	0.6
12	3	17	0.705882
2	5	6	0.333333
11	2	15	0.733333
6	5	12	0.5
0	5	13	0
6	3	13	0.461538
3	4	4	0.75
1	5	3	0.333333
2	5	4	0.5
6	3	12	0.5
2	5	3	0.666667
7	5	10	0.7
4	5	6	0.666667
8	2	21	0.380952
0	4	11	0
4	5	12	0.333333
3	5	8	0.375
1	5	4	0.25
4	4	5	0.8
15	2	28	0.535714
2	5	4	0.5
2	5	11	0.181818
6	4	8	0.75
4	4	7	0.571429
6	3	7	0.857143
9	4	13	0.692308
7	5	11	0.636364
6	5	11	0.545455
5	5	11	0.454545
1	5	3	0.333333
1	5	7	0.142857
1	5	2	0.5
19	2	39	0.487179
7	5	10	0.7
0	5	3	0
5	3	11	0.454545
5	5	11	0.454545
13	2	32	0.40625
8	1	75	0.106667
12	2	22	0.545455
3	5	9	0.333333
4	2	7	0.571429
11	1	33	0.333333
5	5	8	0.625
6	3	10	0.6
5	5	8	0.625
4	5	11	0.363636
5	5	8	0.625
4	5	7	0.571429
7	5	13	0.538462
7	4	13	0.538462
13	3	17	0.764706
3	5	4	0.75
2	4	6	0.333333
7	4	10	0.7
20	2	34	0.588235
2	5	5	0.4
9	5	14	0.642857
2	5	5	0.4
1	4	6	0.166667
14	2	17	0.823529
7	5	10	0.7
6	4	7	0.857143
3	5	7	0.428571
0	4	6	0
2	5	16	0.125
2	5	5	0.4
5	2	9	0.555556
4	5	9	0.444444
5	4	6	0.833333
2	5	3	0.666667
14	2	19	0.736842
5	3	10	0.5
29	1	57	0.508772
19	1	45	0.422222
1	4	3	0.333333
4	4	16	0.25
3	4	6	0.5
13	2	18	0.722222
11	5	18	0.611111
10	3	18	0.555556
2	5	4	0.5
7	3	19	0.368421
32	1	55	0.581818
9	3	30	0.3
3	4	5	0.6
9	3	15	0.6
3	4	7	0.428571
2	4	3	0.666667
4	5	10	0.4
6	5	11	0.545455
5	5	9	0.555556
1	4	1	1
7	5	12	0.583333
1	5	4	0.25
6	2	25	0.24
4	5	7	0.571429
3	5	4	0.75
3	4	4	0.75
10	3	13	0.769231
10	3	17	0.588235
10	5	15	0.666667
3	5	6	0.5
3	4	3	1
25	1	59	0.423729
7	3	14	0.5
9	5	14	0.642857
32	1	59	0.542373
5	5	8	0.625
12	5	14	0.857143
8	4	9	0.888889
5	5	7	0.714286
9	3	10	0.9
2	4	2	1
4	4	4	1
2	4	3	0.666667
5	4	7	0.714286
3	5	6	0.5
4	5	6	0.666667
8	5	19	0.421053
2	5	3	0.666667
6	5	9	0.666667
10	5	15	0.666667
13	2	70	0.185714
4	4	10	0.4
4	4	6	0.666667
6	4	9	0.666667
9	3	16	0.5625
8	5	9	0.888889
4	5	7	0.571429
2	5	8	0.25
2	5	4	0.5
8	3	11	0.727273
4	5	5	0.8
5	5	7	0.714286
6	5	8	0.75
4	3	10	0.4
10	5	13	0.769231
13	3	22	0.590909
4	5	7	0.571429
3	5	3	1
2	5	3	0.666667
11	2	34	0.323529
13	3	19	0.684211
1	4	4	0.25
31	3	48	0.645833
5	4	8	0.625
4	5	7	0.571429
1	4	5	0.2
1	5	6	0.166667
2	5	4	0.5
4	5	7	0.571429
1	5	2	0.5
11	5	15	0.733333
1	5	7	0.142857
0	4	9	0
2	4	6	0.333333
1	5	3	0.333333
19	1	49	0.387755
5	4	6	0.833333
0	5	1	0
32	1	67	0.477612
15	3	22	0.681818
19	2	48	0.395833
3	5	8	0.375
9	3	13	0.692308
11	3	14	0.785714
0	5	6	0
4	5	5	0.8
3	5	9	0.333333
4	5	11	0.363636
1	5	4	0.25
2	5	4	0.5
3	4	3	1
31	1	59	0.525424
0	5	11	0
0	4	2	0
2	5	6	0.333333
2	5	6	0.333333
0	5	0	0
33	1	62	0.532258
4	5	9	0.444444
35	2	44	0.795455
1	5	3	0.333333
2	5	5	0.4
2	5	13	0.153846
7	5	9	0.777778
3	5	5	0.6
6	5	10	0.6
1	5	8	0.125
3	5	9	0.333333
4	5	5	0.8
1	5	3	0.333333
2	5	8	0.25
1	4	6	0.166667
1	4	2	0.5
20	2	26	0.769231
3	5	6	0.5
5	4	7	0.714286
2	5	4	0.5
4	5	7	0.571429
3	4	3	1
3	5	7	0.428571
1	5	3	0.333333
19	2	27	0.703704
14	5	20	0.7
59	1	96	0.614583
15	3	25	0.6
7	5	10	0.7
8	5	9	0.888889
7	5	11	0.636364
1	4	3	0.333333
12	5	17	0.705882
0	4	0	0
0	5	9	0
2	4	3	0.666667
3	5	5	0.6
19	1	51	0.372549
0	5	0	0
2	5	8	0.25
4	5	6	0.666667
21	3	26	0.807692
52	1	85	0.611765
4	4	8	0.5
3	4	7	0.428571
1	4	4	0.25
3	5	5	0.6
49	1	80	0.6125
4	5	5	0.8
21	1	38	0.552632
5	5	7	0.714286
1	4	5	0.2
9	5	15	0.6
1	5	4	0.25
0	4	9	0
2	5	6	0.333333
1	5	4	0.25
4	5	4	1
20	2	29	0.689655
1	5	3	0.333333
114	3	147	0.77551
2	5	7	0.285714
2	5	4	0.5
6	4	11	0.545455
4	5	4	1
3	5	4	0.75
1	5	7	0.142857
3	5	6	0.5
3	5	7	0.428571
1	5	10	0.1
5	4	9	0.555556
13	3	20	0.65
1	5	7	0.142857
7	4	10	0.7
1	5	7	0.142857
2	5	10	0.2
5	5	6	0.833333
16	5	20	0.8
6	3	8	0.75
11	3	15	0.733333
6	2	40	0.15
4	5	6	0.666667
3	5	4	0.75
0	5	6	0
0	4	2	0
7	3	13	0.538462
108	1	174	0.62069
1	5	5	0.2
1	5	4	0.25
6	3	10	0.6
12	2	24	0.5
1	5	7	0.142857
7	5	8	0.875
7	3	7	1
1	5	8	0.125
24	1	42	0.571429
1	5	2	0.5
1	5	6	0.166667
0	5	10	0
3	5	7	0.428571
19	1	46	0.413043
13	2	18	0.722222
0	5	8	0
3	5	4	0.75
15	5	20	0.75
2	5	7	0.285714
2	4	6	0.333333
19	5	24	0.791667
3	5	4	0.75
2	5	5	0.4
1	5	9	0.111111
0	5	7	0
3	5	7	0.428571
4	3	7	0.571429
6	5	10	0.6
1	5	2	0.5
7	3	13	0.538462
5	3	10	0.5
0	4	1	0
3	4	12	0.25
3	5	6	0.5
3	5	8	0.375
3	5	5	0.6
8	3	12	0.666667
1	5	2	0.5
1	5	3	0.333333
1	4	5	0.2
16	2	29	0.551724
1	5	11	0.0909091
0	3	7	0
0	5	2	0
2	5	6	0.333333
1	5	6	0.166667
6	5	11	0.545455
2	4	3	0.666667
2	4	7	0.285714
1	4	4	0.25
7	4	10	0.7
4	5	7	0.571429
22	1	45	0.488889
3	4	7	0.428571
0	5	11	0
6	5	9	0.666667
9	4	12	0.75
1	5	3	0.333333
6	5	17	0.352941
1	5	6	0.166667
0	4	6	0
2	3	11	0.181818
6	3	12	0.5
0	5	3	0
2	5	5	0.4
3	5	8	0.375
2	5	5	0.4
3	5	6	0.5
1	5	7	0.142857
3	4	9	0.333333
4	4	7	0.571429
8	3	10	0.8
0	4	2	0
0	5	2	0
3	3	10	0.3
6	4	7	0.857143
3	4	9	0.333333
0	5	2	0
1	5	5	0.2
2	4	3	0.666667
30	1	50	0.6
1	5	4	0.25
0	4	4	0
3	2	5	0.6
2	5	8	0.25
2	5	10	0.2
8	2	11	0.727273
3	4	8	0.375
3	4	10	0.3
2	4	4	0.5
0	5	9	0
3	4	7	0.428571
4	5	5	0.8
2	4	5	0.4
6	3	11	0.545455
6	5	14	0.428571
23	2	31	0.741935
1	5	4	0.25
4	3	6	0.666667
0	5	1	0
3	4	4	0.75
15	2	23	0.652174
2	5	2	1
3	4	6	0.5
6	3	7	0.857143
0	5	3	0
11	5	13	0.846154
2	5	3	0.666667
7	2	16	0.4375
1	5	6	0.166667
0	5	1	0
2	5	9	0.222222
24	4	27	0.888889
19	5	22	0.863636
5	5	8	0.625
5	5	6	0.833333
3	4	3	1
1	4	2	0.5
2	5	2	1
9	3	16	0.5625
6	3	13	0.461538
7	5	9	0.777778
3	5	3	1
4	4	8	0.5
9	5	10	0.9
13	4	15	0.866667
0	5	0	0
5	5	9	0.555556
39	1	70	0.557143
6	5	8	0.75
4	3	4	1
20	1	37	0.540541
5	5	5	1
11	5	13	0.846154
6	3	14	0.428571
12	1	36	0.333333
5	5	6	0.833333
1	5	2	0.5
11	5	13	0.846154
6	5	22	0.272727
2	5	3	0.666667
1	4	2	0.5
5	5	8	0.625
3	5	8	0.375
0	4	1	0
1	3	5	0.2
2	4	5	0.4
6	3	11	0.545455
0	4	2	0
4	5	7	0.571429
2	5	6	0.333333
1	5	3	0.333333
25	1	46	0.543478
1	5	1	1
7	5	9	0.777778
16	2	33	0.484848
3	4	4	0.75
0	5	0	0
5	3	10	0.5
7	5	10	0.7
3	4	3	1
5	3	7	0.714286
22	1	39	0.564103
4	4	5	0.8
1	4	2	0.5
1	5	5	0.2
7	5	9	0.777778
1	5	5	0.2
2	5	7	0.285714
1	4	4	0.25
0	3	1	0
9	4	12	0.75
0	4	1	0
1	5	2	0.5
7	5	9	0.777778
1	4	2	0.5
19	2	27	0.703704
1	4	4	0.25
3	5	5	0.6
7	3	24	0.291667
6	5	7	0.857143
14	4	16	0.875
7	4	8	0.875
24	1	66	0.363636
3	5	4	0.75
4	5	8	0.5
2	5	5	0.4
9	4	10	0.9
2	5	6	0.333333
2	5	6	0.333333
4	4	6	0.666667
4	5	7	0.571429
1	5	1	1
2	5	2	1
20	3	28	0.714286
0	5	9	0
2	4	13	0.153846
2	5	6	0.333333
0	4	0	0
4	5	5	0.8
3	5	5	0.6
1	5	3	0.333333
21	1	53	0.396226
2	5	5	0.4
9	5	11	0.818182
5	4	8	0.625
1	4	2	0.5
14	2	23	0.608696
3	5	5	0.6
1	5	5	0.2
7	3	32	0.21875
0	4	0	0
2	5	12	0.166667
4	4	6	0.666667
2	3	14	0.142857
16	5	18	0.888889
10	5	12	0.833333
1	4	4	0.25
11	5	13	0.846154
0	5	1	0
2	4	3	0.666667
1	4	3	0.333333
4	5	12	0.333333
2	5	5	0.4
38	5	41	0.926829
2	3	9	0.222222
3	5	5	0.6
4	4	5	0.8
1	4	1	1
1	5	1	1
5	5	6	0.833333
2	5	7	0.285714
12	2	22	0.545455
10	2	13	0.769231
37	1	76	0.486842
4	5	4	1
10	2	26	0.384615
4	5	7	0.571429
1	5	2	0.5
6	5	10	0.6
6	5	6	1
4	5	6	0.666667
7	5	9	0.777778
19	5	21	0.904762
2	5	6	0.333333
1	4	3	0.333333
5	5	14	0.357143
7	2	10	0.7
9	5	9	1
2	5	8	0.25
1	4	1	1
1	5	2	0.5
5	5	7	0.714286
3	5	5	0.6
1	5	2	0.5
3	3	12	0.25
2	3	5	0.4
1	5	2	0.5
7	2	10	0.7
3	3	29	0.103448
2	5	6	0.333333
6	5	8	0.75
2	5	3	0.666667
7	5	8	0.875
7	5	8	0.875
7	4	8	0.875
7	2	9	0.777778
8	4	9	0.888889
0	4	0	0
2	4	22	0.0909091
13	2	22	0.590909
0	5	5	0
1	5	10	0.1
4	5	4	1
2	5	3	0.666667
0	3	0	0
4	5	5	0.8
11	1	27	0.407407
2	5	2	1
17	2	23	0.73913
13	5	15	0.866667
1	5	1	1
3	5	7	0.428571
2	5	7	0.285714
1	3	2	0.5
5	5	5	1
3	5	6	0.5
0	4	1	0
1	5	3	0.333333
5	5	5	1
4	4	5	0.8
3	5	7	0.428571
10	1	84	0.119048
4	5	7	0.571429
13	4	15	0.866667
4	5	7	0.571429
2	5	3	0.666667
5	4	7	0.714286
3	5	10	0.3
1	5	9	0.111111
0	4	0	0
0	4	7	0
0	5	0	0
4	5	9	0.444444
1	4	11	0.0909091
1	5	10	0.1
4	5	12	0.333333
0	4	2	0
1	5	3	0.333333
29	4	36	0.805556
4	5	8	0.5
1	5	4	0.25
10	5	14	0.714286
2	5	7	0.285714
4	5	8	0.5
13	4	18	0.722222
5	5	6	0.833333
3	5	8	0.375
3	5	10	0.3
10	4	14	0.714286
15	4	20	0.75
12	3	21	0.571429
16	3	23	0.695652
4	5	7	0.571429
7	5	10	0.7
7	5	12	0.583333
4	5	8	0.5
5	3	8	0.625
5	5	8	0.625
3	5	8	0.375
5	5	9	0.555556
0	5	1	0
1	5	2	0.5
4	5	11	0.363636
3	5	29	0.103448
4	4	8	0.5
6	5	11	0.545455
0	5	5	0
1	5	5	0.2
4	5	7	0.571429
4	5	7	0.571429
2	5	4	0.5
1	4	2	0.5
8	5	11	0.727273
5	4	7	0.714286
14	3	18	0.777778
0	5	1	0
0	5	6	0
10	4	14	0.714286
8	2	16	0.5
1	5	1	1
3	5	5	0.6
5	5	13	0.384615
4	5	15	0.266667
12	3	20	0.6
5	5	8	0.625
1	5	3	0.333333
1	5	2	0.5
4	5	6	0.666667
3	5	8	0.375
2	5	5	0.4
5	4	12	0.416667
0	5	0	0
20	2	30	0.666667
9	3	21	0.428571
5	5	10	0.5
0	5	1	0
1	5	6	0.166667
2	5	7	0.285714
5	4	10	0.5
18	2	24	0.75
11	2	16	0.6875
1	5	4	0.25
5	5	10	0.5
8	5	16	0.5
4	5	11	0.363636
10	3	24	0.416667
1	5	3	0.333333
1	5	2	0.5
11	4	16	0.6875
4	4	6	0.666667
6	3	14	0.428571
5	3	6	0.833333
14	2	19	0.736842
56	1	109	0.513761
3	5	11	0.272727
1	5	8	0.125
2	5	16	0.125
2	5	7	0.285714
0	5	0	0
5	5	8	0.625
3	3	4	0.75
0	4	1	0
4	4	5	0.8
4	5	6	0.666667
4	5	4	1
5	5	10	0.5
2	5	6	0.333333
3	5	4	0.75
3	5	13	0.230769
11	4	16	0.6875
0	5	5	0
50	1	85	0.588235
1	5	2	0.5
12	3	18	0.666667
0	5	6	0
7	5	10	0.7
2	5	5	0.4
4	4	8	0.5
20	1	59	0.338983
7	5	11	0.636364
4	4	12	0.333333
6	3	8	0.75
6	3	8	0.75
6	5	8	0.75
20	5	29	0.689655
6	4	9	0.666667
4	5	9	0.444444
18	1	47	0.382979
3	5	9	0.333333
2	5	8	0.25
3	5	6	0.5
1	5	8	0.125
1	5	2	0.5
13	3	17	0.764706
2	3	14	0.142857
148	2	214	0.691589
2	5	8	0.25
8	3	14	0.571429
0	5	1	0
3	5	5	0.6
1	5	2	0.5
3	4	9	0.333333
1	5	6	0.166667
2	3	3	0.666667
4	5	7	0.571429
5	3	9	0.555556
5	4	7	0.714286
1	5	4	0.25
2	3	2	1
1	5	4	0.25
3	5	8	0.375
0	5	1	0
1	5	8	0.125
1	5	2	0.5
3	5	6	0.5
2	5	6	0.333333
2	5	6	0.333333
1	5	6	0.166667
2	5	14	0.142857
4	5	9	0.444444
1	4	12	0.0833333
2	5	3	0.666667
1	5	4	0.25
4	5	7	0.571429
5	4	9	0.555556
4	4	5	0.8
1	3	11	0.0909091
0	5	1	0
10	3	13	0.769231
0	5	5	0
2	5	4	0.5
4	3	22	0.181818
2	5	5	0.4
6	5	9	0.666667
3	5	3	1
9	2	21	0.428571
5	3	9	0.555556
2	5	6	0.333333
0	5	3	0
0	5	0	0
6	4	10	0.6
2	5	10	0.2
36	1	60	0.6
3	5	5	0.6
3	5	8	0.375
6	4	11	0.545455
23	2	37	0.621622
14	3	22	0.636364
3	5	16	0.1875
11	5	13	0.846154
9	3	14	0.642857
5	3	11	0.454545
0	4	11	0
1	5	2	0.5
1	4	4	0.25
0	5	3	0
7	2	40	0.175
9	4	10	0.9
10	3	13	0.769231
1	5	6	0.166667
2	4	4	0.5
8	3	14	0.571429
7	2	27	0.259259
0	5	10	0
2	5	5	0.4
2	5	6	0.333333
1	5	3	0.333333
1	5	2	0.5
6	5	10	0.6
2	5	7	0.285714
4	5	8	0.5
2	5	3	0.666667
7	4	10	0.7
18	2	30	0.6
3	4	8	0.375
6	5	8	0.75
1	5	9	0.111111
2	4	2	1
14	3	19	0.736842
14	4	17	0.823529
3	5	6	0.5
2	5	4	0.5
11	3	17	0.647059
6	3	13	0.461538
5	5	7	0.714286
4	5	7	0.571429
5	5	9	0.555556
2	4	3	0.666667
4	5	10	0.4
13	4	14	0.928571
4	3	4	1
8	5	11	0.727273
2	5	6	0.333333
1	5	2	0.5
4	4	4	1
0	5	7	0
2	5	4	0.5
12	2	22	0.545455
2	5	6	0.333333
5	3	16	0.3125
3	4	6	0.5
1	5	2	0.5
1	5	5	0.2
18	4	21	0.857143
1	5	11	0.0909091
3	4	11	0.272727
5	2	21	0.238095
5	5	11	0.454545
2	5	5	0.4
5	5	8	0.625
2	4	2	1
3	5	8	0.375
1	5	8	0.125
9	1	52	0.173077
3	5	8	0.375
16	2	22	0.727273
2	5	5	0.4
0	5	8	0
1	4	4	0.25
5	5	6	0.833333
23	1	43	0.534884
4	5	6	0.666667
1	5	2	0.5
7	3	10	0.7
5	5	6	0.833333
1	5	5	0.2
4	4	6	0.666667
9	1	90	0.1
15	3	21	0.714286
10	3	16	0.625
6	2	51	0.117647
2	5	4	0.5
3	5	5	0.6
7	3	13	0.538462
5	3	7	0.714286
10	5	19	0.526316
3	5	6	0.5
2	5	4	0.5
1	5	5	0.2
5	2	13	0.384615
2	5	6	0.333333
17	3	22	0.772727
4	5	9	0.444444
3	5	6	0.5
10	2	18	0.555556
7	3	8	0.875
3	5	7	0.428571
15	3	16	0.9375
3	5	4	0.75
2	4	2	1
6	4	7	0.857143
1	5	2	0.5
1	5	4	0.25
4	5	12	0.333333
2	3	2	1
0	5	4	0
10	5	13	0.769231
31	2	47	0.659574
1	5	4	0.25
28	4	40	0.7
5	4	9	0.555556
2	5	8	0.25
14	2	19	0.736842
4	3	14	0.285714
21	5	27	0.777778
9	4	13	0.692308
5	5	8	0.625
4	4	11	0.363636
4	5	6	0.666667
1	5	9	0.111111
0	4	3	0
1	5	1	1
13	2	24	0.541667
0	5	2	0
5	5	10	0.5
7	3	14	0.5
1	5	3	0.333333
5	5	8	0.625
3	5	5	0.6
28	1	69	0.405797
3	4	5	0.6
12	3	21	0.571429
21	5	27	0.777778
0	5	1	0
4	4	6	0.666667
6	3	10	0.6
2	5	8	0.25
4	4	6	0.666667
7	5	8	0.875
1	5	2	0.5
1	5	6	0.166667
1	5	2	0.5
2	5	10	0.2
1	5	4	0.25
7	5	12	0.583333
3	4	7	0.428571
9	2	45	0.2
3	3	4	0.75
1	5	3	0.333333
0	5	1	0
0	5	9	0
2	5	5	0.4
1	5	9	0.111111
0	5	5	0
1	5	5	0.2
3	5	13	0.230769
3	5	3	1
0	5	1	0
2	5	4	0.5
6	3	17	0.352941
2	4	4	0.5
7	5	15	0.466667
9	4	13	0.692308
0	5	1	0
8	4	11	0.727273
4	5	8	0.5
8	2	12	0.666667
1	5	4	0.25
0	5	5	0
1	5	2	0.5
1	4	1	1
10	2	21	0.47619
9	4	12	0.75
6	5	8	0.75
6	5	14	0.428571
4	5	5	0.8
15	2	26	0.576923
9	4	11	0.818182
15	1	37	0.405405
8	4	11	0.727273
15	2	21	0.714286
16	2	24	0.666667
24	4	36	0.666667
3	5	10	0.3
3	5	3	1
13	3	18	0.722222
14	2	19	0.736842
2	5	3	0.666667
2	4	6	0.333333
4	5	10	0.4
1	4	3	0.333333
2	5	5	0.4
1	4	2	0.5
2	5	7	0.285714
5	5	8	0.625
0	5	0	0
1	5	1	1
1	5	4	0.25
1	5	9	0.111111
1	5	17	0.0588235
1	5	3	0.333333
3	4	4	0.75
2	5	6	0.333333
2	5	3	0.666667
1	5	2	0.5
4	5	6	0.666667
6	5	10	0.6
6	5	12	0.5
1	5	2	0.5
3	4	7	0.428571
1	5	3	0.333333
1	5	1	1
7	4	11	0.636364
3	5	11	0.272727
6	5	10	0.6
2	4	2	1
0	5	4	0
5	5	11	0.454545
9	3	13	0.692308
6	5	6	1
5	5	6	0.833333
10	1	56	0.178571
4	5	4	1
4	5	7	0.571429
2	5	3	0.666667
7	3	11	0.636364
2	5	2	1
1	5	4	0.25
3	5	8	0.375
0	4	0	0
18	2	29	0.62069
9	2	15	0.6
1	5	10	0.1
0	5	2	0
7	3	8	0.875
1	5	2	0.5
2	5	4	0.5
1	5	4	0.25
1	4	1	1
4	5	8	0.5
17	5	29	0.586207
71	1	120	0.591667
2	4	4	0.5
1	5	4	0.25
73	1	136	0.536765
8	3	11	0.727273
2	4	4	0.5
2	5	3	0.666667
8	3	13	0.615385
1	5	5	0.2
14	3	16	0.875
1	5	7	0.142857
18	2	27	0.666667
10	5	21	0.47619
9	3	10	0.9
9	3	13	0.692308
23	1	49	0.469388
1	5	2	0.5
3	5	6	0.5
8	5	15	0.533333
3	5	8	0.375
0	5	1	0
2	5	5	0.4
1	5	3	0.333333
1	5	3	0.333333
0	5	0	0
4	4	5	0.8
7	5	12	0.583333
22	2	34	0.647059
2	5	11	0.181818
1	5	3	0.333333
2	5	4	0.5
1	5	3	0.333333
1	5	2	0.5
3	5	4	0.75
3	4	5	0.6
10	3	13	0.769231
8	3	10	0.8
3	4	6	0.5
2	4	7	0.285714
4	4	10	0.4
1	4	1	1
3	5	8	0.375
0	4	2	0
6	2	8	0.75
1	4	10	0.1
1	5	3	0.333333
1	5	9	0.111111
9	2	17	0.529412
4	5	7	0.571429
1	5	4	0.25
2	5	6	0.333333
1	4	5	0.2
2	5	3	0.666667
13	4	17	0.764706
2	5	9	0.222222
2	4	5	0.4
0	5	2	0
0	5	3	0
19	3	22	0.863636
1	5	3	0.333333
24	1	57	0.421053
1	5	8	0.125
7	2	42	0.166667
3	5	7	0.428571
0	4	2	0
6	3	6	1
26	1	53	0.490566
3	5	5	0.6
3	4	7	0.428571
3	5	4	0.75
11	3	12	0.916667
2	4	4	0.5
4	5	4	1
15	3	18	0.833333
1	5	2	0.5
5	4	5	1
50	1	89	0.561798
3	5	5	0.6
11	3	13	0.846154
11	3	18	0.611111
5	4	10	0.5
6	5	6	1
5	5	5	1
6	3	7	0.857143
3	5	5	0.6
1	5	1	1
0	5	1	0
1	5	8	0.125
19	1	47	0.404255
7	5	11	0.636364
4	5	7	0.571429
3	5	7	0.428571
14	2	17	0.823529
3	5	6	0.5
1	5	2	0.5
1	5	4	0.25
1	5	7	0.142857
0	5	9	0
0	5	4	0
214	5	251	0.85259
2	5	6	0.333333
1	5	3	0.333333
2	5	6	0.333333
4	5	6	0.666667
2	5	4	0.5
3	4	4	0.75
16	3	24	0.666667
99	5	124	0.798387
1	5	3	0.333333
1	4	4	0.25
1	5	1	1
1	5	1	1
1	5	5	0.2
3	5	6	0.5
5	5	11	0.454545
68	1	110	0.618182
3	4	7	0.428571
8	4	11	0.727273
5	5	9	0.555556
5	5	5	1
4	5	6	0.666667
5	4	7	0.714286
7	4	10	0.7
2	3	4	0.5
4	5	6	0.666667
1	5	3	0.333333
1	5	6	0.166667
1	5	3	0.333333
17	3	20	0.85
0	5	0	0
2	4	6	0.333333
1	3	1	1
1	5	7	0.142857
12	3	22	0.545455
10	3	12	0.833333
32	1	58	0.551724
20	2	45	0.444444
0	5	3	0
1	5	4	0.25
0	5	1	0
4	4	7	0.571429
1	4	2	0.5
5	5	7	0.714286
1	5	3	0.333333
0	5	0	0
3	5	6	0.5
2	4	6	0.333333
2	5	2	1
1	5	3	0.333333
0	5	4	0
1	5	6	0.166667
3	5	3	1
0	4	7	0
5	4	7	0.714286
3	5	7	0.428571
6	3	8	0.75
3	5	11	0.272727
1	5	5	0.2
14	2	19	0.736842
1	5	2	0.5
1	5	1	1
43	1	71	0.605634
4	4	5	0.8
6	5	6	1
1	5	3	0.333333
1	5	3	0.333333
1	5	2	0.5
3	5	4	0.75
8	3	17	0.470588
0	5	3	0
2	5	6	0.333333
2	4	3	0.666667
1	4	1	1
36	2	52	0.692308
33	1	89	0.370787
2	4	2	1
4	5	8	0.5
1	5	9	0.111111
20	3	26	0.769231
3	3	5	0.6
7	3	15	0.466667
1	5	4	0.25
1	5	1	1
2	4	4	0.5
3	5	3	1
27	1	62	0.435484
40	2	58	0.689655
7	3	9	0.777778
2	5	6	0.333333
8	5	15	0.533333
3	5	7	0.428571
7	2	42	0.166667
2	5	5	0.4
1	4	1	1
2	5	3	0.666667
3	3	3	1
2	5	6	0.333333
1	5	2	0.5
3	5	7	0.428571
2	5	4	0.5
0	4	1	0
4	5	6	0.666667
28	2	39	0.717949
2	5	6	0.333333
0	5	5	0
3	4	5	0.6
11	1	45	0.244444
0	5	2	0
8	3	9	0.888889
1	4	5	0.2
1	5	7	0.142857
2	5	4	0.5
2	5	7	0.285714
2	4	4	0.5
2	5	4	0.5
2	5	5	0.4
20	2	29	0.689655
2	5	6	0.333333
4	5	7	0.571429
4	4	8	0.5
5	4	15	0.333333
42	2	57	0.736842
25	2	53	0.471698
16	2	24	0.666667
0	4	0	0
3	5	21	0.142857
12	5	32	0.375
2	5	5	0.4
9	5	10	0.9
1	5	1	1
2	5	2	1
2	4	2	1
12	5	18	0.666667
3	5	3	1
4	5	11	0.363636
19	1	45	0.422222
9	4	19	0.473684
2	5	13	0.153846
5	3	15	0.333333
9	5	11	0.818182
1	5	2	0.5
2	5	3	0.666667
1	5	2	0.5
1	5	2	0.5
5	5	5	1
1	5	2	0.5
10	2	33	0.30303
7	2	10	0.7
7	5	8	0.875
9	3	16	0.5625
10	5	27	0.37037
4	4	5	0.8
1	5	2	0.5
947	5	1171	0.808711
2	4	3	0.666667
1	4	3	0.333333
6	5	8	0.75
1	5	3	0.333333
3	5	4	0.75
1	5	6	0.166667
11	5	13	0.846154
1	5	2	0.5
2	5	6	0.333333
3	5	5	0.6
6	5	8	0.75
5	5	6	0.833333
1	5	3	0.333333
7	5	9	0.777778
0	5	2	0
2	4	3	0.666667
3	5	3	1
11	2	50	0.22
12	5	15	0.8
2	5	8	0.25
1	5	4	0.25
17	5	24	0.708333
7	5	12	0.583333
7	5	9	0.777778
47	2	61	0.770492
1	4	1	1
0	4	2	0
2	5	3	0.666667
0	4	2	0
3	5	4	0.75
3	5	9	0.333333
1	5	2	0.5
9	5	11	0.818182
25	5	38	0.657895
1	5	2	0.5
32	5	46	0.695652
2	5	3	0.666667
0	4	7	0
7	5	8	0.875
2	5	3	0.666667
7	5	15	0.466667
0	5	2	0
4	4	4	1
1	4	3	0.333333
7	4	11	0.636364
0	5	2	0
8	5	15	0.533333
5	3	23	0.217391
5	5	8	0.625
0	5	3	0
2	5	4	0.5
3	5	5	0.6
1	4	2	0.5
2	5	29	0.0689655
2	5	4	0.5
