0	5	0	0
0	5	0	0
1	5	3	0.333333
1	4	1	1
1	5	1	1
13	1	24	0.541667
0	4	0	0
1	5	1	1
1	5	1	1
0	5	0	0
2	2	6	0.333333
0	5	0	0
1	5	1	1
2	4	5	0.4
0	5	3	0
1	5	2	0.5
1	5	1	1
0	4	0	0
0	4	3	0
1	3	2	0.5
1	5	1	1
1	3	4	0.25
2	3	5	0.4
0	4	0	0
0	5	4	0
1	5	3	0.333333
1	5	2	0.5
1	2	7	0.142857
2	5	2	1
4	5	4	1
2	5	2	1
1	5	1	1
0	5	1	0
1	4	1	1
1	5	1	1
0	5	2	0
3	5	3	1
2	5	3	0.666667
0	4	0	0
2	3	8	0.25
0	5	4	0
4	5	4	1
6	5	6	1
1	4	2	0.5
1	4	2	0.5
1	5	6	0.166667
0	5	0	0
2	3	2	1
0	5	0	0
3	5	5	0.6
0	5	0	0
5	2	16	0.3125
1	5	2	0.5
5	5	5	1
1	5	3	0.333333
3	5	3	1
16	1	42	0.380952
4	5	18	0.222222
6	5	7	0.857143
9	5	10	0.9
2	5	3	0.666667
3	5	4	0.75
8	3	12	0.666667
2	5	3	0.666667
3	5	3	1
0	4	4	0
1	5	1	1
1	4	1	1
7	2	21	0.333333
6	5	6	1
3	5	3	1
4	5	4	1
0	5	3	0
3	5	3	1
3	5	4	0.75
3	5	4	0.75
1	5	4	0.25
0	5	5	0
1	5	4	0.25
3	5	5	0.6
7	5	7	1
6	5	9	0.666667
4	4	5	0.8
0	5	2	0
2	4	4	0.5
0	5	2	0
3	3	4	0.75
9	3	22	0.409091
4	4	8	0.5
2	5	6	0.333333
1	5	3	0.333333
2	5	6	0.333333
2	5	3	0.666667
5	5	7	0.714286
2	5	4	0.5
4	2	11	0.363636
3	5	4	0.75
6	2	14	0.428571
15	1	49	0.306122
1	5	1	1
1	4	2	0.5
1	5	4	0.25
0	5	0	0
1	5	2	0.5
1	5	1	1
0	4	2	0
3	3	9	0.333333
4	5	4	1
0	5	2	0
0	4	5	0
1	4	2	0.5
2	5	3	0.666667
4	5	6	0.666667
2	4	6	0.333333
0	5	2	0
3	4	3	1
0	5	2	0
1	5	1	1
1	5	2	0.5
0	5	1	0
4	4	4	1
10	1	36	0.277778
1	4	1	1
0	4	0	0
4	4	7	0.571429
1	5	2	0.5
1	5	2	0.5
9	2	17	0.529412
1	5	2	0.5
4	5	5	0.8
0	5	5	0
2	5	2	1
0	5	22	0
0	5	2	0
3	3	7	0.428571
1	5	1	1
0	5	1	0
0	5	0	0
0	5	0	0
0	5	1	0
0	3	2	0
1	5	1	1
0	5	0	0
37	1	62	0.596774
5	2	12	0.416667
1	3	5	0.2
8	4	9	0.888889
1	5	1	1
0	3	6	0
2	5	4	0.5
0	4	4	0
4	5	4	1
3	2	15	0.2
3	4	3	1
7	3	14	0.5
2	4	7	0.285714
0	5	4	0
2	5	2	1
3	4	3	1
5	5	5	1
3	5	4	0.75
0	3	10	0
2	5	2	1
2	5	2	1
0	4	1	0
0	5	1	0
1	5	1	1
2	4	6	0.333333
10	5	12	0.833333
0	5	0	0
0	4	0	0
0	5	0	0
0	5	0	0
0	4	0	0
1	5	3	0.333333
1	5	2	0.5
0	4	3	0
3	2	6	0.5
0	5	1	0
2	5	3	0.666667
2	3	10	0.2
8	3	15	0.533333
9	5	11	0.818182
0	4	1	0
0	5	3	0
0	5	1	0
0	5	0	0
2	5	2	1
0	5	0	0
0	5	1	0
0	4	1	0
0	5	0	0
1	5	1	1
2	5	3	0.666667
1	5	1	1
5	2	17	0.294118
0	5	1	0
0	4	9	0
0	5	4	0
4	5	5	0.8
4	5	4	1
0	5	0	0
2	4	2	1
6	3	11	0.545455
1	5	2	0.5
1	5	2	0.5
3	5	5	0.6
3	5	4	0.75
0	5	2	0
2	5	3	0.666667
1	5	2	0.5
1	5	3	0.333333
1	5	3	0.333333
3	5	7	0.428571
1	4	5	0.2
3	5	6	0.5
2	5	5	0.4
3	5	5	0.6
0	5	2	0
2	4	3	0.666667
4	5	5	0.8
5	5	8	0.625
2	5	2	1
4	5	4	1
0	5	0	0
3	5	3	1
3	5	3	1
2	5	3	0.666667
12	1	33	0.363636
8	5	10	0.8
3	4	7	0.428571
22	5	25	0.88
2	5	4	0.5
6	5	7	0.857143
1	5	2	0.5
2	5	3	0.666667
1	5	1	1
5	5	5	1
0	4	0	0
1	3	2	0.5
0	4	0	0
1	5	1	1
8	1	25	0.32
0	5	0	0
0	5	0	0
1	3	1	1
0	5	0	0
0	4	0	0
9	1	34	0.264706
3	5	4	0.75
2	5	3	0.666667
0	3	2	0
0	3	2	0
3	5	6	0.5
1	3	1	1
1	5	1	1
0	5	6	0
0	5	0	0
2	5	3	0.666667
2	4	4	0.5
7	2	15	0.466667
1	4	16	0.0625
3	5	4	0.75
1	4	4	0.25
0	5	3	0
2	5	3	0.666667
1	5	1	1
0	5	1	0
3	5	3	1
3	3	7	0.428571
4	5	5	0.8
1	3	2	0.5
0	5	0	0
5	3	7	0.714286
0	5	1	0
1	5	1	1
0	5	0	0
2	5	2	1
0	5	0	0
3	5	3	1
3	3	7	0.428571
9	3	15	0.6
1	4	1	1
0	5	0	0
0	5	0	0
4	2	12	0.333333
0	2	6	0
1	4	2	0.5
2	5	2	1
2	5	3	0.666667
0	5	0	0
4	5	5	0.8
1	4	3	0.333333
1	5	1	1
5	5	5	1
1	4	2	0.5
0	4	0	0
3	5	3	1
1	5	1	1
2	5	2	1
3	2	8	0.375
1	5	1	1
2	5	2	1
1	4	1	1
0	5	0	0
1	2	7	0.142857
3	5	3	1
1	5	1	1
3	4	3	1
6	5	6	1
5	5	5	1
2	2	8	0.25
2	3	6	0.333333
4	5	4	1
0	5	0	0
3	5	3	1
0	4	3	0
2	5	2	1
2	1	22	0.0909091
0	5	0	0
0	5	0	0
2	3	5	0.4
5	2	7	0.714286
0	4	2	0
1	3	4	0.25
1	5	1	1
11	1	33	0.333333
1	5	2	0.5
0	5	2	0
2	5	2	1
1	4	3	0.333333
3	2	9	0.333333
2	5	2	1
1	1	42	0.0238095
4	3	7	0.571429
4	5	4	1
1	5	4	0.25
0	5	2	0
1	5	1	1
0	4	0	0
2	5	2	1
5	5	7	0.714286
6	2	9	0.666667
3	3	9	0.333333
4	5	12	0.333333
0	5	0	0
1	5	1	1
1	4	1	1
0	5	0	0
1	5	1	1
0	4	0	0
0	5	1	0
1	5	1	1
15	1	35	0.428571
0	5	0	0
0	4	0	0
18	3	33	0.545455
2	3	4	0.5
0	5	0	0
0	4	3	0
0	5	0	0
2	3	3	0.666667
3	4	7	0.428571
1	4	2	0.5
1	3	5	0.2
5	1	35	0.142857
5	4	7	0.714286
2	4	5	0.4
8	3	10	0.8
1	5	2	0.5
3	5	6	0.5
0	5	1	0
2	4	3	0.666667
3	4	5	0.6
3	2	8	0.375
0	5	4	0
4	2	16	0.25
2	5	2	1
1	4	1	1
2	5	3	0.666667
1	5	1	1
1	4	1	1
3	5	3	1
5	1	48	0.104167
2	5	2	1
5	3	8	0.625
2	3	2	1
1	5	1	1
2	4	2	1
3	5	3	1
0	4	0	0
4	3	7	0.571429
1	5	2	0.5
1	4	2	0.5
1	5	2	0.5
1	5	1	1
2	5	3	0.666667
0	5	1	0
0	5	0	0
0	5	0	0
4	5	4	1
5	5	5	1
1	4	1	1
4	3	7	0.571429
0	4	0	0
3	5	3	1
1	3	3	0.333333
1	4	1	1
2	4	2	1
1	4	4	0.25
2	5	3	0.666667
2	4	4	0.5
6	5	7	0.857143
1	5	2	0.5
1	4	3	0.333333
1	3	3	0.333333
2	5	2	1
1	5	1	1
0	5	0	0
1	2	2	0.5
1	5	1	1
1	5	1	1
4	3	5	0.8
0	5	0	0
0	5	0	0
0	5	0	0
1	3	1	1
0	4	0	0
0	5	0	0
0	5	0	0
0	5	0	0
43	3	155	0.277419
2	2	3	0.666667
5	5	6	0.833333
8	5	9	0.888889
0	5	0	0
7	5	10	0.7
1	5	1	1
1	5	1	1
0	3	0	0
5	2	6	0.833333
0	3	0	0
0	4	1	0
4	3	8	0.5
11	5	13	0.846154
1	5	1	1
4	4	6	0.666667
2	5	4	0.5
0	5	1	0
0	5	0	0
2	5	3	0.666667
0	5	0	0
3	4	3	1
2	5	3	0.666667
6	5	6	1
4	5	4	1
2	3	3	0.666667
0	5	1	0
2	5	2	1
0	4	0	0
2	5	2	1
0	5	0	0
0	5	0	0
0	4	0	0
0	5	0	0
1	5	2	0.5
1	3	2	0.5
2	5	3	0.666667
17	2	24	0.708333
22	1	44	0.5
3	5	4	0.75
1	5	1	1
3	4	3	1
1	5	3	0.333333
0	2	2	0
2	5	2	1
3	1	13	0.230769
0	5	0	0
2	5	2	1
1	5	2	0.5
2	5	4	0.5
0	5	0	0
1	3	9	0.111111
1	5	2	0.5
2	2	5	0.4
0	2	4	0
7	1	34	0.205882
0	3	1	0
2	4	2	1
0	2	2	0
1	3	2	0.5
3	3	3	1
0	4	1	0
0	4	2	0
1	5	1	1
1	2	3	0.333333
0	5	2	0
0	5	0	0
1	5	1	1
1	5	1	1
0	5	0	0
0	5	0	0
0	5	0	0
0	5	0	0
0	5	1	0
1	5	1	1
0	3	4	0
0	5	0	0
2	5	3	0.666667
0	5	0	0
1	4	2	0.5
0	2	3	0
3	2	4	0.75
0	3	3	0
0	5	3	0
0	5	10	0
1	5	2	0.5
0	5	4	0
4	4	4	1
3	3	3	1
4	5	5	0.8
3	3	5	0.6
1	4	2	0.5
0	5	0	0
10	2	15	0.666667
5	2	12	0.416667
15	2	76	0.197368
14	2	77	0.181818
0	4	0	0
2	5	3	0.666667
1	5	2	0.5
1	5	3	0.333333
1	5	2	0.5
2	5	3	0.666667
1	5	2	0.5
0	4	1	0
0	5	0	0
0	4	0	0
0	5	0	0
0	5	0	0
3	5	3	1
2	5	2	1
0	3	2	0
5	2	6	0.833333
2	5	3	0.666667
0	4	0	0
0	4	0	0
2	3	2	1
14	1	29	0.482759
34	1	57	0.596491
3	2	6	0.5
3	3	6	0.5
2	5	2	1
0	5	0	0
0	4	1	0
1	3	6	0.166667
3	2	8	0.375
1	5	5	0.2
2	5	3	0.666667
2	5	5	0.4
1	5	2	0.5
2	5	3	0.666667
5	2	6	0.833333
1	5	1	1
3	5	3	1
28	1	44	0.636364
2	5	3	0.666667
2	3	3	0.666667
2	5	3	0.666667
1	4	1	1
3	3	4	0.75
2	5	2	1
1	5	2	0.5
1	5	2	0.5
0	4	1	0
3	2	3	1
0	5	2	0
1	5	1	1
0	4	0	0
4	5	4	1
5	3	8	0.625
4	5	4	1
3	4	5	0.6
11	2	16	0.6875
2	5	4	0.5
2	4	3	0.666667
0	5	0	0
1	5	2	0.5
0	5	0	0
0	4	3	0
4	3	5	0.8
2	3	5	0.4
31	1	51	0.607843
1	5	1	1
1	3	3	0.333333
0	5	0	0
5	2	7	0.714286
3	5	3	1
0	5	1	0
1	5	2	0.5
2	5	6	0.333333
1	4	2	0.5
1	4	2	0.5
27	1	68	0.397059
14	5	15	0.933333
0	4	0	0
4	2	10	0.4
0	5	1	0
0	4	1	0
1	2	3	0.333333
0	5	2	0
0	4	0	0
1	3	1	1
1	2	4	0.25
0	4	2	0
0	3	0	0
0	4	1	0
0	5	0	0
2	5	2	1
0	2	0	0
0	4	0	0
0	4	0	0
0	3	2	0
2	5	2	1
4	5	4	1
0	5	1	0
7	2	17	0.411765
2	5	2	1
1	5	1	1
1	5	5	0.2
0	5	0	0
1	4	4	0.25
0	5	0	0
6	4	8	0.75
2	5	2	1
22	1	35	0.628571
1	4	2	0.5
0	5	1	0
1	5	2	0.5
15	5	17	0.882353
0	5	2	0
0	4	2	0
0	3	1	0
1	4	2	0.5
0	5	0	0
2	5	2	1
1	5	1	1
0	5	0	0
0	5	1	0
0	2	5	0
1	5	2	0.5
2	3	5	0.4
1	5	1	1
1	4	1	1
0	4	0	0
467	5	548	0.85219
43	5	69	0.623188
0	4	0	0
1	5	2	0.5
0	4	0	0
0	5	0	0
0	5	0	0
0	5	1	0
5	5	6	0.833333
2	4	3	0.666667
1	4	2	0.5
0	5	1	0
1	5	2	0.5
0	5	2	0
2	5	2	1
0	4	1	0
1	5	2	0.5
0	4	1	0
1	5	3	0.333333
5	4	11	0.454545
0	4	2	0
0	4	1	0
0	5	1	0
0	5	1	0
2	2	7	0.285714
1	5	2	0.5
6	1	19	0.315789
9	1	30	0.3
1	5	2	0.5
2	4	6	0.333333
1	5	4	0.25
1	5	2	0.5
39	2	97	0.402062
6	3	8	0.75
4	4	6	0.666667
6	4	7	0.857143
0	4	2	0
2	5	3	0.666667
1	3	2	0.5
6	2	12	0.5
0	5	1	0
0	3	0	0
1	5	4	0.25
0	5	1	0
0	5	2	0
0	4	0	0
1	5	1	1
0	4	0	0
0	4	0	0
0	5	0	0
3	5	3	1
0	2	1	0
1	5	1	1
1	4	2	0.5
0	4	1	0
0	3	0	0
4	1	13	0.307692
0	5	0	0
0	5	1	0
1	2	1	1
10	1	16	0.625
4	1	15	0.266667
0	4	2	0
0	5	0	0
0	5	0	0
0	4	0	0
2	5	2	1
0	5	0	0
0	5	1	0
0	4	1	0
4	5	6	0.666667
3	5	3	1
0	3	0	0
1	3	2	0.5
1	2	2	0.5
0	5	0	0
0	3	0	0
3	5	5	0.6
0	3	1	0
1	4	1	1
0	5	0	0
12	4	20	0.6
0	5	0	0
1	4	1	1
1	2	5	0.2
0	5	0	0
1	5	1	1
6	3	9	0.666667
0	5	0	0
6	5	6	1
1	5	2	0.5
0	4	0	0
0	5	0	0
3	5	5	0.6
3	3	8	0.375
3	5	4	0.75
1	5	2	0.5
3	5	5	0.6
0	5	0	0
1	5	3	0.333333
1	3	1	1
0	5	0	0
1	5	2	0.5
0	5	0	0
3	4	4	0.75
3	4	4	0.75
1	5	2	0.5
1	5	1	1
4	5	6	0.666667
5	1	22	0.227273
3	4	4	0.75
8	2	25	0.32
2	4	2	1
1	4	3	0.333333
2	5	4	0.5
1	5	2	0.5
10	1	19	0.526316
12	1	27	0.444444
0	5	1	0
1	5	3	0.333333
0	5	0	0
1	5	3	0.333333
18	1	35	0.514286
5	1	84	0.0595238
2	4	3	0.666667
17	1	39	0.435897
4	5	4	1
4	5	4	1
18	1	29	0.62069
42	1	65	0.646154
6	5	7	0.857143
1	3	2	0.5
0	5	1	0
0	5	0	0
3	5	4	0.75
4	3	6	0.666667
2	5	2	1
0	4	1	0
7	1	14	0.5
2	5	2	1
0	5	0	0
1	5	6	0.166667
1	5	1	1
1	4	1	1
1	3	1	1
3	1	14	0.214286
0	5	0	0
2	3	3	0.666667
2	2	6	0.333333
2	5	3	0.666667
1	5	1	1
0	3	0	0
4	3	4	1
1	5	1	1
2	5	3	0.666667
1	5	4	0.25
2	4	2	1
4	5	4	1
1	5	2	0.5
0	5	1	0
0	2	0	0
2	3	2	1
1	2	13	0.0769231
3	5	7	0.428571
4	4	7	0.571429
1	5	2	0.5
14	3	16	0.875
2	5	3	0.666667
3	3	4	0.75
0	5	0	0
1	4	2	0.5
0	5	2	0
4	5	4	1
1	5	6	0.166667
2	5	3	0.666667
3	5	4	0.75
1	2	6	0.166667
1	5	3	0.333333
1	5	1	1
1	4	1	1
5	3	11	0.454545
0	4	0	0
0	5	1	0
0	5	0	0
0	5	0	0
0	5	0	0
0	5	0	0
0	5	0	0
0	3	3	0
0	5	0	0
0	5	1	0
1	3	1	1
7	5	8	0.875
1	5	2	0.5
1	5	1	1
0	5	0	0
0	5	0	0
0	5	0	0
2	4	5	0.4
2	5	3	0.666667
3	3	22	0.136364
0	4	0	0
24	5	27	0.888889
0	5	1	0
1	2	21	0.047619
0	4	0	0
2	3	3	0.666667
14	4	14	1
2	4	2	1
2	3	4	0.5
0	5	0	0
0	5	0	0
0	5	1	0
0	2	1	0
1	3	2	0.5
1	1	5	0.2
1	5	1	1
0	5	0	0
1	3	2	0.5
0	5	0	0
1	5	1	1
0	5	0	0
0	5	1	0
1	5	1	1
44	1	111	0.396396
0	4	0	0
0	5	0	0
1	4	1	1
0	5	0	0
0	5	0	0
1	4	1	1
0	3	2	0
2	5	3	0.666667
0	5	1	0
0	5	0	0
2	5	2	1
0	3	0	0
0	5	1	0
3	5	4	0.75
2	3	2	1
9	1	25	0.36
2	4	6	0.333333
0	5	0	0
0	5	2	0
2	3	3	0.666667
2	5	2	1
4	3	6	0.666667
0	3	0	0
8	3	11	0.727273
1	5	2	0.5
1	5	2	0.5
0	5	0	0
0	4	0	0
2	3	2	1
3	3	3	1
1	2	1	1
3	1	48	0.0625
2	1	9	0.222222
0	5	0	0
2	4	4	0.5
1	2	2	0.5
0	5	0	0
1	5	3	0.333333
0	5	0	0
0	5	0	0
0	3	0	0
0	4	0	0
0	2	0	0
0	5	0	0
0	5	0	0
1	5	1	1
0	5	0	0
0	5	0	0
0	5	0	0
0	3	0	0
0	4	0	0
0	5	0	0
0	4	0	0
0	5	0	0
0	5	0	0
0	5	0	0
1	5	1	1
0	4	0	0
1	4	1	1
0	5	0	0
0	2	0	0
0	4	0	0
0	4	0	0
6	1	10	0.6
0	4	0	0
1	5	1	1
1	4	1	1
0	3	0	0
1	4	1	1
0	2	0	0
0	2	0	0
0	5	0	0
0	5	0	0
0	5	0	0
15	1	26	0.576923
0	5	0	0
0	5	0	0
0	4	0	0
1	5	1	1
0	5	0	0
0	5	0	0
0	5	0	0
0	5	0	0
0	3	1	0
1	3	1	1
0	5	0	0
0	4	0	0
0	5	0	0
0	5	0	0
0	4	0	0
0	5	0	0
0	5	0	0
0	5	0	0
0	5	0	0
0	5	0	0
0	5	0	0
0	5	0	0
0	5	0	0
0	5	0	0
0	4	0	0
0	4	0	0
2	3	2	1
1	2	1	1
2	4	4	0.5
6	4	9	0.666667
0	5	0	0
0	5	0	0
0	5	0	0
8	1	14	0.571429
0	2	0	0
19	1	30	0.633333
0	5	0	0
0	5	0	0
0	5	0	0
0	4	0	0
0	5	0	0
0	3	0	0
0	5	0	0
0	4	0	0
0	5	0	0
0	5	0	0
0	3	1	0
0	4	0	0
0	4	0	0
0	4	0	0
0	4	0	0
7	1	12	0.583333
0	5	0	0
1	3	2	0.5
0	3	0	0
0	4	0	0
0	5	0	0
0	3	0	0
0	3	0	0
0	4	0	0
0	5	0	0
0	2	0	0
0	3	0	0
0	3	0	0
0	2	1	0
0	5	0	0
0	5	0	0
0	5	0	0
0	2	0	0
0	4	0	0
0	5	0	0
0	4	0	0
0	5	0	0
0	4	0	0
0	3	0	0
0	5	0	0
0	5	0	0
0	2	0	0
0	5	0	0
0	5	0	0
1	5	1	1
0	5	0	0
0	5	0	0
0	5	0	0
0	4	0	0
0	5	0	0
0	5	0	0
0	5	0	0
5	1	9	0.555556
1	3	5	0.2
0	5	0	0
0	3	0	0
0	4	0	0
0	5	0	0
3	4	4	0.75
3	5	5	0.6
6	4	9	0.666667
0	4	0	0
15	1	53	0.283019
3	5	4	0.75
13	5	33	0.393939
5	4	7	0.714286
12	3	16	0.75
2	4	2	1
0	5	0	0
13	2	28	0.464286
0	5	0	0
2	4	2	1
2	4	2	1
3	5	8	0.375
1	5	1	1
3	4	3	1
0	5	1	0
3	3	4	0.75
6	2	8	0.75
2	3	4	0.5
8	1	15	0.533333
0	5	1	0
0	5	2	0
3	3	5	0.6
5	5	7	0.714286
0	5	2	0
26	2	38	0.684211
0	5	0	0
1	5	2	0.5
4	4	5	0.8
2	5	2	1
2	3	3	0.666667
11	3	13	0.846154
0	5	2	0
0	5	1	0
6	5	6	1
2	5	5	0.4
0	5	1	0
1	5	1	1
2	3	5	0.4
3	5	3	1
1	3	3	0.333333
0	4	1	0
0	5	2	0
0	4	2	0
0	5	0	0
1	5	1	1
1	4	3	0.333333
7	3	12	0.583333
6	4	8	0.75
0	5	0	0
0	5	3	0
0	5	0	0
2	5	2	1
0	5	0	0
0	5	0	0
1	4	1	1
10	2	14	0.714286
3	5	4	0.75
2	4	4	0.5
17	1	49	0.346939
1	5	1	1
0	5	1	0
0	5	0	0
3	5	3	1
0	5	0	0
0	5	0	0
8	2	12	0.666667
1	3	3	0.333333
10	1	20	0.5
0	5	1	0
0	5	0	0
5	2	7	0.714286
0	5	0	0
0	5	1	0
5	1	13	0.384615
1	5	3	0.333333
5	2	7	0.714286
2	5	2	1
1	4	2	0.5
2	4	2	1
7	1	12	0.583333
4	2	5	0.8
1	5	1	1
0	2	0	0
1	5	2	0.5
20	2	28	0.714286
7	2	9	0.777778
1	4	1	1
2	5	4	0.5
1	5	1	1
0	5	2	0
0	5	0	0
1	4	1	1
4	2	5	0.8
2	5	4	0.5
0	5	0	0
2	2	3	0.666667
0	5	1	0
2	5	4	0.5
0	5	0	0
1	5	2	0.5
15	1	24	0.625
3	3	4	0.75
2	4	4	0.5
0	5	0	0
0	5	0	0
1	4	1	1
0	5	2	0
1	3	1	1
2	3	3	0.666667
0	5	1	0
2	2	4	0.5
3	4	5	0.6
19	3	21	0.904762
0	5	2	0
3	5	4	0.75
1	4	2	0.5
0	4	0	0
4	5	12	0.333333
5	1	37	0.135135
3	3	3	1
0	5	0	0
4	2	5	0.8
2	5	2	1
1	5	3	0.333333
2	2	3	0.666667
8	1	14	0.571429
0	5	0	0
22	1	35	0.628571
1	4	2	0.5
7	3	10	0.7
1	5	3	0.333333
1	5	2	0.5
1	4	1	1
5	2	9	0.555556
9	1	14	0.642857
0	5	1	0
0	5	1	0
1	5	1	1
0	5	1	0
1	3	1	1
0	5	0	0
25	1	39	0.641026
0	4	0	0
2	4	2	1
0	5	0	0
2	3	2	1
0	5	0	0
1	4	1	1
1	4	6	0.166667
1	4	1	1
0	3	0	0
0	5	0	0
0	5	1	0
11	1	18	0.611111
0	5	0	0
6	2	9	0.666667
0	5	0	0
0	5	0	0
1	5	1	1
4	1	11	0.363636
0	5	0	0
1	5	2	0.5
1	4	1	1
1	3	2	0.5
0	5	0	0
0	5	0	0
0	5	1	0
2	3	2	1
1	5	1	1
1	5	3	0.333333
0	5	0	0
1	5	1	1
2	4	2	1
1	5	2	0.5
1	4	1	1
8	2	11	0.727273
1	4	2	0.5
2	3	4	0.5
0	5	1	0
3	5	3	1
0	5	2	0
5	5	10	0.5
12	2	16	0.75
30	1	47	0.638298
1	5	3	0.333333
10	2	14	0.714286
44	1	69	0.637681
0	5	2	0
1	5	2	0.5
1	5	1	1
1	4	1	1
4	5	9	0.444444
2	3	2	1
1	5	3	0.333333
1	4	1	1
0	5	2	0
3	3	3	1
0	5	0	0
0	5	0	0
1	5	1	1
3	2	5	0.6
2	4	3	0.666667
4	4	4	1
3	3	4	0.75
0	3	0	0
6	2	8	0.75
0	2	0	0
14	1	22	0.636364
3	4	5	0.6
1	5	3	0.333333
3	2	4	0.75
1	5	2	0.5
5	3	9	0.555556
1	5	3	0.333333
3	3	7	0.428571
3	5	3	1
0	5	1	0
0	5	0	0
0	5	2	0
0	5	1	0
0	5	0	0
5	2	8	0.625
1	5	3	0.333333
2	3	3	0.666667
1	4	1	1
1	4	1	1
2	5	4	0.5
0	4	3	0
0	5	4	0
2	3	3	0.666667
0	4	1	0
2	5	2	1
4	3	5	0.8
6	1	11	0.545455
3	4	5	0.6
0	5	0	0
4	3	6	0.666667
1	5	2	0.5
12	1	20	0.6
2	4	7	0.285714
0	5	1	0
2	5	2	1
3	5	5	0.6
4	2	5	0.8
1	3	1	1
45	3	54	0.833333
2	5	2	1
1	5	1	1
2	4	2	1
4	5	4	1
7	1	11	0.636364
3	3	4	0.75
3	5	4	0.75
1	5	2	0.5
1	4	3	0.333333
0	5	0	0
1	5	1	1
1	5	2	0.5
1	5	3	0.333333
2	4	2	1
1	4	1	1
1	4	3	0.333333
1	5	2	0.5
1	4	2	0.5
2	3	12	0.166667
2	3	3	0.666667
2	5	4	0.5
1	5	1	1
1	5	2	0.5
1	5	1	1
2	2	6	0.333333
1	5	1	1
0	5	0	0
0	4	0	0
0	5	0	0
1	5	1	1
0	4	1	0
4	5	4	1
0	4	0	0
0	5	0	0
1	4	2	0.5
1	5	1	1
0	5	0	0
0	4	0	0
3	2	6	0.5
3	5	4	0.75
0	4	0	0
0	5	0	0
3	2	6	0.5
0	4	0	0
2	3	2	1
1	4	2	0.5
3	3	5	0.6
1	5	1	1
0	5	0	0
0	5	0	0
1	2	5	0.2
1	4	1	1
3	2	4	0.75
0	5	0	0
0	4	0	0
0	4	1	0
1	5	1	1
0	5	0	0
0	5	0	0
1	2	5	0.2
0	5	0	0
1	5	1	1
0	5	2	0
0	3	0	0
0	5	1	0
1	4	2	0.5
1	5	2	0.5
1	2	2	0.5
5	4	10	0.5
0	5	0	0
0	4	1	0
11	5	13	0.846154
1	5	3	0.333333
4	5	4	1
0	5	1	0
0	5	0	0
1	5	2	0.5
0	3	2	0
0	5	2	0
0	5	2	0
4	4	10	0.4
3	2	15	0.2
1	3	1	1
0	5	1	0
0	5	0	0
0	3	0	0
10	3	14	0.714286
2	5	3	0.666667
2	5	2	1
1	5	2	0.5
5	1	10	0.5
4	2	5	0.8
7	4	8	0.875
0	5	0	0
0	5	1	0
2	4	6	0.333333
0	5	0	0
1	5	4	0.25
2	5	3	0.666667
1	4	1	1
0	5	2	0
0	4	2	0
5	5	6	0.833333
6	4	10	0.6
0	5	1	0
1	3	2	0.5
0	5	0	0
7	2	9	0.777778
1	5	1	1
0	5	2	0
6	3	7	0.857143
4	5	4	1
6	4	8	0.75
4	5	4	1
2	4	2	1
6	3	16	0.375
3	4	5	0.6
1	4	1	1
0	5	1	0
6	4	10	0.6
2	5	4	0.5
1	5	6	0.166667
3	5	6	0.5
2	3	4	0.5
0	5	6	0
1	5	1	1
7	4	12	0.583333
1	5	3	0.333333
0	4	5	0
0	5	1	0
18	3	26	0.692308
3	3	4	0.75
42	1	65	0.646154
1	5	3	0.333333
3	3	3	1
1	5	1	1
0	5	0	0
0	5	0	0
0	5	0	0
1	4	2	0.5
0	5	0	0
0	5	0	0
1	4	2	0.5
0	4	0	0
1	4	1	1
6	2	6	1
3	5	3	1
0	5	0	0
0	4	1	0
10	1	17	0.588235
0	4	0	0
0	5	1	0
0	5	0	0
1	5	1	1
1	4	1	1
0	5	0	0
0	5	0	0
2	5	2	1
0	5	0	0
0	5	0	0
1	4	3	0.333333
1	5	2	0.5
1	5	1	1
1	5	1	1
1	5	2	0.5
1	5	2	0.5
1	5	1	1
1	5	1	1
1	5	2	0.5
30	5	40	0.75
1	4	2	0.5
0	5	0	0
0	5	0	0
0	5	0	0
3	3	6	0.5
0	4	0	0
6	4	7	0.857143
4	5	4	1
0	5	0	0
2	4	3	0.666667
0	5	0	0
3	5	3	1
1	4	2	0.5
0	5	0	0
1	4	1	1
10	2	14	0.714286
0	5	0	0
0	5	0	0
0	5	0	0
0	4	0	0
1	5	1	1
1	5	2	0.5
0	5	0	0
0	5	0	0
4	3	7	0.571429
0	5	0	0
1	5	1	1
0	5	1	0
0	5	0	0
0	5	0	0
4	3	6	0.666667
0	5	2	0
1	4	2	0.5
0	4	1	0
1	4	2	0.5
0	5	0	0
1	5	1	1
1	5	1	1
5	3	8	0.625
2	4	5	0.4
0	4	0	0
3	4	4	0.75
0	4	0	0
1	3	2	0.5
0	4	0	0
3	3	4	0.75
1	5	1	1
0	4	1	0
2	3	7	0.285714
1	5	1	1
0	5	0	0
1	3	3	0.333333
1	5	1	1
2	5	2	1
0	5	0	0
3	3	4	0.75
11	1	18	0.611111
0	5	0	0
1	5	1	1
0	5	0	0
16	5	19	0.842105
8	3	11	0.727273
5	2	10	0.5
2	5	3	0.666667
33	3	38	0.868421
2	3	3	0.666667
1	3	2	0.5
4	5	10	0.4
3	2	6	0.5
0	4	1	0
28	1	44	0.636364
0	5	0	0
0	4	0	0
4	2	7	0.571429
5	3	7	0.714286
0	4	0	0
1	4	3	0.333333
0	5	0	0
1	5	1	1
1	4	2	0.5
1	4	1	1
1	5	2	0.5
0	5	0	0
0	5	0	0
0	4	0	0
10	3	11	0.909091
0	5	0	0
0	5	0	0
0	5	1	0
0	4	0	0
1	4	4	0.25
0	5	1	0
0	4	1	0
15	3	25	0.6
0	5	0	0
1	4	1	1
5	5	6	0.833333
0	5	0	0
2	3	2	1
0	5	0	0
7	2	9	0.777778
7	3	8	0.875
3	4	3	1
0	4	0	0
4	3	5	0.8
0	5	0	0
1	5	1	1
2	3	4	0.5
0	4	0	0
0	5	1	0
3	3	5	0.6
0	5	0	0
3	2	4	0.75
4	2	5	0.8
6	5	6	1
4	3	6	0.666667
0	5	0	0
3	3	3	1
0	5	0	0
12	2	30	0.4
0	5	0	0
0	5	0	0
23	1	37	0.621622
3	3	4	0.75
1	3	1	1
0	5	0	0
0	5	0	0
5	5	5	1
0	5	1	0
0	5	0	0
0	4	1	0
3	2	5	0.6
0	4	0	0
0	5	0	0
0	5	1	0
0	5	0	0
0	5	0	0
0	4	0	0
2	3	2	1
1	5	1	1
0	5	0	0
0	5	0	0
0	5	0	0
0	5	0	0
3	2	4	0.75
0	4	0	0
1	3	1	1
0	5	0	0
0	5	0	0
0	5	0	0
0	5	1	0
1	5	1	1
0	4	0	0
0	5	0	0
0	5	0	0
2	3	2	1
0	5	0	0
4	1	7	0.571429
2	5	3	0.666667
3	3	3	1
0	5	0	0
0	5	0	0
3	5	3	1
1	5	1	1
0	5	1	0
0	4	0	0
4	2	5	0.8
0	5	0	0
0	4	0	0
2	3	2	1
1	4	1	1
0	5	0	0
0	4	0	0
1	2	2	0.5
0	4	0	0
0	4	1	0
1	4	1	1
1	1	19	0.0526316
2	2	3	0.666667
1	3	2	0.5
0	5	0	0
0	5	0	0
0	4	0	0
0	4	0	0
0	5	0	0
0	4	0	0
3	2	4	0.75
0	4	0	0
0	5	0	0
0	4	0	0
0	5	0	0
0	5	1	0
2	5	2	1
0	5	0	0
0	5	0	0
0	5	0	0
0	2	3	0
23	1	36	0.638889
1	1	9	0.111111
6	2	8	0.75
0	4	0	0
0	5	0	0
5	2	7	0.714286
0	5	0	0
2	3	2	1
0	4	0	0
0	5	0	0
0	5	0	0
0	5	0	0
0	5	0	0
1	5	1	1
0	4	0	0
7	3	40	0.175
1	3	1	1
0	5	0	0
0	5	0	0
0	5	0	0
1	5	4	0.25
1	5	2	0.5
17	3	23	0.73913
1	4	1	1
1	4	1	1
3	2	4	0.75
6	3	7	0.857143
0	5	0	0
0	4	0	0
0	5	0	0
1	3	1	1
0	5	0	0
7	1	12	0.583333
0	5	1	0
4	5	4	1
0	4	0	0
1	5	3	0.333333
0	4	0	0
0	5	0	0
1	4	1	1
0	5	1	0
2	4	3	0.666667
0	5	3	0
1	5	1	1
0	5	0	0
0	5	1	0
1	4	1	1
1	5	1	1
5	3	5	1
0	4	0	0
6	1	10	0.6
2	5	2	1
0	5	0	0
0	3	1	0
0	5	0	0
1	3	4	0.25
2	3	3	0.666667
0	5	2	0
0	5	1	0
3	1	11	0.272727
8	1	13	0.615385
6	3	9	0.666667
1	5	1	1
0	4	3	0
2	5	2	1
0	4	0	0
1	4	2	0.5
0	4	1	0
14	3	26	0.538462
0	5	0	0
0	5	1	0
0	5	1	0
1	3	5	0.2
0	5	0	0
3	2	5	0.6
0	4	0	0
0	5	0	0
0	5	0	0
0	4	0	0
1	4	1	1
0	5	0	0
0	5	0	0
2	3	2	1
0	4	0	0
0	4	0	0
1	3	4	0.25
0	5	0	0
0	4	3	0
0	5	2	0
2	3	3	0.666667
0	5	0	0
0	5	0	0
3	3	4	0.75
0	5	2	0
0	5	1	0
0	4	1	0
0	4	0	0
0	5	1	0
4	5	4	1
1	5	1	1
0	4	1	0
0	5	0	0
2	2	10	0.2
0	5	0	0
0	4	1	0
1	3	1	1
0	5	0	0
11	1	18	0.611111
0	5	0	0
1	3	3	0.333333
10	3	17	0.588235
18	5	22	0.818182
0	4	0	0
7	2	10	0.7
2	3	2	1
4	3	5	0.8
9	1	14	0.642857
1	2	1	1
1	3	1	1
0	5	0	0
0	5	0	0
0	5	0	0
8	2	15	0.533333
5	1	11	0.454545
1	2	8	0.125
0	5	0	0
0	5	1	0
0	5	0	0
4	5	4	1
6	3	13	0.461538
13	5	24	0.541667
0	5	0	0
0	4	1	0
0	5	0	0
0	5	0	0
2	5	2	1
1	3	4	0.25
0	4	0	0
13	5	18	0.722222
0	5	0	0
0	5	0	0
0	5	0	0
3	2	4	0.75
1	5	2	0.5
0	4	0	0
1	2	2	0.5
0	5	0	0
1	5	2	0.5
3	5	4	0.75
0	5	0	0
6	1	12	0.5
0	4	1	0
1	3	2	0.5
2	5	5	0.4
0	5	0	0
0	5	0	0
3	5	3	1
0	5	0	0
3	5	3	1
0	3	0	0
0	5	0	0
0	5	0	0
0	3	1	0
0	5	0	0
0	5	0	0
1	3	1	1
1	5	1	1
0	5	0	0
0	5	0	0
0	3	0	0
0	3	0	0
0	5	0	0
0	5	0	0
1	2	2	0.5
0	5	0	0
0	5	0	0
0	5	1	0
4	5	4	1
0	4	0	0
0	5	0	0
2	3	2	1
0	5	0	0
0	3	0	0
0	3	0	0
6	1	11	0.545455
1	3	2	0.5
0	4	3	0
0	5	0	0
1	4	3	0.333333
0	5	0	0
2	5	2	1
3	5	4	0.75
2	3	5	0.4
1	5	1	1
0	5	0	0
3	5	4	0.75
0	5	0	0
0	4	0	0
1	5	2	0.5
0	5	0	0
0	5	0	0
0	5	0	0
0	5	0	0
0	4	1	0
0	3	0	0
0	5	0	0
0	5	0	0
0	4	0	0
0	5	0	0
1	5	1	1
0	4	0	0
0	5	0	0
1	5	1	1
0	4	0	0
1	3	1	1
1	4	1	1
0	5	0	0
0	5	0	0
0	5	0	0
0	5	1	0
0	3	0	0
0	5	0	0
3	2	4	0.75
0	5	0	0
0	5	0	0
0	5	0	0
0	4	0	0
0	3	0	0
1	4	1	1
0	4	1	0
0	3	0	0
0	4	0	0
0	5	0	0
0	4	0	0
0	5	0	0
0	5	0	0
1	5	1	1
0	5	0	0
1	4	5	0.2
0	5	0	0
0	4	1	0
0	5	0	0
78	2	267	0.292135
0	5	0	0
0	5	0	0
0	5	0	0
1	5	1	1
0	5	0	0
0	5	0	0
0	4	0	0
0	5	0	0
0	5	0	0
0	5	0	0
0	5	0	0
2	5	2	1
0	4	1	0
0	5	0	0
1	3	1	1
0	5	0	0
3	2	6	0.5
0	5	0	0
0	5	0	0
0	4	0	0
0	5	0	0
0	5	0	0
0	5	0	0
0	5	0	0
1	3	2	0.5
2	2	2	1
0	5	0	0
16	3	18	0.888889
0	5	0	0
0	4	0	0
2	3	2	1
1	3	2	0.5
0	5	0	0
0	5	0	0
287	5	318	0.902516
0	5	0	0
2	2	2	1
1	4	1	1
0	4	0	0
0	5	0	0
1	4	1	1
1	3	2	0.5
33	3	58	0.568966
0	5	0	0
0	5	0	0
0	5	1	0
0	5	0	0
0	5	0	0
1	3	1	1
0	5	0	0
0	5	0	0
0	5	0	0
1	5	1	1
0	5	1	0
0	2	0	0
0	5	0	0
0	5	0	0
0	5	0	0
1	4	13	0.0769231
0	5	0	0
1	3	1	1
0	5	0	0
0	4	0	0
0	5	1	0
0	5	0	0
8	5	22	0.363636
0	5	0	0
0	5	0	0
0	5	0	0
1	4	1	1
19	1	30	0.633333
0	4	0	0
0	4	0	0
0	5	0	0
0	4	0	0
0	5	0	0
0	5	0	0
0	4	0	0
0	5	1	0
0	5	0	0
0	4	0	0
2	1	6	0.333333
0	5	0	0
0	4	0	0
18	3	25	0.72
0	3	0	0
0	2	0	0
0	4	0	0
0	5	0	0
5	1	10	0.5
1	5	1	1
3	3	4	0.75
0	4	0	0
0	3	0	0
0	4	0	0
0	5	0	0
0	5	0	0
0	5	0	0
0	2	1	0
0	5	0	0
0	5	0	0
0	4	0	0
0	4	0	0
1	5	1	1
1	5	1	1
0	5	0	0
0	4	0	0
2	2	2	1
0	5	0	0
0	3	0	0
16	4	21	0.761905
0	5	1	0
0	5	0	0
0	5	0	0
0	5	0	0
1	2	2	0.5
0	5	0	0
0	5	0	0
1	1	2	0.5
0	5	0	0
0	5	0	0
0	4	0	0
0	5	0	0
0	5	0	0
0	4	1	0
0	4	0	0
0	5	0	0
0	5	0	0
6	5	7	0.857143
0	5	0	0
0	5	0	0
0	5	0	0
0	4	0	0
1	3	1	1
0	5	0	0
0	4	1	0
3	2	4	0.75
0	5	0	0
6	5	12	0.5
1	4	1	1
0	4	1	0
0	5	0	0
0	4	1	0
1	5	1	1
0	4	0	0
0	4	1	0
0	5	0	0
0	5	0	0
0	5	0	0
3	5	5	0.6
0	5	0	0
0	4	1	0
3	3	4	0.75
0	5	0	0
1	4	1	1
0	5	0	0
1	3	5	0.2
0	5	0	0
0	5	1	0
0	5	0	0
5	5	10	0.5
39	3	40	0.975
4	4	7	0.571429
0	5	0	0
0	4	0	0
0	5	0	0
0	4	0	0
0	4	0	0
0	4	0	0
5	2	7	0.714286
0	5	0	0
0	5	0	0
7	2	10	0.7
0	4	0	0
0	5	0	0
0	5	0	0
0	5	0	0
0	5	0	0
1	2	1	1
0	5	0	0
0	5	0	0
0	4	1	0
0	4	3	0
1	5	1	1
0	5	0	0
0	5	0	0
3	3	3	1
0	5	0	0
0	5	0	0
0	5	0	0
0	5	0	0
0	5	0	0
0	5	0	0
0	5	0	0
0	5	0	0
0	4	0	0
0	5	0	0
0	4	0	0
0	4	1	0
1	3	2	0.5
4	2	5	0.8
0	4	0	0
0	4	0	0
0	4	0	0
0	5	0	0
0	5	0	0
0	5	0	0
0	5	0	0
0	5	0	0
0	5	1	0
0	5	0	0
0	4	1	0
4	3	4	1
3	3	3	1
1	2	1	1
0	5	0	0
0	5	0	0
1	4	1	1
1	2	4	0.25
0	5	1	0
0	5	0	0
0	4	0	0
1	3	2	0.5
0	5	0	0
0	5	0	0
0	5	0	0
0	5	0	0
0	5	0	0
0	5	0	0
0	5	0	0
0	5	0	0
0	5	0	0
0	5	0	0
0	4	0	0
0	5	0	0
5	5	10	0.5
0	5	0	0
0	5	0	0
0	5	0	0
13	3	20	0.65
0	5	0	0
0	4	0	0
0	5	0	0
14	3	21	0.666667
0	5	0	0
0	5	0	0
0	4	0	0
0	5	0	0
0	5	0	0
1	5	1	1
5	5	7	0.714286
0	5	1	0
0	3	1	0
0	5	0	0
0	5	0	0
0	5	0	0
0	5	0	0
0	5	0	0
0	5	0	0
0	4	0	0
3	3	4	0.75
0	5	0	0
0	4	0	0
1	2	2	0.5
0	5	1	0
0	4	0	0
0	5	0	0
1	3	2	0.5
0	4	0	0
0	5	0	0
0	4	0	0
0	5	0	0
2	4	10	0.2
0	5	0	0
0	5	0	0
4	1	19	0.210526
0	4	0	0
0	5	0	0
0	5	0	0
0	3	2	0
0	4	0	0
0	4	0	0
0	5	0	0
0	5	0	0
0	5	0	0
2	2	2	1
0	5	0	0
0	4	1	0
4	3	4	1
0	5	0	0
0	5	1	0
0	5	0	0
0	4	0	0
4	1	9	0.444444
3	3	3	1
0	5	0	0
0	4	1	0
0	5	0	0
0	5	0	0
2	3	2	1
4	1	13	0.307692
0	5	0	0
1	3	1	1
0	5	1	0
0	5	1	0
0	5	0	0
1	2	1	1
0	5	0	0
0	5	0	0
1	4	1	1
0	4	0	0
2	2	2	1
0	3	1	0
0	4	0	0
0	5	0	0
0	5	0	0
1	3	1	1
1	3	1	1
0	5	0	0
0	5	0	0
0	5	0	0
0	4	0	0
0	5	0	0
0	5	0	0
0	4	1	0
0	5	0	0
5	5	7	0.714286
0	5	0	0
3	3	3	1
21	1	36	0.583333
1	5	2	0.5
0	5	2	0
0	5	0	0
0	3	0	0
0	5	0	0
0	2	0	0
2	5	3	0.666667
0	5	0	0
0	5	0	0
0	4	0	0
0	5	0	0
0	5	0	0
20	1	32	0.625
3	5	5	0.6
0	5	4	0
0	5	0	0
0	5	0	0
0	5	0	0
0	2	0	0
0	5	0	0
0	5	0	0
0	5	0	0
0	3	0	0
0	2	0	0
0	5	0	0
0	5	0	0
0	4	0	0
0	5	0	0
1	5	1	1
0	5	0	0
0	5	0	0
0	4	1	0
0	5	0	0
4	5	5	0.8
0	5	0	0
0	5	0	0
1	3	1	1
1	2	1	1
0	4	1	0
0	5	0	0
0	5	0	0
0	5	0	0
0	5	0	0
0	5	0	0
0	4	0	0
0	4	0	0
0	2	0	0
0	5	0	0
0	5	0	0
0	5	0	0
0	5	0	0
0	5	0	0
0	4	0	0
0	5	0	0
0	4	0	0
1	5	1	1
0	3	1	0
0	5	0	0
0	5	0	0
0	4	1	0
0	5	0	0
0	5	0	0
0	5	0	0
14	1	50	0.28
0	5	0	0
3	5	7	0.428571
0	3	0	0
0	3	0	0
0	5	0	0
0	5	0	0
0	5	0	0
0	4	0	0
0	5	0	0
0	4	0	0
0	5	0	0
0	4	0	0
0	5	0	0
2	5	6	0.333333
0	3	0	0
0	3	0	0
0	5	0	0
0	5	0	0
0	3	0	0
0	5	0	0
0	5	0	0
0	3	0	0
1	5	1	1
0	5	0	0
2	2	3	0.666667
0	5	0	0
0	5	1	0
0	4	0	0
0	5	0	0
0	5	0	0
0	2	0	0
3	5	3	1
0	4	0	0
0	5	0	0
3	5	3	1
0	5	0	0
0	5	0	0
0	5	0	0
0	4	0	0
1	5	1	1
0	5	0	0
0	5	0	0
0	5	0	0
0	5	2	0
0	5	1	0
0	3	0	0
0	5	0	0
0	5	0	0
0	5	0	0
0	5	0	0
1	4	1	1
0	5	0	0
0	4	0	0
0	5	1	0
0	5	0	0
0	5	0	0
0	4	0	0
9	3	12	0.75
0	5	0	0
0	5	0	0
0	3	0	0
0	5	0	0
2	5	2	1
0	5	0	0
0	5	0	0
0	3	0	0
0	5	0	0
0	5	0	0
1	5	1	1
0	4	0	0
0	5	0	0
0	5	0	0
0	5	0	0
0	4	0	0
0	5	0	0
0	5	0	0
0	5	0	0
0	5	1	0
0	4	0	0
0	3	0	0
1	5	1	1
0	5	0	0
0	5	0	0
0	5	0	0
0	3	0	0
0	5	0	0
9	1	15	0.6
0	5	0	0
0	4	0	0
0	5	0	0
0	5	0	0
0	5	0	0
0	5	0	0
0	5	0	0
0	5	0	0
0	5	0	0
7	2	11	0.636364
0	4	0	0
1	5	1	1
0	5	0	0
0	3	0	0
0	4	1	0
0	5	0	0
0	5	0	0
0	5	0	0
0	5	0	0
19	3	27	0.703704
0	5	0	0
0	5	0	0
2	5	2	1
0	5	0	0
1	4	2	0.5
1	5	2	0.5
0	5	0	0
0	5	0	0
0	5	0	0
0	5	0	0
0	5	0	0
0	5	0	0
0	5	0	0
0	5	0	0
0	5	0	0
1	4	3	0.333333
0	5	0	0
0	5	0	0
0	5	0	0
0	4	0	0
0	5	0	0
0	5	0	0
0	2	0	0
0	5	0	0
0	4	0	0
0	5	0	0
0	5	0	0
0	4	0	0
1	5	1	1
0	4	0	0
0	5	0	0
5	5	5	1
0	5	0	0
0	4	0	0
0	4	0	0
0	5	0	0
2	5	3	0.666667
0	5	0	0
0	5	0	0
0	5	0	0
0	5	0	0
0	5	0	0
1	5	1	1
0	5	0	0
0	5	0	0
0	4	0	0
0	5	0	0
0	5	0	0
0	5	0	0
0	5	0	0
0	4	0	0
0	5	0	0
0	5	1	0
0	5	0	0
0	5	0	0
7	1	17	0.411765
0	5	0	0
0	2	0	0
0	5	0	0
1	5	1	1
0	5	0	0
0	2	0	0
0	5	0	0
1	3	1	1
0	5	0	0
0	5	0	0
0	5	0	0
0	5	0	0
0	5	0	0
0	4	0	0
1	3	1	1
0	5	0	0
0	4	0	0
0	3	0	0
1	3	1	1
0	5	0	0
1	1	5	0.2
0	5	0	0
0	5	0	0
0	3	0	0
3	5	3	1
0	3	0	0
0	5	0	0
0	5	0	0
0	5	0	0
0	5	0	0
0	5	0	0
0	4	0	0
0	5	0	0
1	5	1	1
0	5	0	0
0	5	0	0
8	5	9	0.888889
2	3	3	0.666667
0	5	0	0
0	5	0	0
0	5	0	0
0	5	0	0
11	2	20	0.55
0	4	0	0
0	5	0	0
0	5	0	0
0	5	0	0
1	4	2	0.5
0	5	0	0
0	4	0	0
0	5	0	0
0	5	0	0
4	5	9	0.444444
0	5	0	0
0	5	0	0
0	3	0	0
0	5	0	0
0	5	0	0
0	5	0	0
5	3	12	0.416667
0	5	0	0
0	5	0	0
0	5	0	0
1	5	10	0.1
0	5	1	0
0	4	0	0
0	4	0	0
0	5	0	0
0	5	0	0
0	5	0	0
0	5	0	0
0	4	0	0
0	5	0	0
19	3	64	0.296875
6	5	13	0.461538
0	5	0	0
0	5	0	0
0	5	1	0
0	2	0	0
0	5	0	0
0	5	0	0
0	4	0	0
0	5	0	0
0	5	0	0
0	5	0	0
2	5	2	1
7	5	11	0.636364
0	4	1	0
18	3	24	0.75
0	5	0	0
0	5	0	0
0	5	0	0
0	4	0	0
4	4	8	0.5
6	5	13	0.461538
0	4	0	0
0	5	0	0
0	5	0	0
0	4	0	0
0	5	0	0
0	5	0	0
8	5	10	0.8
1	5	1	1
0	5	0	0
0	5	0	0
0	5	0	0
0	5	0	0
0	5	0	0
21	1	55	0.381818
0	4	0	0
0	5	0	0
0	5	0	0
0	4	0	0
0	5	0	0
0	4	0	0
0	5	0	0
0	4	0	0
0	5	0	0
0	5	0	0
0	5	0	0
0	4	0	0
0	4	0	0
0	5	0	0
0	5	14	0
8	4	26	0.307692
3	5	3	1
0	5	0	0
0	5	0	0
0	5	0	0
0	5	0	0
3	5	3	1
7	5	8	0.875
0	4	0	0
1	2	2	0.5
18	5	33	0.545455
0	5	0	0
0	5	0	0
0	5	0	0
0	5	0	0
0	4	0	0
0	5	0	0
0	5	0	0
1	5	6	0.166667
29	5	41	0.707317
0	5	0	0
0	5	0	0
0	4	0	0
1	4	2	0.5
0	5	0	0
0	5	0	0
1	5	1	1
0	5	0	0
0	5	0	0
0	5	0	0
0	5	0	0
0	3	0	0
1	5	2	0.5
0	3	0	0
0	5	0	0
0	5	0	0
0	5	0	0
0	4	0	0
0	5	0	0
148	4	228	0.649123
0	5	0	0
4	5	6	0.666667
3	4	3	1
0	5	3	0
4	3	19	0.210526
1	5	2	0.5
1	5	1	1
1	3	1	1
0	5	0	0
0	5	0	0
0	4	0	0
2	5	2	1
0	5	0	0
35	3	93	0.376344
0	4	0	0
1	5	1	1
0	5	2	0
0	4	1	0
0	3	0	0
0	5	0	0
25	3	39	0.641026
0	5	0	0
0	5	0	0
0	5	0	0
0	5	0	0
0	2	1	0
0	5	0	0
0	5	0	0
0	5	0	0
0	3	0	0
0	5	0	0
0	5	0	0
0	5	0	0
0	5	0	0
0	5	0	0
0	4	0	0
0	3	0	0
0	5	0	0
0	5	0	0
0	5	0	0
11	3	25	0.44
0	4	1	0
21	3	28	0.75
0	5	0	0
1	3	1	1
0	5	0	0
0	5	0	0
0	5	0	0
0	4	0	0
0	5	0	0
0	5	0	0
1	5	2	0.5
0	5	0	0
0	5	0	0
0	4	0	0
0	4	0	0
0	5	0	0
0	5	0	0
0	5	0	0
3	5	3	1
0	2	0	0
0	5	0	0
1	4	1	1
0	4	0	0
0	5	0	0
0	5	0	0
0	5	0	0
0	4	0	0
0	4	0	0
0	5	0	0
0	5	0	0
0	5	0	0
0	5	0	0
0	5	0	0
0	5	0	0
0	5	0	0
0	5	0	0
2	1	4	0.5
0	3	1	0
0	5	0	0
0	5	0	0
6	5	7	0.857143
0	5	0	0
0	5	0	0
4	5	12	0.333333
0	5	0	0
0	5	0	0
0	5	0	0
0	5	0	0
5	1	8	0.625
0	5	0	0
0	5	0	0
0	5	0	0
0	5	6	0
0	5	0	0
0	4	0	0
0	5	0	0
1	3	9	0.111111
0	5	0	0
11	3	35	0.314286
0	5	0	0
0	5	0	0
0	5	0	0
0	3	0	0
0	5	0	0
0	4	1	0
0	5	0	0
0	5	0	0
0	5	0	0
3	5	8	0.375
1	5	1	1
1	4	1	1
0	5	0	0
0	4	0	0
0	5	0	0
0	4	0	0
0	4	0	0
0	5	0	0
0	5	7	0
1	5	1	1
9	5	13	0.692308
2	5	3	0.666667
0	5	0	0
0	5	0	0
0	4	0	0
0	5	0	0
0	5	0	0
1	5	1	1
3	3	5	0.6
0	5	0	0
0	5	0	0
0	5	0	0
0	5	0	0
0	5	0	0
0	5	0	0
0	5	0	0
0	5	0	0
1	5	2	0.5
0	5	0	0
4	4	15	0.266667
0	5	0	0
0	5	0	0
27	5	37	0.72973
27	5	32	0.84375
0	5	0	0
0	5	0	0
0	5	0	0
1	4	2	0.5
6	5	7	0.857143
0	5	2	0
0	5	0	0
0	5	0	0
0	5	0	0
0	5	1	0
0	4	0	0
0	5	0	0
0	5	0	0
0	5	0	0
0	5	0	0
0	5	0	0
0	5	0	0
1	3	2	0.5
0	5	0	0
0	5	0	0
0	5	0	0
0	5	0	0
0	5	0	0
0	4	0	0
48	5	74	0.648649
0	5	0	0
1	5	2	0.5
1	3	1	1
0	5	0	0
3	5	3	1
0	5	0	0
1	5	4	0.25
0	3	0	0
0	4	0	0
0	5	0	0
1	2	3	0.333333
0	5	2	0
7	5	8	0.875
1	5	3	0.333333
0	5	0	0
0	5	0	0
0	4	1	0
0	5	0	0
0	5	0	0
0	5	0	0
3	5	3	1
20	3	33	0.606061
0	5	0	0
0	5	0	0
0	5	0	0
0	5	0	0
0	5	0	0
0	5	0	0
0	5	0	0
0	5	0	0
2	4	5	0.4
0	4	0	0
0	4	0	0
0	5	0	0
1	2	1	1
0	5	0	0
2	2	9	0.222222
0	4	0	0
0	5	0	0
0	5	0	0
1	5	2	0.5
0	5	0	0
0	3	0	0
3	2	4	0.75
0	4	0	0
0	5	0	0
0	4	0	0
0	5	0	0
0	5	0	0
3	5	4	0.75
3	4	7	0.428571
0	5	0	0
0	5	0	0
0	5	0	0
0	5	1	0
4	3	8	0.5
0	5	0	0
0	4	2	0
13	1	29	0.448276
0	5	0	0
0	5	1	0
0	5	0	0
0	5	0	0
0	5	0	0
3	2	9	0.333333
1	5	1	1
1	5	1	1
0	4	2	0
0	5	0	0
0	5	0	0
0	5	0	0
0	5	0	0
0	4	0	0
0	5	1	0
0	5	0	0
0	4	0	0
0	4	0	0
0	5	0	0
0	3	0	0
0	5	0	0
6	5	6	1
1	5	2	0.5
0	5	0	0
0	4	0	0
0	5	0	0
0	5	0	0
0	4	1	0
2	4	2	1
0	5	0	0
0	5	0	0
4	5	5	0.8
0	5	0	0
0	5	0	0
0	5	0	0
0	4	0	0
0	5	0	0
0	5	0	0
0	4	0	0
0	5	3	0
0	5	0	0
0	3	6	0
1	5	1	1
0	5	0	0
0	5	0	0
0	5	0	0
2	4	4	0.5
0	5	0	0
0	5	0	0
0	5	0	0
0	3	0	0
0	5	0	0
0	5	0	0
25	4	42	0.595238
0	5	0	0
0	5	0	0
0	5	0	0
0	4	0	0
1	5	1	1
0	5	0	0
0	5	0	0
0	5	0	0
0	5	0	0
1	4	5	0.2
1	4	3	0.333333
0	5	0	0
0	4	0	0
0	5	0	0
13	3	16	0.8125
0	5	0	0
0	5	1	0
0	4	0	0
1	5	1	1
0	5	0	0
0	5	0	0
0	5	0	0
0	5	0	0
0	5	0	0
0	4	0	0
0	5	0	0
84	5	98	0.857143
0	5	0	0
0	4	0	0
0	5	0	0
0	5	0	0
0	5	0	0
0	5	0	0
0	5	0	0
0	5	0	0
0	5	0	0
0	5	1	0
0	5	0	0
0	5	0	0
0	5	0	0
0	5	0	0
0	5	0	0
1	4	1	1
0	5	0	0
0	5	0	0
0	5	0	0
0	5	0	0
0	5	0	0
0	5	0	0
0	4	0	0
1	5	1	1
0	5	0	0
0	5	0	0
0	5	0	0
0	3	0	0
0	5	0	0
0	4	0	0
0	5	0	0
0	5	0	0
0	5	0	0
0	5	0	0
0	5	0	0
0	5	0	0
0	5	0	0
0	5	0	0
0	5	2	0
3	5	6	0.5
0	5	0	0
0	5	1	0
1	5	1	1
0	5	0	0
0	5	0	0
0	5	0	0
0	4	0	0
0	3	0	0
0	4	0	0
0	5	0	0
0	5	0	0
0	5	0	0
0	4	0	0
0	5	0	0
0	4	2	0
0	5	0	0
0	4	0	0
0	5	0	0
0	5	0	0
0	5	0	0
0	5	0	0
0	4	0	0
0	4	1	0
0	5	0	0
0	5	0	0
1	4	1	1
1	2	1	1
0	4	0	0
0	5	0	0
0	5	0	0
0	5	0	0
0	4	0	0
0	4	0	0
0	5	0	0
0	4	0	0
0	5	0	0
0	5	0	0
0	5	0	0
1	4	2	0.5
1	4	8	0.125
0	5	0	0
0	5	0	0
0	5	1	0
8	2	14	0.571429
0	5	1	0
0	5	0	0
0	5	0	0
0	5	0	0
29	5	35	0.828571
0	5	0	0
0	5	0	0
0	5	0	0
0	4	0	0
0	5	0	0
0	5	0	0
0	5	0	0
0	5	0	0
0	5	0	0
0	5	0	0
0	5	0	0
0	5	0	0
0	5	0	0
19	5	26	0.730769
0	5	0	0
0	4	0	0
0	5	0	0
0	4	0	0
0	5	0	0
0	5	0	0
0	5	0	0
0	3	0	0
0	5	0	0
1	5	1	1
4	1	23	0.173913
0	5	1	0
0	5	0	0
0	5	0	0
25	4	33	0.757576
0	5	0	0
0	4	0	0
0	5	0	0
0	5	0	0
0	5	0	0
1	5	1	1
0	5	0	0
0	4	0	0
0	5	0	0
0	4	0	0
0	5	0	0
0	5	0	0
18	4	21	0.857143
0	4	0	0
0	5	0	0
0	5	0	0
0	5	0	0
0	5	0	0
0	5	0	0
0	5	0	0
0	5	0	0
0	3	0	0
0	3	0	0
0	5	0	0
0	5	0	0
0	4	0	0
0	5	0	0
0	4	0	0
0	5	0	0
0	5	0	0
0	5	0	0
0	5	0	0
0	5	0	0
0	5	0	0
0	4	0	0
0	4	0	0
1	3	4	0.25
0	4	0	0
0	4	1	0
0	5	0	0
0	5	0	0
0	5	0	0
0	5	0	0
0	5	0	0
0	5	0	0
0	5	0	0
0	5	0	0
0	5	0	0
0	5	0	0
0	5	0	0
0	5	0	0
0	5	0	0
8	5	16	0.5
0	5	0	0
3	5	3	1
0	5	0	0
0	5	0	0
4	3	12	0.333333
0	4	1	0
1	5	1	1
0	5	0	0
0	5	0	0
0	4	0	0
0	4	1	0
4	5	4	1
0	5	0	0
0	5	0	0
0	4	0	0
0	5	1	0
0	5	0	0
0	4	0	0
0	5	0	0
0	3	0	0
0	2	0	0
0	5	0	0
0	5	0	0
0	5	0	0
0	5	0	0
0	5	0	0
0	4	0	0
0	5	3	0
0	5	0	0
0	4	0	0
0	4	0	0
0	5	0	0
0	3	0	0
0	5	0	0
0	5	0	0
6	5	6	1
0	2	0	0
0	5	0	0
3	1	15	0.2
0	5	0	0
0	5	0	0
1	4	1	1
6	2	13	0.461538
0	3	5	0
1	5	1	1
1	5	1	1
0	5	0	0
0	5	0	0
0	5	0	0
0	5	0	0
0	5	0	0
0	5	0	0
0	5	0	0
0	5	0	0
0	5	0	0
1	2	1	1
0	4	0	0
2	3	5	0.4
0	5	0	0
0	5	0	0
2	5	3	0.666667
0	5	0	0
0	5	0	0
0	5	0	0
0	4	0	0
0	5	0	0
1	5	1	1
0	5	1	0
1	5	1	1
0	4	1	0
0	5	0	0
0	5	0	0
0	5	0	0
0	5	1	0
0	5	0	0
1	5	1	1
0	5	0	0
1	5	1	1
0	5	0	0
0	3	0	0
0	5	0	0
0	5	0	0
0	5	0	0
1	5	1	1
0	5	0	0
3	4	5	0.6
0	4	0	0
0	5	0	0
0	5	0	0
1	3	6	0.166667
0	5	0	0
0	5	0	0
10	1	20	0.5
0	5	0	0
0	5	0	0
0	5	0	0
0	5	0	0
0	5	0	0
0	5	0	0
0	5	0	0
0	5	2	0
6	5	6	1
0	3	0	0
0	5	0	0
0	4	0	0
0	4	0	0
0	5	0	0
0	5	0	0
0	5	1	0
0	4	0	0
0	5	0	0
0	5	0	0
0	5	0	0
0	5	0	0
4	5	4	1
0	5	0	0
1	5	1	1
0	5	0	0
0	5	0	0
0	5	0	0
0	5	0	0
0	5	0	0
0	5	0	0
0	5	0	0
0	5	0	0
1	5	1	1
0	5	0	0
0	5	1	0
0	5	0	0
0	5	0	0
0	5	0	0
0	5	2	0
0	5	0	0
0	5	0	0
0	5	0	0
0	5	0	0
1	4	1	1
0	4	0	0
0	5	0	0
0	5	0	0
0	5	0	0
0	5	0	0
0	5	0	0
1	5	1	1
0	5	0	0
0	5	0	0
0	4	2	0
0	5	0	0
0	5	0	0
0	5	0	0
3	5	4	0.75
0	4	0	0
47	1	75	0.626667
0	5	0	0
0	5	0	0
0	5	0	0
0	5	0	0
0	5	1	0
1	4	2	0.5
0	5	0	0
0	5	0	0
0	5	0	0
3	2	9	0.333333
0	4	1	0
0	5	0	0
0	5	0	0
0	5	0	0
0	5	0	0
1	5	1	1
0	4	0	0
0	5	0	0
2	3	3	0.666667
0	4	1	0
0	5	0	0
0	5	0	0
1	5	1	1
1	4	1	1
0	5	0	0
0	5	0	0
0	4	0	0
0	5	0	0
0	4	0	0
0	5	0	0
0	5	0	0
0	5	1	0
2	5	2	1
0	5	0	0
0	5	0	0
3	5	3	1
0	3	0	0
0	5	0	0
1	3	1	1
0	5	0	0
0	5	0	0
0	5	0	0
8	2	14	0.571429
0	4	0	0
0	4	1	0
0	5	0	0
0	3	5	0
0	5	0	0
0	5	0	0
0	5	0	0
0	4	0	0
0	5	0	0
0	4	0	0
0	4	0	0
0	4	0	0
0	4	0	0
0	5	0	0
1	5	1	1
3	5	3	1
0	5	0	0
0	5	0	0
0	4	0	0
1	5	1	1
1	4	2	0.5
0	5	0	0
0	4	0	0
0	4	1	0
0	5	0	0
0	5	0	0
0	3	0	0
0	4	0	0
0	5	0	0
0	2	0	0
0	5	0	0
0	5	0	0
0	5	0	0
0	5	0	0
0	4	0	0
0	4	0	0
0	5	0	0
0	5	0	0
2	4	3	0.666667
0	5	0	0
0	4	0	0
0	5	0	0
0	5	0	0
0	5	0	0
0	5	0	0
0	4	0	0
0	3	0	0
0	5	0	0
0	5	0	0
0	5	0	0
0	5	0	0
0	5	0	0
0	4	0	0
0	5	0	0
0	5	0	0
0	3	0	0
0	5	0	0
0	5	0	0
0	5	0	0
0	5	0	0
0	5	0	0
0	5	0	0
0	5	0	0
0	5	0	0
0	5	0	0
0	4	0	0
0	5	0	0
0	5	0	0
0	5	0	0
0	4	0	0
0	5	0	0
1	4	1	1
0	5	0	0
0	5	0	0
0	5	0	0
0	5	0	0
0	5	0	0
0	4	0	0
0	2	0	0
0	4	0	0
0	4	0	0
0	5	0	0
0	4	0	0
0	5	0	0
0	5	0	0
0	5	0	0
0	5	0	0
0	4	1	0
0	3	1	0
0	5	0	0
0	5	0	0
0	5	0	0
0	5	0	0
0	5	0	0
0	3	0	0
0	4	0	0
0	5	0	0
0	5	0	0
0	5	0	0
0	5	0	0
0	4	0	0
0	4	0	0
0	5	0	0
0	5	0	0
0	4	0	0
0	3	0	0
0	5	0	0
0	5	0	0
1	2	2	0.5
0	5	0	0
0	5	0	0
1	5	1	1
0	4	1	0
0	5	1	0
0	5	0	0
0	5	0	0
0	5	0	0
0	5	0	0
0	5	0	0
0	3	0	0
1	5	1	1
0	5	0	0
0	5	0	0
0	5	0	0
0	5	0	0
11	5	14	0.785714
0	5	0	0
0	5	0	0
0	5	0	0
0	5	0	0
0	5	0	0
0	5	0	0
0	2	1	0
1	5	1	1
0	5	0	0
0	5	0	0
0	3	0	0
0	4	0	0
0	5	0	0
0	5	0	0
0	5	0	0
0	5	0	0
0	5	0	0
0	5	0	0
0	5	0	0
0	5	0	0
0	5	0	0
0	5	0	0
0	5	0	0
0	2	0	0
0	4	0	0
0	5	0	0
0	5	0	0
0	4	0	0
0	5	0	0
0	5	0	0
0	5	0	0
0	5	0	0
0	5	0	0
0	5	0	0
0	5	0	0
0	5	0	0
0	5	0	0
0	5	0	0
0	4	0	0
0	4	0	0
0	5	0	0
0	5	0	0
0	5	0	0
22	5	29	0.758621
0	5	0	0
0	5	0	0
0	5	0	0
0	5	0	0
0	5	0	0
0	5	0	0
0	5	0	0
0	3	0	0
0	5	0	0
0	4	0	0
0	5	0	0
0	5	0	0
0	4	0	0
0	5	0	0
0	5	0	0
0	5	0	0
0	5	0	0
0	4	0	0
0	5	0	0
0	5	0	0
0	5	0	0
0	5	0	0
0	5	1	0
0	5	0	0
0	4	0	0
0	5	0	0
0	5	0	0
0	5	0	0
0	5	0	0
0	5	0	0
0	5	0	0
0	5	0	0
0	5	0	0
0	5	0	0
0	5	0	0
0	5	0	0
0	5	0	0
0	5	0	0
0	5	0	0
0	5	0	0
0	2	0	0
0	4	0	0
0	5	0	0
0	5	0	0
0	5	0	0
0	5	0	0
0	5	0	0
0	5	0	0
0	5	0	0
0	5	0	0
0	5	0	0
0	3	0	0
19	5	24	0.791667
0	5	1	0
0	5	2	0
0	5	0	0
0	5	0	0
0	3	1	0
0	5	0	0
0	5	0	0
0	3	0	0
0	1	3	0
0	5	1	0
0	5	0	0
0	5	0	0
0	3	0	0
25	5	34	0.735294
0	5	0	0
0	4	0	0
0	5	0	0
0	5	0	0
0	5	0	0
0	5	0	0
0	5	0	0
0	4	0	0
0	5	0	0
0	5	0	0
0	4	0	0
0	4	0	0
0	5	0	0
0	4	1	0
0	2	0	0
0	5	0	0
0	5	0	0
0	5	0	0
0	5	0	0
0	5	0	0
0	4	0	0
0	5	0	0
0	5	0	0
0	5	0	0
0	5	0	0
0	4	1	0
0	5	0	0
0	4	0	0
0	4	0	0
0	5	0	0
0	5	0	0
0	5	0	0
0	5	0	0
0	4	2	0
0	5	0	0
0	5	0	0
0	5	0	0
0	5	0	0
0	5	0	0
0	5	0	0
0	5	0	0
0	3	0	0
0	5	0	0
0	5	0	0
0	4	0	0
2	3	5	0.4
0	5	0	0
0	5	0	0
0	5	0	0
0	5	0	0
0	4	0	0
0	5	0	0
0	5	0	0
0	5	0	0
0	5	0	0
0	5	0	0
0	5	0	0
0	5	0	0
0	5	0	0
0	5	0	0
0	5	0	0
0	5	0	0
0	5	0	0
0	5	0	0
0	4	1	0
0	3	0	0
0	4	0	0
0	3	0	0
0	5	0	0
0	5	0	0
0	5	0	0
0	2	0	0
0	5	0	0
0	5	0	0
0	5	0	0
0	5	0	0
0	5	0	0
0	5	0	0
0	5	0	0
0	5	0	0
0	5	0	0
0	5	0	0
0	5	0	0
0	5	0	0
0	5	0	0
0	3	0	0
0	5	0	0
0	5	0	0
0	5	0	0
0	4	1	0
0	5	0	0
0	4	1	0
0	5	0	0
0	5	0	0
0	5	0	0
0	5	0	0
0	5	0	0
0	5	0	0
0	5	1	0
1	4	2	0.5
0	5	0	0
0	5	0	0
0	5	0	0
0	4	0	0
0	4	1	0
0	5	0	0
0	5	0	0
0	5	0	0
0	4	0	0
0	5	0	0
0	5	0	0
0	5	0	0
0	5	0	0
1	5	1	1
0	3	0	0
0	5	0	0
0	5	0	0
0	4	0	0
0	5	0	0
0	5	0	0
0	5	0	0
0	5	0	0
0	5	0	0
0	5	0	0
0	5	0	0
0	5	0	0
0	5	0	0
0	5	0	0
0	5	0	0
0	5	0	0
0	2	2	0
0	5	0	0
0	5	0	0
0	5	0	0
0	5	0	0
0	5	0	0
0	3	0	0
0	4	0	0
0	5	0	0
0	5	0	0
0	3	0	0
0	5	0	0
0	5	0	0
0	5	0	0
1	5	1	1
0	5	0	0
0	5	0	0
0	5	0	0
0	5	0	0
0	5	0	0
0	5	0	0
0	5	0	0
0	5	0	0
0	5	0	0
0	5	0	0
0	5	0	0
0	5	0	0
9	5	13	0.692308
0	5	0	0
0	5	0	0
0	4	0	0
0	5	0	0
0	5	0	0
0	5	0	0
0	5	0	0
0	5	0	0
0	4	0	0
0	5	0	0
0	5	0	0
0	5	0	0
0	5	0	0
0	5	0	0
0	3	0	0
1	3	6	0.166667
0	5	0	0
0	5	0	0
0	5	0	0
0	5	0	0
0	5	0	0
0	4	0	0
0	5	0	0
0	5	0	0
0	3	1	0
0	5	0	0
0	5	0	0
0	5	0	0
0	4	0	0
0	5	0	0
0	5	0	0
0	3	0	0
0	5	0	0
0	5	0	0
0	5	0	0
0	5	0	0
0	5	0	0
0	5	0	0
0	5	0	0
0	5	0	0
0	5	0	0
0	5	0	0
0	5	0	0
0	5	0	0
0	5	0	0
0	5	0	0
0	5	0	0
0	5	0	0
0	5	0	0
0	5	0	0
0	5	0	0
0	5	0	0
0	5	0	0
0	5	0	0
0	5	0	0
0	4	0	0
0	5	0	0
0	4	0	0
0	5	0	0
0	5	0	0
0	4	0	0
0	4	0	0
0	5	0	0
0	5	0	0
0	5	0	0
0	5	0	0
0	4	0	0
0	5	0	0
0	4	0	0
0	5	0	0
0	4	0	0
0	3	1	0
0	5	0	0
0	5	0	0
0	5	0	0
0	5	0	0
0	5	0	0
0	3	0	0
0	4	0	0
0	5	0	0
0	5	0	0
0	3	0	0
0	5	0	0
0	3	0	0
0	3	0	0
0	5	0	0
0	5	0	0
0	5	0	0
0	5	0	0
0	5	0	0
0	5	0	0
0	5	0	0
0	4	0	0
0	5	0	0
0	5	0	0
0	5	0	0
0	5	0	0
0	4	0	0
0	5	0	0
0	4	0	0
0	5	0	0
0	5	0	0
0	4	0	0
0	4	0	0
0	5	0	0
0	5	0	0
0	3	0	0
0	3	0	0
0	5	0	0
0	4	1	0
0	5	0	0
0	5	0	0
0	5	0	0
0	5	0	0
0	5	0	0
0	4	0	0
0	5	0	0
0	4	0	0
0	5	0	0
8	5	9	0.888889
0	5	0	0
0	5	0	0
0	5	0	0
0	5	0	0
0	5	0	0
0	5	0	0
0	5	0	0
0	5	0	0
0	5	0	0
0	5	0	0
0	4	0	0
0	5	0	0
0	3	0	0
0	4	0	0
0	5	0	0
0	5	0	0
0	5	0	0
0	5	0	0
0	5	0	0
0	5	0	0
0	5	0	0
0	5	0	0
3	1	18	0.166667
0	3	0	0
0	5	0	0
0	5	0	0
0	3	0	0
0	5	0	0
0	5	0	0
0	5	0	0
0	5	0	0
0	3	0	0
0	4	0	0
0	5	0	0
0	4	0	0
0	5	0	0
0	5	0	0
0	5	0	0
0	5	0	0
0	5	0	0
0	5	0	0
1	4	1	1
0	4	0	0
0	5	0	0
0	5	0	0
0	5	0	0
0	4	0	0
0	5	0	0
0	5	0	0
0	5	0	0
0	5	0	0
0	3	0	0
0	5	0	0
0	5	0	0
0	5	0	0
0	5	0	0
0	5	0	0
0	5	0	0
0	5	1	0
0	5	0	0
0	5	0	0
0	5	0	0
0	5	0	0
0	5	0	0
0	5	0	0
0	5	0	0
0	5	0	0
0	5	0	0
0	5	0	0
0	4	0	0
0	5	0	0
0	5	0	0
0	5	0	0
0	4	0	0
0	4	0	0
0	5	0	0
0	5	0	0
0	5	0	0
0	5	0	0
0	5	0	0
0	3	0	0
0	5	0	0
0	4	0	0
0	4	1	0
0	4	0	0
0	5	0	0
0	5	0	0
0	5	0	0
0	5	0	0
0	3	0	0
0	4	0	0
0	4	0	0
0	4	0	0
0	2	0	0
0	5	0	0
0	5	0	0
0	5	0	0
0	5	0	0
0	5	0	0
0	5	0	0
1	5	1	1
0	5	0	0
0	3	1	0
0	5	0	0
0	4	0	0
0	4	1	0
0	4	0	0
0	5	0	0
0	5	0	0
0	5	0	0
4	5	4	1
0	5	0	0
0	5	0	0
0	5	0	0
0	5	0	0
0	5	0	0
0	5	0	0
0	5	0	0
0	5	0	0
0	5	0	0
0	5	0	0
0	5	0	0
0	5	0	0
0	5	0	0
0	5	0	0
0	5	0	0
0	4	0	0
0	5	0	0
3	5	4	0.75
0	5	0	0
0	5	0	0
0	5	0	0
0	5	0	0
0	5	0	0
0	5	0	0
0	5	0	0
0	5	0	0
0	5	0	0
0	5	0	0
0	5	0	0
12	5	16	0.75
0	4	0	0
0	5	0	0
0	4	1	0
0	5	0	0
0	5	0	0
0	5	0	0
0	5	0	0
0	5	0	0
1	5	1	1
0	3	0	0
0	5	0	0
0	5	0	0
4	5	6	0.666667
0	5	0	0
0	2	0	0
0	5	0	0
0	4	1	0
0	3	0	0
0	5	0	0
0	5	0	0
0	5	0	0
0	5	0	0
0	4	0	0
0	5	0	0
0	5	0	0
0	4	0	0
0	5	0	0
0	5	0	0
0	5	0	0
0	5	0	0
1	5	1	1
0	5	0	0
0	4	0	0
0	4	0	0
0	5	0	0
0	5	0	0
0	5	0	0
0	5	0	0
0	5	0	0
0	4	0	0
0	5	0	0
0	5	0	0
0	3	0	0
0	5	0	0
0	5	0	0
0	4	1	0
0	3	0	0
0	5	0	0
0	5	0	0
0	5	0	0
0	5	0	0
0	5	0	0
0	5	0	0
0	5	0	0
0	5	0	0
0	4	0	0
0	4	0	0
0	5	0	0
0	3	1	0
0	5	0	0
0	4	1	0
0	3	1	0
1	3	3	0.333333
0	5	0	0
0	4	0	0
0	5	0	0
0	5	0	0
0	5	0	0
0	4	0	0
0	5	0	0
0	5	0	0
0	5	0	0
0	3	0	0
0	5	0	0
0	5	0	0
0	5	0	0
0	4	0	0
0	1	1	0
0	5	0	0
0	5	0	0
0	5	0	0
0	5	0	0
0	5	0	0
0	3	0	0
0	5	0	0
0	5	0	0
0	5	0	0
0	5	0	0
0	5	0	0
0	5	0	0
0	5	0	0
0	4	0	0
0	4	0	0
0	5	0	0
0	5	0	0
0	5	0	0
0	5	0	0
0	5	0	0
0	3	0	0
0	4	0	0
0	5	0	0
0	5	0	0
0	5	0	0
0	4	0	0
0	5	0	0
0	4	1	0
0	5	0	0
0	5	0	0
0	4	0	0
0	5	0	0
0	5	0	0
0	4	0	0
0	5	0	0
0	5	0	0
0	4	0	0
0	5	0	0
1	5	1	1
47	5	60	0.783333
0	5	0	0
0	5	1	0
0	5	0	0
0	5	0	0
0	5	0	0
0	5	0	0
0	5	0	0
1	1	2	0.5
0	5	0	0
0	5	0	0
0	5	0	0
0	4	0	0
0	5	0	0
4	4	9	0.444444
0	5	0	0
0	5	0	0
0	4	0	0
0	5	0	0
0	5	0	0
0	5	0	0
0	5	0	0
0	5	0	0
0	4	0	0
0	5	0	0
0	5	0	0
0	3	1	0
0	5	0	0
0	5	0	0
0	5	0	0
0	5	0	0
0	5	0	0
0	5	0	0
0	4	0	0
0	5	0	0
0	5	0	0
2	5	2	1
0	5	0	0
0	5	0	0
0	5	0	0
0	5	0	0
0	3	0	0
0	5	0	0
0	5	0	0
0	5	0	0
0	5	0	0
0	4	0	0
1	4	1	1
0	5	0	0
7	5	9	0.777778
0	4	0	0
0	5	0	0
0	5	0	0
0	5	0	0
0	5	0	0
0	5	0	0
0	4	0	0
0	5	0	0
7	5	10	0.7
0	5	0	0
0	5	0	0
0	5	0	0
0	5	0	0
0	5	0	0
1	5	1	1
0	5	0	0
0	5	0	0
0	5	0	0
0	2	0	0
0	5	0	0
0	5	0	0
0	4	0	0
0	5	0	0
0	4	0	0
0	5	0	0
0	5	0	0
0	5	0	0
0	4	0	0
0	5	0	0
0	5	0	0
0	4	0	0
0	5	0	0
0	5	0	0
0	5	0	0
0	4	0	0
0	5	0	0
0	5	0	0
0	5	0	0
0	5	0	0
0	3	0	0
0	5	0	0
0	5	0	0
0	5	0	0
0	5	0	0
0	5	0	0
0	5	0	0
0	5	1	0
0	5	0	0
1	5	1	1
0	5	0	0
1	5	1	1
0	5	0	0
0	4	0	0
0	5	0	0
0	5	0	0
0	5	0	0
0	5	0	0
3	5	3	1
0	5	0	0
0	5	0	0
0	5	0	0
0	5	0	0
0	5	0	0
0	5	0	0
0	5	0	0
0	5	0	0
0	5	0	0
0	5	0	0
1	4	1	1
0	5	0	0
0	5	0	0
2	5	4	0.5
0	4	0	0
0	4	0	0
0	5	0	0
0	5	0	0
2	3	6	0.333333
0	5	0	0
0	5	0	0
0	5	0	0
0	2	1	0
0	5	0	0
0	5	0	0
0	5	0	0
0	5	0	0
0	5	0	0
0	4	0	0
0	4	0	0
0	5	0	0
0	5	0	0
4	2	5	0.8
1	5	2	0.5
0	5	0	0
0	5	0	0
0	5	0	0
0	5	0	0
0	4	0	0
0	4	0	0
0	5	0	0
0	5	0	0
0	5	0	0
0	5	0	0
0	5	0	0
0	5	0	0
3	5	3	1
0	5	0	0
0	4	0	0
0	5	0	0
0	5	0	0
0	5	0	0
0	5	0	0
0	4	0	0
1	4	1	1
0	5	0	0
1	5	1	1
0	5	0	0
0	5	0	0
0	5	0	0
0	3	0	0
0	4	0	0
0	5	0	0
0	5	0	0
1	5	1	1
0	5	0	0
0	5	0	0
0	5	0	0
0	5	0	0
0	4	0	0
0	4	0	0
0	5	0	0
0	5	0	0
0	5	0	0
1	5	2	0.5
0	5	0	0
0	5	0	0
1	5	1	1
0	5	0	0
0	5	0	0
0	5	0	0
0	5	0	0
0	5	0	0
0	5	0	0
0	5	0	0
0	5	0	0
0	5	0	0
0	5	0	0
0	5	0	0
0	5	0	0
1	5	1	1
0	4	0	0
0	4	0	0
4	5	4	1
0	5	0	0
0	5	0	0
4	3	8	0.5
0	5	0	0
0	5	0	0
0	4	0	0
0	4	0	0
0	5	0	0
0	5	0	0
28	5	39	0.717949
0	5	0	0
0	4	0	0
0	4	0	0
0	5	0	0
0	5	0	0
0	5	0	0
0	5	0	0
0	5	0	0
0	5	0	0
0	2	0	0
0	5	0	0
0	5	0	0
4	5	4	1
0	5	0	0
0	5	0	0
0	4	0	0
0	5	0	0
0	4	0	0
0	5	0	0
0	5	0	0
0	3	3	0
0	5	0	0
0	5	0	0
0	5	0	0
0	5	0	0
0	5	0	0
0	5	0	0
0	4	0	0
0	5	0	0
0	5	0	0
0	5	0	0
0	4	0	0
0	4	0	0
3	5	3	1
0	5	0	0
0	5	0	0
2	5	2	1
0	4	0	0
0	5	0	0
0	4	0	0
0	5	0	0
0	5	0	0
0	5	1	0
0	5	0	0
1	5	1	1
0	4	0	0
0	5	0	0
0	5	0	0
0	4	1	0
0	5	0	0
0	4	0	0
0	4	0	0
0	2	0	0
0	5	0	0
0	3	5	0
0	5	0	0
0	5	0	0
0	5	0	0
0	5	0	0
0	5	0	0
0	5	0	0
0	5	0	0
0	5	0	0
0	4	0	0
0	5	0	0
0	5	0	0
0	5	0	0
0	4	0	0
0	5	0	0
0	5	0	0
0	5	0	0
0	5	0	0
1	3	2	0.5
0	5	0	0
0	3	0	0
1	5	1	1
0	5	0	0
0	5	0	0
0	5	0	0
0	3	0	0
0	4	0	0
0	5	0	0
0	5	0	0
0	5	0	0
0	4	0	0
0	5	0	0
0	5	0	0
0	5	0	0
0	5	0	0
1	5	1	1
1	5	1	1
0	5	0	0
0	5	0	0
0	5	0	0
0	5	0	0
0	5	0	0
0	5	0	0
0	5	0	0
0	5	0	0
0	5	0	0
0	5	0	0
0	5	0	0
0	4	0	0
0	5	0	0
0	5	0	0
0	5	0	0
0	5	0	0
0	5	0	0
1	5	1	1
0	5	0	0
0	5	0	0
0	5	0	0
0	5	0	0
0	5	0	0
0	4	0	0
0	5	0	0
0	5	0	0
0	5	1	0
0	5	1	0
0	4	0	0
0	5	0	0
0	5	0	0
0	4	0	0
0	4	0	0
0	5	0	0
0	5	0	0
0	5	0	0
0	5	0	0
0	4	1	0
1	5	1	1
0	5	1	0
0	5	0	0
0	5	0	0
0	5	0	0
0	5	0	0
0	5	0	0
0	5	0	0
0	5	0	0
0	5	0	0
0	5	0	0
0	5	0	0
0	4	0	0
0	5	0	0
2	5	2	1
0	5	0	0
0	5	0	0
0	5	0	0
1	5	1	1
2	1	33	0.0606061
0	5	0	0
0	5	0	0
0	4	0	0
7	2	14	0.5
0	5	0	0
0	5	0	0
0	5	0	0
0	5	0	0
0	4	0	0
0	5	0	0
0	5	0	0
0	4	0	0
0	5	0	0
0	4	0	0
16	3	25	0.64
0	5	0	0
0	5	0	0
0	4	0	0
0	5	0	0
0	5	0	0
0	5	0	0
6	3	11	0.545455
0	4	0	0
0	4	0	0
50	5	66	0.757576
0	5	0	0
0	5	0	0
0	5	0	0
0	5	0	0
0	4	0	0
0	5	0	0
1	3	1	1
0	5	0	0
0	5	0	0
0	5	1	0
0	5	1	0
0	4	1	0
0	5	1	0
0	5	0	0
0	4	2	0
0	4	1	0
1	5	5	0.2
0	5	0	0
1	5	2	0.5
1	5	1	1
0	5	1	0
1	4	1	1
6	2	63	0.0952381
1	5	2	0.5
9	4	13	0.692308
0	5	1	0
0	5	0	0
1	5	4	0.25
0	5	2	0
24	4	27	0.888889
2	4	2	1
0	5	2	0
10	5	21	0.47619
4	5	4	1
27	5	43	0.627907
6	4	7	0.857143
0	5	0	0
0	5	1	0
0	5	2	0
0	5	0	0
0	5	2	0
0	5	1	0
0	5	0	0
0	5	0	0
0	5	1	0
0	5	1	0
2	5	6	0.333333
0	5	1	0
2	5	4	0.5
1	5	3	0.333333
0	4	1	0
1	5	2	0.5
4	5	4	1
1	5	1	1
0	5	0	0
0	5	0	0
4	1	15	0.266667
0	4	0	0
2	5	23	0.0869565
1	4	3	0.333333
0	5	1	0
1	5	2	0.5
11	5	11	1
0	5	1	0
0	5	1	0
0	5	0	0
0	5	0	0
0	5	0	0
1	5	4	0.25
1	5	2	0.5
0	5	2	0
9	5	13	0.692308
1	5	1	1
0	5	1	0
0	5	2	0
0	2	0	0
3	2	20	0.15
0	5	1	0
0	5	2	0
0	5	1	0
4	5	10	0.4
0	5	0	0
0	5	0	0
1	5	2	0.5
1	5	1	1
0	5	0	0
0	4	1	0
7	5	8	0.875
0	5	1	0
0	5	3	0
1	5	2	0.5
0	5	2	0
1	5	1	1
2	5	3	0.666667
1	5	2	0.5
1	5	3	0.333333
5	5	11	0.454545
0	5	2	0
2	4	4	0.5
36	5	75	0.48
0	5	1	0
0	5	0	0
0	5	1	0
0	5	0	0
2	5	12	0.166667
21	5	30	0.7
0	5	2	0
1	5	2	0.5
1	5	2	0.5
0	5	0	0
0	5	0	0
2	5	2	1
0	5	1	0
0	5	0	0
0	5	1	0
2	5	20	0.1
7	5	7	1
0	5	1	0
0	5	0	0
2	1	57	0.0350877
3	4	6	0.5
0	4	1	0
1	4	2	0.5
0	5	1	0
1	3	5	0.2
4	5	12	0.333333
1	5	1	1
0	4	1	0
1	5	5	0.2
0	5	1	0
1	5	1	1
1	5	2	0.5
5	5	5	1
4	1	27	0.148148
1	5	1	1
0	5	1	0
0	5	1	0
3	5	3	1
6	5	10	0.6
0	4	3	0
0	5	0	0
0	5	1	0
0	5	1	0
0	5	1	0
0	5	1	0
0	5	0	0
8	5	9	0.888889
1	4	3	0.333333
1	5	2	0.5
3	5	6	0.5
1	5	4	0.25
2	3	7	0.285714
5	5	9	0.555556
5	3	19	0.263158
0	5	3	0
0	5	0	0
2	3	4	0.5
0	4	0	0
0	5	1	0
3	5	3	1
