0	5	0	0
0	5	0	0
0	5	0	0
0	5	0	0
0	4	1	0
0	5	0	0
0	3	3	0
0	4	0	0
0	5	0	0
0	5	1	0
0	5	1	0
1	5	1	1
2	5	2	1
1	5	3	0.333333
1	4	1	1
2	3	4	0.5
1	5	1	1
1	5	3	0.333333
0	5	3	0
1	5	3	0.333333
4	5	4	1
1	5	1	1
1	5	1	1
0	3	5	0
2	2	8	0.25
1	5	2	0.5
1	5	2	0.5
0	5	0	0
0	4	1	0
1	4	2	0.5
0	5	2	0
0	5	1	0
0	5	0	0
2	5	2	1
3	5	3	1
0	5	0	0
0	5	1	0
2	5	2	1
0	5	0	0
1	5	1	1
8	1	37	0.216216
5	5	5	1
1	4	1	1
1	5	3	0.333333
0	5	1	0
0	5	1	0
0	5	0	0
3	5	3	1
0	5	0	0
0	5	0	0
0	5	0	0
1	5	1	1
1	5	1	1
1	5	1	1
1	5	1	1
1	5	1	1
1	5	1	1
2	5	2	1
0	4	0	0
1	5	1	1
1	5	1	1
2	5	3	0.666667
1	5	1	1
2	1	29	0.0689655
2	5	2	1
1	5	1	1
0	5	0	0
0	5	6	0
2	5	2	1
1	5	1	1
3	5	4	0.75
1	5	1	1
0	5	0	0
0	5	0	0
0	5	1	0
0	5	4	0
0	5	2	0
0	5	1	0
0	5	1	0
0	5	0	0
0	5	1	0
0	5	0	0
0	5	0	0
5	4	5	1
0	5	1	0
0	5	1	0
0	5	0	0
0	5	0	0
0	5	0	0
0	4	0	0
0	5	0	0
0	5	0	0
15	1	48	0.3125
1	5	2	0.5
2	5	5	0.4
0	5	0	0
0	5	0	0
1	5	1	1
0	5	0	0
0	5	0	0
0	5	0	0
0	5	0	0
1	5	1	1
0	5	0	0
0	5	0	0
0	4	0	0
1	5	1	1
2	5	3	0.666667
0	5	0	0
0	5	0	0
0	4	0	0
0	5	1	0
1	3	4	0.25
1	4	2	0.5
3	5	3	1
0	5	2	0
0	5	0	0
0	5	0	0
0	5	0	0
0	3	3	0
0	5	0	0
1	5	1	1
0	5	0	0
0	5	0	0
0	5	1	0
0	5	0	0
0	5	1	0
0	5	0	0
0	5	0	0
0	5	0	0
1	5	1	1
3	5	3	1
0	5	0	0
0	5	0	0
2	5	2	1
4	4	6	0.666667
0	5	1	0
0	5	0	0
2	5	2	1
0	5	0	0
0	5	0	0
0	5	0	0
0	5	0	0
0	5	0	0
0	5	0	0
1	5	1	1
0	5	0	0
0	5	0	0
1	5	2	0.5
0	5	0	0
0	5	1	0
2	5	2	1
2	3	4	0.5
1	5	1	1
1	5	1	1
0	5	0	0
0	5	0	0
0	5	0	0
1	5	1	1
1	5	1	1
1	5	1	1
0	5	1	0
0	5	1	0
1	5	1	1
1	4	2	0.5
1	5	1	1
0	5	1	0
1	4	4	0.25
1	5	1	1
2	3	4	0.5
1	5	1	1
0	5	0	0
0	5	0	0
0	5	0	0
0	5	0	0
0	5	1	0
0	5	0	0
1	5	1	1
1	5	4	0.25
0	4	1	0
0	5	0	0
0	5	0	0
0	5	0	0
2	5	2	1
0	5	1	0
0	5	0	0
0	4	0	0
1	5	1	1
1	5	1	1
1	5	2	0.5
0	5	0	0
0	5	3	0
0	5	0	0
1	5	1	1
0	5	0	0
1	5	1	1
0	5	0	0
0	3	0	0
0	5	0	0
0	5	0	0
0	5	0	0
0	5	0	0
0	4	0	0
0	5	1	0
0	5	0	0
1	5	1	1
0	5	0	0
1	5	1	1
0	5	0	0
0	5	0	0
0	5	0	0
0	5	0	0
0	5	0	0
0	5	0	0
1	5	1	1
0	5	0	0
0	5	1	0
0	5	1	0
1	5	2	0.5
0	5	0	0
1	5	1	1
2	5	3	0.666667
1	5	1	1
1	5	1	1
0	5	0	0
12	5	17	0.705882
3	5	4	0.75
0	5	0	0
0	5	1	0
1	4	2	0.5
0	5	0	0
1	5	1	1
7	5	7	1
2	5	2	1
0	5	0	0
2	5	2	1
0	5	0	0
0	5	1	0
0	5	0	0
1	5	1	1
0	5	0	0
1	5	1	1
0	5	0	0
0	5	0	0
0	5	0	0
2	5	5	0.4
0	4	0	0
2	5	2	1
6	1	28	0.214286
48	5	52	0.923077
2	4	2	1
1	5	1	1
1	5	1	1
2	5	2	1
1	5	1	1
1	5	1	1
1	4	1	1
0	3	2	0
0	5	0	0
1	5	1	1
0	5	0	0
0	5	0	0
0	5	0	0
0	4	0	0
0	5	0	0
0	5	0	0
4	5	4	1
3	5	3	1
5	5	5	1
1	5	1	1
1	5	1	1
4	5	4	1
1	5	1	1
0	5	0	0
13	5	15	0.866667
0	5	0	0
0	5	0	0
1	4	1	1
2	4	2	1
0	5	0	0
0	5	0	0
1	5	3	0.333333
0	4	1	0
0	5	0	0
1	5	1	1
1	5	1	1
0	5	0	0
1	5	1	1
0	5	0	0
1	5	1	1
1	5	1	1
0	5	1	0
0	4	1	0
8	2	20	0.4
7	2	11	0.636364
1	5	1	1
0	5	0	0
3	5	3	1
1	5	1	1
1	5	2	0.5
1	5	1	1
5	5	5	1
1	5	1	1
0	5	0	0
0	5	0	0
0	5	0	0
1	5	1	1
1	5	7	0.142857
12	1	42	0.285714
3	5	4	0.75
0	4	1	0
0	5	0	0
0	5	1	0
1	5	1	1
1	4	1	1
0	5	0	0
0	5	0	0
38	5	57	0.666667
1	5	2	0.5
14	5	15	0.933333
0	5	0	0
0	4	0	0
6	5	8	0.75
2	5	2	1
0	5	1	0
0	5	2	0
1	5	1	1
0	5	0	0
7	5	8	0.875
0	4	0	0
2	5	2	1
7	5	8	0.875
2	5	2	1
0	5	0	0
0	5	0	0
3	5	4	0.75
2	5	3	0.666667
1	4	5	0.2
3	5	5	0.6
15	5	17	0.882353
6	5	7	0.857143
0	5	1	0
0	4	0	0
1	3	7	0.142857
0	5	0	0
0	5	0	0
0	5	0	0
1	5	1	1
0	5	0	0
1	5	1	1
0	5	0	0
3	5	3	1
0	5	2	0
0	5	0	0
2	5	3	0.666667
3	5	3	1
4	5	18	0.222222
0	5	0	0
0	5	0	0
0	5	0	0
4	5	5	0.8
0	5	0	0
15	5	20	0.75
1	5	1	1
1	5	2	0.5
10	2	24	0.416667
3	5	3	1
1	5	1	1
1	5	2	0.5
1	5	2	0.5
1	5	3	0.333333
0	5	1	0
1	5	1	1
0	5	1	0
2	5	5	0.4
0	5	0	0
0	4	1	0
1	4	1	1
0	5	0	0
15	5	17	0.882353
6	1	70	0.0857143
2	5	3	0.666667
4	5	4	1
0	5	0	0
0	5	0	0
1	5	2	0.5
0	5	0	0
2	5	2	1
0	5	0	0
0	5	0	0
1	5	1	1
0	5	0	0
4	5	4	1
0	5	0	0
1	3	9	0.111111
0	5	0	0
1	5	1	1
1	5	1	1
3	5	4	0.75
3	4	4	0.75
2	5	2	1
2	5	2	1
0	5	0	0
0	5	0	0
0	5	0	0
8	5	9	0.888889
5	5	6	0.833333
0	5	0	0
0	5	0	0
3	4	4	0.75
1	5	1	1
3	5	3	1
2	5	5	0.4
1	5	2	0.5
4	5	4	1
0	5	0	0
1	5	1	1
0	5	0	0
2	5	3	0.666667
0	5	0	0
3	5	3	1
1	4	3	0.333333
1	5	1	1
0	5	0	0
4	5	4	1
3	5	4	0.75
1	5	1	1
3	5	4	0.75
4	5	4	1
1	5	1	1
0	5	0	0
0	5	0	0
0	5	1	0
2	3	6	0.333333
1	5	1	1
1	5	1	1
0	5	0	0
1	4	2	0.5
0	5	0	0
3	5	4	0.75
0	5	0	0
1	5	1	1
0	5	0	0
0	5	0	0
0	5	0	0
0	5	0	0
2	4	2	1
3	5	3	1
2	4	3	0.666667
8	5	9	0.888889
0	5	0	0
6	5	7	0.857143
0	5	0	0
0	5	0	0
6	5	7	0.857143
1	5	1	1
0	5	0	0
5	5	6	0.833333
2	5	2	1
1	5	1	1
0	5	0	0
1	5	1	1
1	5	1	1
0	5	0	0
0	4	0	0
10	1	37	0.27027
1	5	1	1
0	5	0	0
0	4	0	0
0	5	0	0
1	5	2	0.5
1	5	1	1
5	1	25	0.2
1	5	1	1
0	5	0	0
0	5	0	0
0	5	0	0
3	4	3	1
0	5	0	0
0	4	0	0
0	5	0	0
0	5	0	0
0	5	0	0
0	5	0	0
0	5	0	0
1	5	1	1
2	5	2	1
0	5	0	0
0	5	0	0
0	5	0	0
0	5	0	0
7	5	9	0.777778
0	5	0	0
13	5	14	0.928571
0	5	0	0
12	1	77	0.155844
2	5	2	1
0	4	0	0
1	5	1	1
0	5	0	0
0	5	0	0
0	5	0	0
0	5	0	0
0	5	0	0
0	5	0	0
0	5	0	0
1	5	1	1
0	5	0	0
0	5	0	0
0	5	0	0
2	5	2	1
0	5	0	0
0	5	0	0
0	5	0	0
1	5	1	1
0	5	0	0
0	5	0	0
0	5	0	0
0	4	0	0
2	5	2	1
0	5	1	0
1	5	1	1
0	5	0	0
7	1	30	0.233333
0	5	0	0
0	5	2	0
0	5	0	0
0	5	0	0
0	5	0	0
0	5	1	0
1	5	2	0.5
0	5	2	0
1	5	1	1
0	5	0	0
0	5	0	0
0	5	0	0
1	5	1	1
4	5	5	0.8
0	5	0	0
2	5	2	1
5	5	5	1
18	5	20	0.9
31	5	35	0.885714
1	5	1	1
1	5	1	1
2	5	2	1
0	5	0	0
0	5	0	0
6	5	7	0.857143
4	5	11	0.363636
0	5	0	0
0	5	0	0
0	5	0	0
4	4	8	0.5
2	5	2	1
2	5	13	0.153846
0	5	0	0
1	5	1	1
3	5	4	0.75
0	5	0	0
0	5	3	0
218	5	253	0.86166
0	4	0	0
1	5	1	1
1	5	1	1
2	5	2	1
1	5	1	1
1	5	2	0.5
0	5	2	0
0	5	0	0
3	5	4	0.75
0	5	0	0
1	5	3	0.333333
1	5	1	1
0	5	0	0
3	5	4	0.75
1	5	1	1
0	5	3	0
0	5	0	0
0	5	0	0
1	5	1	1
2	3	6	0.333333
2	5	3	0.666667
1	5	1	1
0	5	1	0
0	5	2	0
0	5	0	0
0	5	0	0
4	5	4	1
377	5	400	0.9425
0	5	0	0
0	4	5	0
1	5	3	0.333333
2	5	2	1
0	5	0	0
1	5	1	1
1	5	1	1
0	5	1	0
4	5	4	1
0	5	0	0
0	5	0	0
0	5	0	0
0	5	1	0
0	5	0	0
0	3	3	0
7	5	7	1
0	5	0	0
2	5	2	1
0	5	0	0
0	5	0	0
4	3	8	0.5
0	5	0	0
2	5	2	1
2	5	3	0.666667
1	5	1	1
5	4	12	0.416667
0	5	1	0
0	5	0	0
1	5	2	0.5
0	5	2	0
1	5	2	0.5
1	5	4	0.25
12	5	13	0.923077
0	5	0	0
4	5	4	1
2	4	4	0.5
1	5	1	1
3	5	3	1
4	4	6	0.666667
0	5	1	0
2	5	2	1
0	5	0	0
5	5	5	1
0	5	0	0
1	5	1	1
1	5	3	0.333333
0	4	1	0
0	5	0	0
1	5	3	0.333333
0	5	0	0
0	5	0	0
1	5	2	0.5
3	5	3	1
7	5	8	0.875
5	5	8	0.625
3	5	6	0.5
6	3	10	0.6
0	5	0	0
2	5	2	1
0	5	0	0
0	5	0	0
0	5	1	0
1	5	3	0.333333
1	4	5	0.2
0	5	0	0
1	4	1	1
0	5	0	0
7	5	7	1
0	5	0	0
1	5	1	1
1	3	2	0.5
0	5	0	0
3	5	4	0.75
0	5	0	0
0	5	1	0
1	5	1	1
0	5	1	0
3	5	5	0.6
0	5	0	0
0	5	0	0
0	5	0	0
0	5	0	0
0	5	1	0
0	5	0	0
0	5	0	0
5	5	5	1
1	5	4	0.25
8	4	9	0.888889
1	5	3	0.333333
1	5	11	0.0909091
2	5	4	0.5
1	5	1	1
1	5	1	1
1	5	2	0.5
0	5	0	0
0	5	0	0
1	5	2	0.5
2	5	4	0.5
6	5	6	1
14	5	14	1
1	5	1	1
0	5	1	0
0	5	1	0
0	5	1	0
0	5	0	0
1	5	1	1
1	5	2	0.5
2	5	3	0.666667
1	5	4	0.25
0	5	0	0
3	5	7	0.428571
0	5	1	0
1	4	5	0.2
0	5	0	0
1	5	5	0.2
0	5	1	0
0	5	0	0
0	5	1	0
1	5	1	1
0	5	0	0
1	5	2	0.5
2	5	3	0.666667
1	5	3	0.333333
1	5	1	1
1	5	1	1
0	5	1	0
0	5	0	0
3	5	3	1
2	5	2	1
0	5	0	0
0	5	0	0
7	5	8	0.875
1	5	1	1
1	5	1	1
1	5	1	1
1	4	1	1
0	5	0	0
1	5	1	1
0	5	0	0
1	5	1	1
0	5	0	0
2	5	2	1
0	5	0	0
3	5	3	1
1	4	1	1
0	5	0	0
6	5	6	1
3	5	3	1
53	5	61	0.868852
3	5	4	0.75
0	5	0	0
0	5	0	0
0	5	0	0
2	5	2	1
3	5	6	0.5
2	5	4	0.5
0	5	1	0
0	5	0	0
3	5	3	1
0	5	0	0
6	5	6	1
1	5	1	1
13	5	14	0.928571
6	5	6	1
0	4	1	0
5	5	5	1
1	5	2	0.5
3	5	3	1
1	5	3	0.333333
2	5	4	0.5
1	5	1	1
1	5	1	1
2	5	2	1
1	5	1	1
2	5	2	1
6	3	19	0.315789
6	4	7	0.857143
1	5	1	1
1	5	2	0.5
0	5	1	0
0	5	2	0
166	5	196	0.846939
7	5	7	1
9	5	10	0.9
4	5	4	1
3	5	3	1
0	5	0	0
0	5	2	0
0	5	1	0
0	5	0	0
0	5	0	0
0	5	0	0
0	5	0	0
9	1	34	0.264706
0	5	0	0
0	5	0	0
0	5	0	0
0	5	1	0
0	5	0	0
1	5	1	1
2	5	2	1
0	5	0	0
0	5	0	0
0	5	0	0
3	5	3	1
0	5	0	0
1	5	1	1
0	5	0	0
5	5	5	1
2	5	2	1
1	5	1	1
0	5	0	0
3	5	3	1
4	5	4	1
0	5	0	0
0	5	0	0
16	4	22	0.727273
5	5	6	0.833333
2	5	4	0.5
2	5	4	0.5
2	4	5	0.4
0	5	1	0
0	5	0	0
3	5	4	0.75
0	5	0	0
0	5	0	0
0	5	0	0
0	5	0	0
7	5	9	0.777778
1	3	2	0.5
0	5	0	0
2	5	4	0.5
0	5	1	0
0	5	0	0
0	5	0	0
0	5	0	0
0	5	0	0
0	5	0	0
0	5	0	0
0	5	0	0
0	5	0	0
2	5	3	0.666667
7	5	7	1
4	5	4	1
0	5	0	0
0	5	0	0
25	2	39	0.641026
0	5	0	0
0	5	0	0
3	5	4	0.75
0	5	0	0
6	4	9	0.666667
0	5	0	0
8	5	9	0.888889
5	5	6	0.833333
0	5	0	0
0	5	0	0
9	5	10	0.9
2	5	2	1
3	5	3	1
1	4	1	1
3	5	3	1
0	5	1	0
5	5	6	0.833333
1	5	1	1
1	5	1	1
0	5	0	0
11	5	12	0.916667
0	5	0	0
25	5	27	0.925926
0	5	0	0
6	5	9	0.666667
9	5	9	1
8	5	11	0.727273
2	5	2	1
3	5	3	1
2	5	2	1
4	5	4	1
0	5	0	0
2	5	2	1
0	5	0	0
2	5	2	1
0	5	0	0
0	5	0	0
0	5	0	0
0	5	0	0
6	5	6	1
4	5	4	1
5	5	7	0.714286
0	5	0	0
3	5	5	0.6
1	5	2	0.5
5	5	6	0.833333
0	5	0	0
0	5	0	0
0	5	1	0
1	5	1	1
0	5	0	0
0	5	0	0
0	5	0	0
4	5	5	0.8
2	4	10	0.2
1	5	1	1
0	5	1	0
2	5	2	1
0	5	0	0
0	5	0	0
0	5	0	0
0	5	0	0
0	5	0	0
0	5	0	0
0	5	0	0
0	5	0	0
0	5	0	0
0	5	0	0
0	5	0	0
0	5	0	0
0	5	0	0
0	5	0	0
0	4	0	0
2	4	3	0.666667
0	5	0	0
4	5	5	0.8
9	5	11	0.818182
24	5	27	0.888889
15	5	16	0.9375
10	5	10	1
4	5	13	0.307692
3	5	3	1
2	5	2	1
2	5	2	1
0	5	0	0
8	2	18	0.444444
0	5	0	0
0	5	0	0
0	5	0	0
0	5	0	0
0	5	0	0
0	5	0	0
0	3	1	0
1	5	1	1
1	5	2	0.5
1	5	2	0.5
4	5	4	1
4	5	4	1
23	5	24	0.958333
3	5	3	1
1	5	3	0.333333
0	5	1	0
0	5	2	0
3	5	3	1
0	5	0	0
0	5	0	0
4	5	5	0.8
2	5	2	1
0	5	0	0
0	5	0	0
0	5	0	0
1	5	3	0.333333
2	5	2	1
1	5	1	1
0	5	0	0
3	5	3	1
0	5	0	0
0	5	0	0
0	5	0	0
0	5	0	0
0	5	0	0
1	5	2	0.5
0	5	0	0
0	5	0	0
1	4	1	1
0	5	0	0
0	5	0	0
0	5	0	0
6	5	9	0.666667
7	5	10	0.7
0	5	0	0
2	5	2	1
0	5	0	0
7	5	9	0.777778
32	5	36	0.888889
0	5	0	0
0	5	0	0
1	5	1	1
0	5	1	0
0	5	0	0
1	5	1	1
0	5	0	0
0	5	0	0
3	5	3	1
4	5	5	0.8
1	5	2	0.5
3	5	3	1
1	5	1	1
1	5	1	1
0	5	1	0
11	5	12	0.916667
0	5	1	0
2	5	3	0.666667
1	5	2	0.5
3	5	3	1
9	5	11	0.818182
1	5	1	1
6	5	13	0.461538
0	5	1	0
12	3	30	0.4
2	5	2	1
6	5	7	0.857143
3	5	5	0.6
0	5	0	0
2	5	2	1
0	5	0	0
1	5	1	1
0	5	0	0
0	5	0	0
0	5	0	0
0	5	0	0
5	5	6	0.833333
0	5	0	0
1	5	2	0.5
2	3	13	0.153846
5	4	6	0.833333
1	5	2	0.5
0	5	0	0
0	5	0	0
0	4	0	0
11	5	12	0.916667
8	5	19	0.421053
1	5	4	0.25
5	4	6	0.833333
7	1	68	0.102941
0	5	0	0
0	5	0	0
13	5	21	0.619048
4	4	5	0.8
11	5	13	0.846154
9	5	10	0.9
2	5	2	1
5	5	6	0.833333
3	5	3	1
1	5	1	1
1	5	2	0.5
3	5	4	0.75
1	5	2	0.5
3	5	3	1
2	5	3	0.666667
0	5	0	0
0	5	0	0
11	5	13	0.846154
0	5	0	0
0	5	0	0
0	5	0	0
1	5	2	0.5
1	5	1	1
2	5	3	0.666667
66	3	88	0.75
5	5	11	0.454545
5	5	6	0.833333
10	5	10	1
0	5	0	0
2	5	6	0.333333
9	5	9	1
3	3	37	0.0810811
0	5	0	0
2	5	3	0.666667
0	5	0	0
8	5	8	1
4	5	5	0.8
5	5	6	0.833333
2	5	2	1
3	5	3	1
0	5	0	0
7	5	9	0.777778
3	5	3	1
0	5	0	0
0	5	0	0
0	5	0	0
8	3	25	0.32
0	5	0	0
0	5	0	0
10	5	13	0.769231
25	2	52	0.480769
8	4	15	0.533333
47	5	53	0.886792
3	5	7	0.428571
9	5	10	0.9
1	5	1	1
2	4	6	0.333333
4	5	4	1
21	5	27	0.777778
5	5	8	0.625
9	4	10	0.9
4	5	4	1
0	5	0	0
0	5	0	0
0	5	0	0
0	5	0	0
1	5	1	1
0	5	0	0
0	5	0	0
0	5	0	0
1	5	1	1
0	5	1	0
2	5	2	1
0	5	0	0
0	3	1	0
0	5	0	0
2	5	2	1
0	5	0	0
0	5	0	0
0	5	0	0
0	5	0	0
0	5	0	0
0	5	0	0
5	2	21	0.238095
0	5	1	0
0	5	0	0
0	5	0	0
0	5	0	0
0	5	0	0
0	5	0	0
0	5	0	0
1	4	3	0.333333
0	5	0	0
0	5	0	0
0	5	0	0
0	5	0	0
0	5	0	0
0	5	0	0
0	5	0	0
0	5	0	0
0	5	0	0
0	5	1	0
0	5	0	0
0	5	0	0
1	4	1	1
5	1	27	0.185185
0	5	0	0
0	5	0	0
0	5	0	0
0	4	0	0
0	5	0	0
0	5	0	0
0	5	0	0
0	5	0	0
0	5	0	0
0	5	0	0
0	5	0	0
0	5	0	0
0	5	0	0
1	5	1	1
0	5	0	0
0	5	0	0
0	5	0	0
0	5	0	0
2	5	2	1
0	5	0	0
2	4	2	1
0	5	0	0
0	5	0	0
0	5	0	0
0	5	0	0
0	5	0	0
0	5	0	0
13	3	21	0.619048
0	5	0	0
0	5	0	0
0	5	0	0
0	5	0	0
0	5	0	0
0	4	0	0
0	5	0	0
0	5	0	0
0	5	0	0
0	5	0	0
0	5	0	0
0	5	0	0
0	5	0	0
0	5	0	0
0	5	0	0
0	5	0	0
0	5	0	0
0	5	0	0
0	5	0	0
0	5	0	0
0	5	0	0
0	5	0	0
0	5	0	0
0	5	0	0
0	5	0	0
3	1	19	0.157895
0	5	0	0
0	5	0	0
0	5	0	0
0	5	0	0
0	5	0	0
0	5	0	0
0	5	0	0
0	5	0	0
0	5	0	0
0	5	0	0
0	5	0	0
0	5	0	0
0	5	0	0
0	5	0	0
0	5	0	0
0	5	0	0
1	5	2	0.5
0	5	0	0
0	5	0	0
0	5	0	0
0	5	0	0
0	5	0	0
0	5	0	0
1	3	2	0.5
0	5	0	0
0	5	0	0
0	5	0	0
0	5	0	0
0	5	0	0
0	5	0	0
0	5	0	0
1	4	3	0.333333
0	5	0	0
0	5	0	0
0	5	0	0
0	5	0	0
1	5	1	1
0	5	0	0
0	5	0	0
0	5	0	0
0	5	0	0
0	5	0	0
0	5	0	0
0	5	0	0
0	5	0	0
0	5	0	0
0	5	0	0
0	5	0	0
0	5	0	0
1	5	1	1
0	5	0	0
0	5	1	0
0	5	0	0
0	5	0	0
0	5	0	0
1	5	1	1
0	5	0	0
0	5	0	0
0	5	0	0
0	5	0	0
0	5	0	0
0	5	0	0
0	5	0	0
0	5	0	0
0	5	0	0
0	4	0	0
1	5	1	1
0	5	0	0
0	5	0	0
0	5	0	0
0	5	0	0
0	5	0	0
0	5	0	0
0	5	0	0
0	5	0	0
0	5	0	0
0	5	0	0
0	5	0	0
0	5	0	0
0	5	0	0
0	4	0	0
0	5	0	0
0	5	0	0
1	5	1	1
0	5	0	0
0	5	0	0
0	5	0	0
0	5	0	0
0	5	0	0
0	5	0	0
0	5	0	0
0	5	0	0
0	5	0	0
0	5	0	0
0	5	0	0
0	5	0	0
0	5	0	0
0	5	0	0
0	5	0	0
0	5	0	0
0	5	0	0
0	5	0	0
0	5	0	0
0	5	0	0
1	5	1	1
1	5	1	1
0	5	0	0
0	5	0	0
0	5	0	0
0	5	0	0
0	5	0	0
0	5	0	0
0	5	0	0
0	5	0	0
0	5	0	0
0	5	0	0
0	5	0	0
0	5	0	0
0	5	0	0
0	5	0	0
0	5	0	0
0	5	0	0
0	5	0	0
0	5	0	0
0	5	0	0
0	5	0	0
0	5	0	0
0	5	0	0
0	5	0	0
0	5	0	0
0	5	0	0
0	5	0	0
0	5	0	0
0	5	0	0
0	5	0	0
0	5	0	0
0	5	0	0
0	5	0	0
5	5	5	1
0	5	0	0
0	5	0	0
0	5	0	0
0	5	0	0
0	5	0	0
0	5	0	0
0	5	0	0
1	5	1	1
0	5	0	0
4	5	4	1
0	5	0	0
0	5	0	0
0	5	0	0
0	5	0	0
0	5	0	0
1	5	1	1
0	5	0	0
0	5	0	0
0	5	0	0
0	5	0	0
0	5	0	0
0	5	0	0
1	5	1	1
0	5	0	0
0	5	0	0
0	5	0	0
1	5	1	1
0	5	0	0
0	5	0	0
0	5	0	0
2	5	3	0.666667
0	5	0	0
0	5	0	0
0	5	0	0
0	5	0	0
0	5	0	0
0	5	0	0
0	5	0	0
0	5	0	0
0	5	0	0
0	5	0	0
0	5	0	0
0	5	0	0
0	5	0	0
0	5	0	0
0	5	0	0
0	5	0	0
0	5	0	0
0	5	0	0
0	5	0	0
0	5	0	0
0	5	0	0
0	5	0	0
0	5	0	0
0	5	0	0
2	5	2	1
0	5	1	0
1	5	1	1
0	5	0	0
1	5	1	1
2	5	2	1
