3 5
2 4
5 5
4 5
3 5
2 5
0 4
4 5
3 5
24 2
3 4
8 3
4 5
7 5
3 5
0 5
6 5
3 5
2 5
1 4
1 5
2 5
1 4
2 4
1 5
1 5
0 5
1 4
13 2
1 5
11 2
1 5
1 5
1 4
1 4
3 5
2 4
26 2
2 4
1 4
2 5
2 5
1 5
1 5
11 1
2 5
2 5
2 5
3 5
2 5
12 3
3 4
1 5
11 3
4 5
1 5
1 4
2 4
3 5
0 5
3 5
1 4
1 5
5 3
5 3
1 5
10 5
2 5
13 2
1 5
1 4
4 5
2 5
1 4
3 5
3 5
4 5
2 5
3 5
0 3
1 5
1 4
3 5
1 5
2 5
2 5
2 5
4 5
8 2
14 3
6 3
2 5
2 5
2 5
3 4
2 4
4 5
2 3
1 5
3 5
4 5
2 5
14 4
8 3
2 4
1 5
0 5
39 1
5 5
3 5
2 3
4 5
6 3
3 4
2 4
3 5
7 5
1 4
1 5
13 2
1 4
0 5
1 5
10 5
3 5
1 5
1 5
2 5
7 3
0 5
1 4
3 5
2 5
19 2
1 5
10 3
2 5
3 4
15 3
2 5
5 5
1 3
25 1
1 5
2 4
0 5
0 5
1 5
1 5
4 5
1 5
2 4
1 5
1 5
2 4
1 5
1 5
19 1
1 5
1 5
2 5
2 5
3 4
1 4
2 4
44 1
0 4
5 5
2 5
2 5
1 5
7 3
5 4
2 5
3 5
2 5
4 3
1 5
0 4
2 5
2 5
4 3
4 5
1 4
2 3
8 5
3 3
1 5
0 5
0 4
2 5
0 5
23 1
1 5
0 4
5 5
6 4
5 5
4 5
1 5
1 5
1 5
2 3
2 3
6 5
1 5
3 5
2 5
2 5
0 5
0 5
1 4
0 5
0 5
1 5
0 5
0 5
0 5
0 4
0 4
0 5
0 4
0 5
0 5
1 5
0 5
1 4
6 3
0 5
0 4
0 5
1 4
1 5
0 4
2 5
0 5
0 5
1 5
1 5
2 5
1 3
1 4
0 3
2 4
1 4
12 1
3 5
1 5
1 5
2 4
1 5
0 5
26 1
2 5
4 5
1 4
3 5
26 1
2 3
13 2
5 5
3 5
15 1
7 5
3 4
1 4
0 3
2 4
3 5
0 4
8 3
0 5
1 5
2 5
2 5
1 5
3 5
1 5
8 2
7 3
2 5
9 1
1 5
2 4
1 5
7 4
3 5
1 5
2 5
1 5
0 4
4 5
2 5
1 5
2 5
1 5
2 4
1 5
3 5
3 5
1 4
2 4
3 4
1 4
3 5
9 5
1 5
1 5
1 5
1 5
1 5
2 5
5 4
0 5
0 5
0 5
1 5
1 5
0 4
1 4
1 5
1 5
0 5
3 4
1 5
1 5
3 5
1 5
1 4
0 5
3 5
1 5
2 5
1 5
2 4
1 5
3 4
1 5
0 5
2 5
3 3
2 5
0 4
0 4
1 5
0 5
2 5
4 5
0 4
1 5
4 5
3 5
1 5
9 5
4 3
2 3
1 4
2 4
1 5
2 3
1 3
1 5
1 5
1 5
0 4
1 5
1 5
2 5
1 5
6 2
1 5
9 2
3 5
0 5
1 5
2 5
1 5
1 5
2 5
13 1
4 3
1 4
1 5
1 5
1 5
1 5
0 3
2 5
1 5
0 4
2 5
1 5
0 4
1 5
1 5
3 3
3 4
0 5
0 5
2 4
20 1
2 5
1 5
1 5
1 5
2 5
2 5
1 5
1 5
3 5
1 4
0 4
0 5
1 5
1 4
3 3
1 5
3 4
0 4
0 4
3 5
3 4
1 5
1 5
3 5
0 5
3 5
1 5
2 5
4 5
1 5
1 5
2 5
2 4
2 5
4 3
0 5
1 5
0 5
0 4
1 4
1 5
2 5
1 5
17 2
1 4
1 5
1 3
0 5
1 5
0 5
2 4
1 5
1 5
0 5
1 5
1 3
1 5
1 5
2 5
2 5
2 5
1 5
2 5
1 5
1 5
2 3
1 5
9 1
1 5
1 5
1 5
1 5
2 4
1 5
1 5
1 5
1 5
1 5
2 5
1 4
3 3
1 5
1 4
2 5
1 5
2 4
1 5
2 5
1 5
1 4
1 4
1 5
1 5
1 5
6 3
0 4
3 5
5 2
5 4
3 5
3 5
2 5
0 4
1 5
0 4
4 4
0 5
0 4
0 4
6 5
58 1
13 2
0 4
13 3
2 5
4 5
6 5
4 3
0 5
9 1
7 3
15 2
2 5
12 4
7 2
8 3
13 3
1 4
6 4
7 3
4 5
2 5
0 5
5 5
2 5
11 4
3 5
5 5
14 1
15 3
4 5
3 5
10 3
5 5
3 4
5 4
2 5
1 4
6 4
10 2
4 5
1 4
12 5
3 5
5 5
7 5
2 5
10 5
4 4
1 5
4 5
11 2
10 5
6 3
5 5
5 4
2 5
7 4
6 5
17 3
16 3
2 4
5 4
4 4
5 4
12 3
2 5
2 5
9 5
4 4
8 5
8 1
8 2
6 4
22 1
3 5
8 2
9 3
4 5
8 5
3 3
1 4
5 5
3 5
3 4
4 3
6 4
9 2
1 5
2 5
5 5
2 3
6 3
7 5
1 5
11 2
5 5
2 5
7 2
4 4
2 5
9 3
13 2
4 3
1 5
1 5
0 4
1 4
3 5
3 5
6 3
2 3
1 5
7 3
2 5
1 5
7 5
1 4
1 5
6 5
1 4
7 4
3 5
1 5
11 5
0 5
0 4
0 5
3 5
0 5
2 3
4 5
1 5
1 5
3 2
4 5
0 4
1 5
1 4
0 4
6 2
1 4
2 4
2 5
3 5
4 5
1 5
4 5
1 4
3 5
12 5
2 5
3 3
1 5
6 5
4 5
4 5
4 3
3 5
7 5
2 5
2 4
11 3
5 5
11 3
2 5
7 5
8 1
12 2
3 4
14 2
1 5
1 5
1 5
2 5
6 4
28 3
1 4
5 4
1 5
5 5
3 5
0 4
5 3
8 4
5 5
1 3
2 5
3 5
6 5
9 2
10 2
17 3
4 5
5 4
2 5
12 3
7 5
3 5
16 3
13 4
28 1
13 5
5 5
0 5
21 2
2 5
10 5
4 5
17 5
45 1
6 4
12 5
0 5
10 5
5 4
4 3
12 2
1 4
5 5
6 5
4 4
1 5
2 5
7 5
3 2
12 2
1 4
9 5
17 2
8 4
6 3
1 5
2 4
4 5
14 2
2 5
3 5
4 5
5 5
4 5
6 5
3 5
12 3
2 5
11 2
6 5
0 5
6 3
3 4
1 5
2 5
6 3
2 5
7 5
4 5
8 2
0 4
4 5
3 5
1 5
4 4
15 2
2 5
2 5
6 4
4 4
6 3
9 4
7 5
6 5
5 5
1 5
1 5
1 5
19 2
7 5
0 5
5 3
5 5
13 2
8 1
12 2
3 5
4 2
11 1
5 5
6 3
5 5
4 5
5 5
4 5
7 5
7 4
13 3
3 5
2 4
7 4
20 2
2 5
9 5
2 5
1 4
14 2
7 5
6 4
3 5
0 4
2 5
2 5
5 2
4 5
5 4
2 5
14 2
5 3
29 1
19 1
1 4
4 4
3 4
13 2
11 5
10 3
2 5
7 3
32 1
9 3
3 4
9 3
3 4
2 4
4 5
6 5
5 5
1 4
7 5
1 5
6 2
4 5
3 5
3 4
10 3
10 3
10 5
3 5
3 4
25 1
7 3
9 5
32 1
5 5
12 5
8 4
5 5
9 3
2 4
4 4
2 4
5 4
3 5
4 5
8 5
2 5
6 5
10 5
13 2
4 4
4 4
6 4
9 3
8 5
4 5
2 5
2 5
8 3
4 5
5 5
6 5
4 3
10 5
13 3
4 5
3 5
2 5
11 2
13 3
1 4
31 3
5 4
4 5
1 4
1 5
2 5
4 5
1 5
11 5
1 5
0 4
2 4
1 5
19 1
5 4
0 5
32 1
15 3
19 2
3 5
9 3
11 3
0 5
4 5
3 5
4 5
1 5
2 5
3 4
31 1
0 5
0 4
2 5
2 5
0 5
33 1
4 5
35 2
1 5
2 5
2 5
7 5
3 5
6 5
1 5
3 5
4 5
1 5
2 5
1 4
1 4
20 2
3 5
5 4
2 5
4 5
3 4
3 5
1 5
19 2
14 5
59 1
15 3
7 5
8 5
7 5
1 4
12 5
0 4
0 5
2 4
3 5
19 1
0 5
2 5
4 5
21 3
52 1
4 4
3 4
1 4
3 5
49 1
4 5
21 1
5 5
1 4
9 5
1 5
0 4
2 5
1 5
4 5
20 2
1 5
114 3
2 5
2 5
6 4
4 5
3 5
1 5
3 5
3 5
1 5
5 4
13 3
1 5
7 4
1 5
2 5
5 5
16 5
6 3
11 3
6 2
4 5
3 5
0 5
0 4
7 3
108 1
1 5
1 5
6 3
12 2
1 5
7 5
7 3
1 5
24 1
1 5
1 5
0 5
3 5
19 1
13 2
0 5
3 5
15 5
2 5
2 4
19 5
3 5
2 5
1 5
0 5
3 5
4 3
6 5
1 5
7 3
5 3
0 4
3 4
3 5
3 5
3 5
8 3
1 5
1 5
1 4
16 2
1 5
0 3
0 5
2 5
1 5
6 5
2 4
2 4
1 4
7 4
4 5
22 1
3 4
0 5
6 5
9 4
1 5
6 5
1 5
0 4
2 3
6 3
0 5
2 5
3 5
2 5
3 5
1 5
3 4
4 4
8 3
0 4
0 5
3 3
6 4
3 4
0 5
1 5
2 4
30 1
1 5
0 4
3 2
2 5
2 5
8 2
3 4
3 4
2 4
0 5
3 4
4 5
2 4
6 3
6 5
23 2
1 5
4 3
0 5
3 4
15 2
2 5
3 4
6 3
0 5
11 5
2 5
7 2
1 5
0 5
2 5
24 4
19 5
5 5
5 5
3 4
1 4
2 5
9 3
6 3
7 5
3 5
4 4
9 5
13 4
0 5
5 5
39 1
6 5
4 3
20 1
5 5
11 5
6 3
12 1
5 5
1 5
11 5
6 5
2 5
1 4
5 5
3 5
0 4
1 3
2 4
6 3
0 4
4 5
2 5
1 5
25 1
1 5
7 5
16 2
3 4
0 5
5 3
7 5
3 4
5 3
22 1
4 4
1 4
1 5
7 5
1 5
2 5
1 4
0 3
9 4
0 4
1 5
7 5
1 4
19 2
1 4
3 5
7 3
6 5
14 4
7 4
24 1
3 5
4 5
2 5
9 4
2 5
2 5
4 4
4 5
1 5
2 5
20 3
0 5
2 4
2 5
0 4
4 5
3 5
1 5
21 1
2 5
9 5
5 4
1 4
14 2
3 5
1 5
7 3
0 4
2 5
4 4
2 3
16 5
10 5
1 4
11 5
0 5
2 4
1 4
4 5
2 5
38 5
2 3
3 5
4 4
1 4
1 5
5 5
2 5
12 2
10 2
37 1
4 5
10 2
4 5
1 5
6 5
6 5
4 5
7 5
19 5
2 5
1 4
5 5
7 2
9 5
2 5
1 4
1 5
5 5
3 5
1 5
3 3
2 3
1 5
7 2
3 3
2 5
6 5
2 5
7 5
7 5
7 4
7 2
8 4
0 4
2 4
13 2
0 5
1 5
4 5
2 5
0 3
4 5
11 1
2 5
17 2
13 5
1 5
3 5
2 5
1 3
5 5
3 5
0 4
1 5
5 5
4 4
3 5
10 1
4 5
13 4
4 5
2 5
5 4
3 5
1 5
0 4
0 4
0 5
4 5
1 4
1 5
4 5
0 4
1 5
29 4
4 5
1 5
10 5
2 5
4 5
13 4
5 5
3 5
3 5
10 4
15 4
12 3
16 3
4 5
7 5
7 5
4 5
5 3
5 5
3 5
5 5
0 5
1 5
4 5
3 5
4 4
6 5
0 5
1 5
4 5
4 5
2 5
1 4
8 5
5 4
14 3
0 5
0 5
10 4
8 2
1 5
3 5
5 5
4 5
12 3
5 5
1 5
1 5
4 5
3 5
2 5
5 4
0 5
20 2
9 3
5 5
0 5
1 5
2 5
5 4
18 2
11 2
1 5
5 5
8 5
4 5
10 3
1 5
1 5
11 4
4 4
6 3
5 3
14 2
56 1
3 5
1 5
2 5
2 5
0 5
5 5
3 3
0 4
4 4
4 5
4 5
5 5
2 5
3 5
3 5
11 4
0 5
50 1
1 5
12 3
0 5
7 5
2 5
4 4
20 1
7 5
4 4
6 3
6 3
6 5
20 5
6 4
4 5
18 1
3 5
2 5
3 5
1 5
1 5
13 3
2 3
148 2
2 5
8 3
0 5
3 5
1 5
3 4
1 5
2 3
4 5
5 3
5 4
1 5
2 3
1 5
3 5
0 5
1 5
1 5
3 5
2 5
2 5
1 5
2 5
4 5
1 4
2 5
1 5
4 5
5 4
4 4
1 3
0 5
10 3
0 5
2 5
4 3
2 5
6 5
3 5
9 2
5 3
2 5
0 5
0 5
6 4
2 5
36 1
3 5
3 5
6 4
23 2
14 3
3 5
11 5
9 3
5 3
0 4
1 5
1 4
0 5
7 2
9 4
10 3
1 5
2 4
8 3
7 2
0 5
2 5
2 5
1 5
1 5
6 5
2 5
4 5
2 5
7 4
18 2
3 4
6 5
1 5
2 4
14 3
14 4
3 5
2 5
11 3
6 3
5 5
4 5
5 5
2 4
4 5
13 4
4 3
8 5
2 5
1 5
4 4
0 5
2 5
12 2
2 5
5 3
3 4
1 5
1 5
18 4
1 5
3 4
5 2
5 5
2 5
5 5
2 4
3 5
1 5
9 1
3 5
16 2
2 5
0 5
1 4
5 5
23 1
4 5
1 5
7 3
5 5
1 5
4 4
9 1
15 3
10 3
6 2
2 5
3 5
7 3
5 3
10 5
3 5
2 5
1 5
5 2
2 5
17 3
4 5
3 5
10 2
7 3
3 5
15 3
3 5
2 4
6 4
1 5
1 5
4 5
2 3
0 5
10 5
31 2
1 5
28 4
5 4
2 5
14 2
4 3
21 5
9 4
5 5
4 4
4 5
1 5
0 4
1 5
13 2
0 5
5 5
7 3
1 5
5 5
3 5
28 1
3 4
12 3
21 5
0 5
4 4
6 3
2 5
4 4
7 5
1 5
1 5
1 5
2 5
1 5
7 5
3 4
9 2
3 3
1 5
0 5
0 5
2 5
1 5
0 5
1 5
3 5
3 5
0 5
2 5
6 3
2 4
7 5
9 4
0 5
8 4
4 5
8 2
1 5
0 5
1 5
1 4
10 2
9 4
6 5
6 5
4 5
15 2
9 4
15 1
8 4
15 2
16 2
24 4
3 5
3 5
13 3
14 2
2 5
2 4
4 5
1 4
2 5
1 4
2 5
5 5
0 5
1 5
1 5
1 5
1 5
1 5
3 4
2 5
2 5
1 5
4 5
6 5
6 5
1 5
3 4
1 5
1 5
7 4
3 5
6 5
2 4
0 5
5 5
9 3
6 5
5 5
10 1
4 5
4 5
2 5
7 3
2 5
1 5
3 5
0 4
18 2
9 2
1 5
0 5
7 3
1 5
2 5
1 5
1 4
4 5
17 5
71 1
2 4
1 5
73 1
8 3
2 4
2 5
8 3
1 5
14 3
1 5
18 2
10 5
9 3
9 3
23 1
1 5
3 5
8 5
3 5
0 5
2 5
1 5
1 5
0 5
4 4
7 5
22 2
2 5
1 5
2 5
1 5
1 5
3 5
3 4
10 3
8 3
3 4
2 4
4 4
1 4
3 5
0 4
6 2
1 4
1 5
1 5
9 2
4 5
1 5
2 5
1 4
2 5
13 4
2 5
2 4
0 5
0 5
19 3
1 5
24 1
1 5
7 2
3 5
0 4
6 3
26 1
3 5
3 4
3 5
11 3
2 4
4 5
15 3
1 5
5 4
50 1
3 5
11 3
11 3
5 4
6 5
5 5
6 3
3 5
1 5
0 5
1 5
19 1
7 5
4 5
3 5
14 2
3 5
1 5
1 5
1 5
0 5
0 5
214 5
2 5
1 5
2 5
4 5
2 5
3 4
16 3
99 5
1 5
1 4
1 5
1 5
1 5
3 5
5 5
68 1
3 4
8 4
5 5
5 5
4 5
5 4
7 4
2 3
4 5
1 5
1 5
1 5
17 3
0 5
2 4
1 3
1 5
12 3
10 3
32 1
20 2
0 5
1 5
0 5
4 4
1 4
5 5
1 5
0 5
3 5
2 4
2 5
1 5
0 5
1 5
3 5
0 4
5 4
3 5
6 3
3 5
1 5
14 2
1 5
1 5
43 1
4 4
6 5
1 5
1 5
1 5
3 5
8 3
0 5
2 5
2 4
1 4
36 2
33 1
2 4
4 5
1 5
20 3
3 3
7 3
1 5
1 5
2 4
3 5
27 1
40 2
7 3
2 5
8 5
3 5
7 2
2 5
1 4
2 5
3 3
2 5
1 5
3 5
2 5
0 4
4 5
28 2
2 5
0 5
3 4
11 1
0 5
8 3
1 4
1 5
2 5
2 5
2 4
2 5
2 5
20 2
2 5
4 5
4 4
5 4
42 2
25 2
16 2
0 4
3 5
12 5
2 5
9 5
1 5
2 5
2 4
12 5
3 5
4 5
19 1
9 4
2 5
5 3
9 5
1 5
2 5
1 5
1 5
5 5
1 5
10 2
7 2
7 5
9 3
10 5
4 4
1 5
947 5
2 4
1 4
6 5
1 5
3 5
1 5
11 5
1 5
2 5
3 5
6 5
5 5
1 5
7 5
0 5
2 4
3 5
11 2
12 5
2 5
1 5
17 5
7 5
7 5
47 2
1 4
0 4
2 5
0 4
3 5
3 5
1 5
9 5
25 5
1 5
32 5
2 5
0 4
7 5
2 5
7 5
0 5
4 4
1 4
7 4
0 5
8 5
5 3
5 5
0 5
2 5
3 5
1 4
2 5
2 5
