0	4	0	0
1	5	1	1
0	5	0	0
0	5	0	0
1	5	1	1
0	4	0	0
1	5	1	1
0	5	0	0
0	5	0	0
0	4	0	0
1	5	1	1
0	5	0	0
1	4	2	0.5
0	3	0	0
0	3	0	0
4	1	35	0.114286
2	5	2	1
1	5	1	1
4	2	9	0.444444
2	3	14	0.142857
1	5	3	0.333333
2	5	2	1
1	5	1	1
1	5	1	1
1	5	2	0.5
1	5	2	0.5
1	5	1	1
0	5	4	0
2	5	2	1
0	5	0	0
0	5	1	0
0	5	1	0
4	3	7	0.571429
0	5	0	0
0	5	0	0
0	5	0	0
0	5	0	0
3	5	3	1
2	3	5	0.4
1	4	1	1
1	5	1	1
0	4	0	0
1	5	1	1
0	5	0	0
0	5	0	0
2	1	40	0.05
1	3	4	0.25
0	5	0	0
0	4	0	0
0	4	1	0
1	5	3	0.333333
0	5	0	0
1	5	1	1
0	5	0	0
0	5	0	0
0	5	1	0
0	5	0	0
0	5	0	0
2	5	2	1
0	5	1	0
0	4	0	0
2	3	6	0.333333
1	4	1	1
1	5	2	0.5
1	5	2	0.5
1	5	1	1
0	4	0	0
0	5	0	0
0	5	0	0
0	5	0	0
0	5	0	0
0	4	0	0
1	5	1	1
0	4	1	0
1	4	1	1
0	4	0	0
1	5	1	1
1	5	1	1
0	5	0	0
0	5	0	0
0	4	0	0
0	3	3	0
0	5	0	0
0	4	0	0
0	4	0	0
0	4	1	0
0	5	1	0
0	4	0	0
0	5	0	0
2	5	2	1
2	5	2	1
0	5	0	0
0	5	1	0
0	5	1	0
0	2	2	0
0	5	0	0
0	4	1	0
0	4	0	0
0	4	0	0
0	5	1	0
0	5	1	0
1	5	1	1
0	5	0	0
1	4	1	1
0	5	0	0
0	5	0	0
0	5	0	0
0	5	0	0
0	4	0	0
2	5	8	0.25
2	5	2	1
1	5	1	1
0	5	0	0
2	2	10	0.2
0	5	0	0
0	5	0	0
0	5	0	0
0	5	2	0
1	4	2	0.5
0	4	0	0
1	5	1	1
0	5	0	0
0	5	0	0
0	5	0	0
1	5	2	0.5
0	5	0	0
1	5	4	0.25
0	5	2	0
0	5	0	0
1	5	1	1
3	5	4	0.75
0	5	1	0
0	5	0	0
0	5	0	0
0	5	0	0
1	5	1	1
2	5	4	0.5
2	2	8	0.25
1	5	3	0.333333
2	4	2	1
1	5	1	1
1	5	1	1
1	5	3	0.333333
3	5	3	1
2	5	3	0.666667
1	5	1	1
2	5	10	0.2
0	5	1	0
0	5	0	0
0	5	0	0
0	5	0	0
0	5	0	0
0	5	1	0
0	5	0	0
0	5	0	0
0	5	0	0
0	5	0	0
6	5	8	0.75
0	5	0	0
0	5	0	0
0	5	1	0
0	5	0	0
0	5	1	0
0	5	1	0
1	4	1	1
2	5	4	0.5
1	5	1	1
1	5	1	1
0	5	0	0
14	5	17	0.823529
1	5	4	0.25
3	3	14	0.214286
0	5	3	0
0	4	0	0
1	5	1	1
0	5	0	0
0	5	0	0
3	5	3	1
1	5	1	1
0	5	0	0
1	5	1	1
0	5	0	0
2	5	3	0.666667
2	5	3	0.666667
1	5	1	1
0	5	0	0
0	5	0	0
0	5	0	0
1	5	1	1
0	5	0	0
2	4	4	0.5
0	5	0	0
5	5	5	1
2	5	3	0.666667
4	5	4	1
5	5	6	0.833333
2	4	5	0.4
2	5	2	1
5	5	6	0.833333
2	5	2	1
0	4	1	0
0	3	5	0
3	3	7	0.428571
3	5	4	0.75
1	5	1	1
0	3	1	0
0	5	0	0
0	5	0	0
0	5	0	0
0	4	1	0
0	5	0	0
1	5	1	1
0	5	0	0
1	5	1	1
0	5	0	0
1	5	1	1
0	5	0	0
0	5	1	0
0	5	0	0
1	5	1	1
0	5	0	0
0	4	1	0
0	4	0	0
0	4	0	0
0	5	0	0
0	5	0	0
0	5	1	0
1	5	2	0.5
2	3	9	0.222222
0	4	0	0
0	5	0	0
1	5	2	0.5
0	5	0	0
0	5	1	0
0	5	1	0
0	5	0	0
0	5	0	0
0	4	0	0
0	5	0	0
0	3	5	0
0	5	0	0
0	5	0	0
0	5	0	0
2	5	3	0.666667
1	5	2	0.5
0	5	0	0
0	5	1	0
0	5	0	0
2	5	5	0.4
0	5	0	0
0	5	0	0
0	5	0	0
0	5	0	0
0	5	0	0
7	1	31	0.225806
0	4	0	0
0	5	0	0
0	5	0	0
0	4	0	0
0	5	1	0
0	5	0	0
2	5	2	1
0	5	0	0
0	5	1	0
0	5	0	0
3	5	4	0.75
0	5	0	0
0	4	0	0
0	5	1	0
0	5	0	0
0	4	1	0
0	5	0	0
1	5	3	0.333333
0	4	0	0
0	5	0	0
0	5	0	0
0	4	0	0
0	5	0	0
0	5	0	0
0	4	0	0
0	5	0	0
0	5	0	0
0	4	0	0
0	5	0	0
0	5	0	0
1	5	1	1
0	5	0	0
0	5	0	0
0	4	0	0
0	5	0	0
1	5	1	1
0	5	0	0
2	5	2	1
0	5	0	0
0	5	0	0
0	5	0	0
0	5	0	0
1	5	1	1
2	5	2	1
0	5	0	0
6	2	13	0.461538
0	5	0	0
1	5	1	1
0	5	0	0
0	5	0	0
0	5	0	0
1	4	1	1
0	4	0	0
4	5	4	1
6	5	7	0.857143
0	5	0	0
1	4	1	1
4	5	4	1
3	5	3	1
1	4	2	0.5
1	5	3	0.333333
7	3	19	0.368421
0	5	0	0
0	5	0	0
1	5	1	1
1	5	1	1
0	5	0	0
1	5	1	1
0	5	2	0
1	3	2	0.5
3	5	3	1
3	5	3	1
0	5	1	0
19	5	19	1
0	5	3	0
0	5	0	0
15	5	17	0.882353
1	5	1	1
2	5	2	1
1	5	2	0.5
2	5	2	1
2	5	2	1
0	5	0	0
0	5	0	0
0	5	0	0
0	5	0	0
0	4	0	0
0	5	0	0
0	5	0	0
2	3	2	1
0	5	0	0
0	5	0	0
0	5	0	0
0	4	0	0
5	5	5	1
1	5	2	0.5
4	1	49	0.0816327
2	5	6	0.333333
1	5	1	1
1	5	2	0.5
1	5	1	1
2	4	4	0.5
0	5	0	0
0	5	1	0
1	5	1	1
0	5	1	0
2	5	2	1
0	5	0	0
4	5	4	1
1	5	1	1
13	1	90	0.144444
1	5	1	1
0	5	0	0
2	3	8	0.25
0	5	0	0
2	5	2	1
1	5	2	0.5
9	5	9	1
0	5	0	0
0	5	0	0
2	5	2	1
1	5	1	1
1	5	1	1
0	5	0	0
0	5	0	0
3	5	5	0.6
2	5	2	1
3	4	5	0.6
1	5	1	1
1	5	1	1
0	5	0	0
0	5	0	0
0	5	1	0
0	5	0	0
0	4	0	0
0	5	0	0
1	4	1	1
0	5	0	0
0	5	0	0
0	5	0	0
0	5	0	0
0	5	1	0
0	5	0	0
5	3	7	0.714286
0	5	0	0
0	5	0	0
0	5	0	0
0	5	0	0
1	4	1	1
1	5	1	1
0	5	2	0
0	5	0	0
0	5	0	0
1	5	1	1
2	5	2	1
2	2	14	0.142857
0	5	0	0
0	5	0	0
0	5	0	0
0	5	0	0
0	5	0	0
1	5	2	0.5
0	5	0	0
1	5	2	0.5
0	5	0	0
0	5	0	0
3	5	4	0.75
0	5	0	0
3	2	12	0.25
0	5	2	0
0	5	0	0
0	5	1	0
0	5	1	0
1	5	1	1
0	5	1	0
0	5	0	0
0	5	0	0
1	5	1	1
1	5	2	0.5
6	5	7	0.857143
6	5	7	0.857143
0	5	0	0
0	5	0	0
3	4	3	1
0	5	1	0
2	5	3	0.666667
1	5	1	1
1	5	3	0.333333
0	5	0	0
2	5	2	1
0	5	1	0
2	5	2	1
0	5	0	0
0	5	0	0
1	2	7	0.142857
0	5	1	0
3	5	3	1
2	5	2	1
0	5	0	0
0	5	0	0
1	3	2	0.5
0	5	0	0
0	5	0	0
1	5	1	1
0	5	0	0
1	5	1	1
1	5	1	1
2	5	2	1
0	5	0	0
0	5	0	0
0	5	0	0
0	5	0	0
0	5	0	0
0	5	0	0
2	5	5	0.4
0	5	0	0
0	5	0	0
0	4	0	0
0	4	0	0
0	5	0	0
0	5	0	0
0	4	0	0
4	5	5	0.8
7	5	8	0.875
0	3	1	0
0	3	1	0
2	5	2	1
1	5	2	0.5
9	1	33	0.272727
1	5	1	1
2	5	2	1
0	5	0	0
3	5	3	1
10	1	35	0.285714
1	5	2	0.5
0	4	1	0
5	4	5	1
1	5	1	1
1	5	1	1
3	5	3	1
2	5	3	0.666667
9	2	10	0.9
4	5	4	1
0	5	0	0
1	5	2	0.5
0	5	0	0
0	5	0	0
0	5	0	0
2	5	2	1
3	3	5	0.6
0	5	0	0
0	5	0	0
0	5	0	0
0	5	1	0
0	5	0	0
1	5	1	1
3	5	3	1
0	5	1	0
1	5	1	1
0	5	0	0
10	1	35	0.285714
0	5	1	0
2	4	2	1
1	4	1	1
2	5	2	1
8	5	12	0.666667
5	3	8	0.625
0	5	0	0
0	5	0	0
2	5	2	1
0	5	0	0
0	5	0	0
0	5	0	0
0	5	0	0
0	5	0	0
2	5	6	0.333333
0	5	0	0
2	5	3	0.666667
1	5	1	1
1	5	1	1
10	5	12	0.833333
4	2	12	0.333333
1	4	3	0.333333
5	4	5	1
1	5	1	1
0	5	2	0
3	4	4	0.75
2	5	2	1
0	5	0	0
2	5	2	1
8	2	15	0.533333
0	5	1	0
1	5	1	1
1	5	1	1
0	5	1	0
1	5	1	1
3	3	7	0.428571
0	5	0	0
0	5	0	0
0	5	0	0
0	5	0	0
1	5	1	1
1	5	1	1
3	4	3	1
0	5	0	0
0	5	0	0
2	5	3	0.666667
0	5	0	0
0	5	0	0
0	5	0	0
16	1	48	0.333333
1	4	1	1
0	5	0	0
0	5	0	0
0	5	0	0
0	3	4	0
0	5	0	0
0	5	0	0
0	5	1	0
3	2	12	0.25
0	5	0	0
2	5	2	1
0	5	0	0
1	5	2	0.5
0	5	0	0
6	5	8	0.75
0	4	0	0
1	5	1	1
19	5	19	1
2	5	2	1
0	5	0	0
4	5	7	0.571429
6	3	9	0.666667
3	3	6	0.5
1	5	1	1
0	5	0	0
1	5	1	1
0	5	0	0
0	5	0	0
1	5	2	0.5
2	5	3	0.666667
1	5	2	0.5
10	5	10	1
1	3	4	0.25
0	5	0	0
1	5	3	0.333333
0	4	1	0
0	5	0	0
5	4	8	0.625
1	5	1	1
34	5	36	0.944444
0	5	0	0
10	5	10	1
16	4	19	0.842105
1	5	2	0.5
1	4	1	1
0	4	0	0
0	4	0	0
0	4	1	0
3	5	6	0.5
1	5	2	0.5
0	5	1	0
10	5	12	0.833333
2	5	2	1
9	5	9	1
0	5	0	0
1	5	1	1
0	5	0	0
0	5	0	0
0	5	0	0
0	5	0	0
1	5	1	1
0	4	0	0
0	5	0	0
1	4	4	0.25
0	5	0	0
0	5	0	0
0	5	0	0
0	5	0	0
0	5	0	0
0	5	0	0
0	4	0	0
0	4	0	0
4	5	5	0.8
2	5	2	1
0	5	1	0
0	5	1	0
0	5	1	0
0	5	1	0
0	5	0	0
2	5	3	0.666667
0	5	0	0
3	5	3	1
1	5	1	1
4	5	4	1
0	5	0	0
0	5	1	0
0	4	0	0
1	5	1	1
5	5	12	0.416667
5	5	7	0.714286
4	4	5	0.8
0	5	0	0
0	5	1	0
7	4	7	1
0	5	0	0
1	2	5	0.2
0	5	0	0
0	5	0	0
0	5	0	0
0	5	0	0
4	3	10	0.4
10	5	12	0.833333
10	4	18	0.555556
15	5	20	0.75
2	3	10	0.2
4	5	4	1
6	5	6	1
0	5	0	0
0	4	0	0
0	5	0	0
0	4	0	0
0	4	0	0
2	4	2	1
10	5	10	1
0	5	0	0
0	5	0	0
3	3	9	0.333333
1	5	5	0.2
2	5	2	1
4	4	9	0.444444
1	5	1	1
0	5	0	0
3	5	3	1
3	5	3	1
0	5	0	0
3	5	3	1
0	4	0	0
11	5	15	0.733333
4	2	13	0.307692
2	4	2	1
2	5	2	1
1	5	1	1
3	3	5	0.6
0	5	0	0
0	5	0	0
0	5	0	0
0	5	0	0
7	5	7	1
3	5	3	1
0	5	0	0
21	5	25	0.84
0	5	2	0
0	5	0	0
0	5	0	0
0	5	0	0
10	5	10	1
1	4	7	0.142857
2	3	12	0.166667
1	5	1	1
5	3	6	0.833333
0	5	0	0
9	2	9	1
0	5	0	0
0	5	0	0
2	5	2	1
2	3	9	0.222222
6	5	7	0.857143
1	4	2	0.5
0	5	0	0
0	5	0	0
9	5	9	1
7	5	9	0.777778
1	4	2	0.5
8	1	67	0.119403
1	5	2	0.5
48	5	51	0.941176
0	5	1	0
3	3	10	0.3
1	5	2	0.5
2	5	2	1
2	5	2	1
1	5	1	1
3	4	5	0.6
8	5	9	0.888889
1	5	1	1
1	5	2	0.5
8	5	9	0.888889
2	5	2	1
5	3	13	0.384615
1	5	1	1
1	5	2	0.5
1	5	1	1
1	5	1	1
0	5	0	0
1	5	1	1
1	5	1	1
1	4	1	1
2	4	2	1
0	5	0	0
1	5	1	1
2	5	2	1
3	5	3	1
1	5	1	1
0	5	0	0
1	5	1	1
4	2	5	0.8
1	5	1	1
0	5	0	0
0	5	0	0
1	5	1	1
0	5	0	0
7	5	8	0.875
2	5	3	0.666667
7	5	10	0.7
0	5	0	0
0	5	0	0
3	5	5	0.6
0	5	1	0
1	5	3	0.333333
1	5	1	1
1	5	1	1
2	4	17	0.117647
2	5	2	1
6	5	7	0.857143
3	5	3	1
0	5	2	0
14	5	19	0.736842
0	5	0	0
2	5	3	0.666667
0	5	3	0
0	5	1	0
0	5	0	0
0	4	0	0
9	4	19	0.473684
0	5	0	0
0	5	0	0
4	5	6	0.666667
2	5	2	1
1	5	2	0.5
0	5	0	0
1	5	1	1
2	3	5	0.4
3	4	5	0.6
2	5	2	1
6	5	10	0.6
2	5	3	0.666667
0	5	0	0
4	5	5	0.8
3	4	6	0.5
0	5	1	0
2	5	2	1
0	5	0	0
0	5	2	0
0	5	0	0
0	5	0	0
12	1	38	0.315789
2	5	3	0.666667
7	3	19	0.368421
11	5	13	0.846154
9	4	12	0.75
10	5	10	1
1	4	2	0.5
0	5	0	0
0	5	0	0
0	5	0	0
1	5	2	0.5
9	3	16	0.5625
1	5	3	0.333333
1	5	1	1
7	5	7	1
0	5	0	0
0	5	0	0
0	5	1	0
0	5	0	0
1	5	1	1
0	5	0	0
0	5	0	0
2	5	2	1
4	5	5	0.8
4	5	4	1
2	3	6	0.333333
2	5	4	0.5
1	5	3	0.333333
1	5	3	0.333333
0	5	0	0
0	5	0	0
10	5	13	0.769231
2	5	2	1
3	5	4	0.75
0	5	0	0
3	5	5	0.6
2	4	3	0.666667
4	5	6	0.666667
6	5	8	0.75
0	5	1	0
0	5	0	0
0	5	1	0
0	5	1	0
4	5	5	0.8
1	5	2	0.5
2	5	8	0.25
0	5	1	0
5	5	5	1
0	4	0	0
0	5	0	0
0	5	0	0
0	5	0	0
12	1	108	0.111111
2	5	4	0.5
0	5	1	0
8	5	9	0.888889
1	5	2	0.5
6	5	10	0.6
15	5	16	0.9375
7	5	9	0.777778
3	1	19	0.157895
16	5	23	0.695652
0	5	0	0
0	5	0	0
2	5	3	0.666667
3	5	3	1
0	4	0	0
0	5	0	0
3	5	3	1
0	5	0	0
0	5	0	0
0	5	0	0
0	5	0	0
0	5	0	0
0	5	0	0
0	5	0	0
11	5	13	0.846154
3	5	4	0.75
0	5	0	0
2	5	2	1
13	5	20	0.65
6	5	8	0.75
4	5	5	0.8
1	5	1	1
4	5	5	0.8
17	5	18	0.944444
0	5	1	0
3	5	3	1
0	5	0	0
12	5	15	0.8
5	5	7	0.714286
1	5	2	0.5
8	5	8	1
0	5	0	0
5	5	7	0.714286
1	5	6	0.166667
3	5	6	0.5
3	5	3	1
1	5	1	1
9	5	9	1
2	5	4	0.5
1	4	2	0.5
4	5	4	1
0	5	0	0
3	5	3	1
0	5	0	0
0	5	0	0
15	1	55	0.272727
1	4	11	0.0909091
6	2	18	0.333333
2	5	2	1
0	5	0	0
1	4	1	1
3	5	3	1
0	5	0	0
0	5	0	0
2	4	7	0.285714
8	2	16	0.5
0	5	0	0
1	5	1	1
7	3	16	0.4375
2	4	3	0.666667
6	5	6	1
4	1	64	0.0625
0	5	0	0
0	5	0	0
22	5	24	0.916667
1	4	1	1
11	1	70	0.157143
15	5	17	0.882353
4	5	4	1
2	4	2	1
2	4	5	0.4
2	4	2	1
1	5	1	1
7	5	7	1
0	5	0	0
0	4	0	0
0	5	0	0
5	4	10	0.5
7	5	13	0.538462
0	5	1	0
0	5	0	0
1	5	1	1
11	2	23	0.478261
1	5	2	0.5
0	5	0	0
7	3	12	0.583333
1	5	1	1
2	5	2	1
11	2	16	0.6875
0	5	0	0
0	5	0	0
3	4	3	1
0	5	0	0
2	5	2	1
0	5	0	0
8	2	15	0.533333
1	5	1	1
0	5	0	0
2	5	2	1
0	5	0	0
1	5	1	1
1	4	2	0.5
0	5	0	0
1	5	1	1
1	4	3	0.333333
0	5	0	0
0	5	0	0
2	3	3	0.666667
0	5	0	0
2	4	6	0.333333
1	5	1	1
0	5	0	0
0	4	0	0
24	2	79	0.303797
2	5	5	0.4
32	5	34	0.941176
0	5	0	0
0	5	2	0
0	4	0	0
0	5	0	0
0	5	0	0
0	5	0	0
1	5	2	0.5
0	5	1	0
1	5	1	1
0	5	0	0
0	5	0	0
4	4	14	0.285714
0	5	0	0
1	3	4	0.25
0	5	0	0
0	5	0	0
0	5	0	0
3	3	11	0.272727
0	5	0	0
0	5	0	0
2	5	4	0.5
0	5	0	0
17	5	20	0.85
0	5	0	0
0	5	0	0
3	4	8	0.375
0	5	5	0
0	5	0	0
1	5	2	0.5
1	5	3	0.333333
0	5	0	0
0	5	0	0
2	3	5	0.4
0	5	0	0
3	5	3	1
0	5	0	0
0	4	1	0
1	5	2	0.5
0	5	0	0
1	5	1	1
190	5	212	0.896226
0	5	0	0
2	3	3	0.666667
1	3	1	1
0	5	2	0
0	5	0	0
0	5	0	0
2	4	2	1
4	4	4	1
2	3	3	0.666667
0	5	0	0
0	5	0	0
0	5	0	0
8	5	9	0.888889
6	3	13	0.461538
0	5	0	0
1	5	2	0.5
15	5	23	0.652174
0	5	0	0
0	5	1	0
0	5	0	0
12	5	17	0.705882
1	5	1	1
0	5	0	0
1	5	2	0.5
1	5	2	0.5
0	5	3	0
0	5	0	0
18	5	23	0.782609
1	5	2	0.5
1	5	1	1
0	5	1	0
11	1	37	0.297297
0	5	0	0
0	5	0	0
0	5	1	0
41	5	46	0.891304
0	5	1	0
0	5	1	0
2	5	2	1
2	5	3	0.666667
1	5	1	1
1	5	1	1
0	5	2	0
1	3	5	0.2
6	1	26	0.230769
2	5	3	0.666667
1	5	2	0.5
1	5	1	1
0	5	0	0
0	5	0	0
0	5	0	0
0	5	0	0
0	5	0	0
0	5	0	0
0	5	0	0
0	5	0	0
0	5	0	0
0	5	0	0
0	5	0	0
0	5	0	0
0	5	0	0
2	4	3	0.666667
0	5	0	0
0	5	0	0
0	5	0	0
0	5	0	0
0	5	0	0
1	5	1	1
0	5	0	0
0	5	1	0
1	5	2	0.5
11	5	30	0.366667
3	5	5	0.6
4	5	5	0.8
0	5	0	0
0	5	0	0
0	5	0	0
0	5	0	0
3	3	5	0.6
1	5	2	0.5
1	5	2	0.5
0	5	0	0
1	5	2	0.5
0	5	0	0
0	5	0	0
2	4	3	0.666667
0	5	1	0
0	5	0	0
0	5	1	0
0	5	0	0
0	5	1	0
0	5	0	0
0	5	0	0
3	3	5	0.6
0	5	0	0
0	5	0	0
6	5	6	1
0	5	0	0
0	5	0	0
0	5	0	0
0	5	0	0
0	5	0	0
0	5	0	0
0	5	0	0
0	5	0	0
2	3	9	0.222222
0	5	0	0
3	3	7	0.428571
0	5	0	0
0	4	1	0
1	5	1	1
19	5	21	0.904762
0	5	0	0
1	5	1	1
10	5	12	0.833333
2	5	3	0.666667
1	5	1	1
0	5	0	0
4	5	5	0.8
0	5	0	0
0	5	0	0
0	5	1	0
0	5	0	0
0	5	0	0
0	5	0	0
0	5	1	0
0	4	1	0
43	5	51	0.843137
0	5	0	0
1	5	1	1
6	5	6	1
2	5	3	0.666667
0	5	0	0
18	5	18	1
0	5	0	0
3	3	6	0.5
0	5	1	0
0	5	0	0
0	5	1	0
0	5	0	0
4	5	4	1
0	5	0	0
36	5	41	0.878049
0	5	0	0
0	5	0	0
0	5	0	0
2	5	2	1
1	5	1	1
2	5	2	1
3	4	5	0.6
1	5	2	0.5
0	5	0	0
9	5	10	0.9
0	5	1	0
1	5	2	0.5
2	5	2	1
1	5	1	1
0	5	1	0
0	5	2	0
1	5	1	1
1	5	1	1
1	5	1	1
1	5	2	0.5
0	5	0	0
0	5	0	0
0	5	0	0
1	5	2	0.5
0	5	0	0
0	5	0	0
0	5	0	0
1	5	2	0.5
1	3	2	0.5
0	5	0	0
0	5	0	0
2	5	2	1
0	5	0	0
0	5	0	0
0	5	0	0
0	5	0	0
1	5	1	1
10	5	15	0.666667
4	5	4	1
8	5	9	0.888889
20	5	23	0.869565
1	5	1	1
0	5	0	0
1	4	1	1
0	5	0	0
0	5	0	0
1	5	1	1
0	5	0	0
24	5	37	0.648649
0	4	1	0
0	5	0	0
1	5	2	0.5
1	5	1	1
0	5	0	0
1	5	1	1
0	5	0	0
6	2	15	0.4
1	5	1	1
0	5	0	0
1	5	1	1
6	2	11	0.545455
1	5	1	1
0	5	0	0
0	5	0	0
1	5	2	0.5
0	5	0	0
0	5	1	0
0	5	1	0
0	5	0	0
0	5	0	0
0	5	0	0
4	1	52	0.0769231
10	2	19	0.526316
0	5	0	0
0	5	0	0
0	5	0	0
0	5	0	0
1	5	1	1
0	5	0	0
0	5	0	0
0	5	0	0
0	5	0	0
8	5	15	0.533333
1	4	4	0.25
0	5	0	0
3	5	3	1
1	5	2	0.5
0	5	0	0
0	5	0	0
0	5	0	0
0	5	0	0
0	5	1	0
0	4	0	0
0	5	0	0
0	5	0	0
21	5	27	0.777778
0	5	0	0
0	5	0	0
8	1	30	0.266667
0	5	0	0
0	5	0	0
0	5	0	0
0	5	0	0
0	5	0	0
0	5	0	0
0	5	0	0
0	5	0	0
21	5	25	0.84
0	5	0	0
0	5	0	0
0	5	0	0
0	5	0	0
0	5	0	0
0	5	0	0
0	5	0	0
4	5	4	1
21	4	115	0.182609
0	5	0	0
0	5	0	0
5	5	5	1
0	5	0	0
3	5	3	1
1	4	1	1
0	5	0	0
0	4	0	0
0	5	0	0
1	5	1	1
15	1	47	0.319149
4	5	4	1
0	5	0	0
0	5	0	0
1	5	1	1
1	5	1	1
0	5	0	0
0	5	0	0
0	5	0	0
0	5	0	0
0	5	0	0
0	5	0	0
0	5	0	0
0	4	0	0
0	5	0	0
0	5	1	0
0	5	0	0
0	5	0	0
1	5	1	1
3	5	3	1
3	4	6	0.5
1	5	1	1
0	5	0	0
1	5	3	0.333333
0	4	0	0
2	5	3	0.666667
31	1	180	0.172222
0	5	0	0
0	5	0	0
0	5	0	0
0	5	0	0
0	5	0	0
0	5	0	0
0	5	0	0
0	5	0	0
2	5	2	1
0	5	0	0
1	5	1	1
27	5	31	0.870968
0	5	2	0
0	5	0	0
1	5	1	1
0	5	0	0
0	5	0	0
2	3	8	0.25
0	5	0	0
34	5	39	0.871795
9	3	15	0.6
4	2	12	0.333333
5	5	7	0.714286
3	5	3	1
2	3	6	0.333333
2	5	2	1
5	4	5	1
1	4	1	1
3	5	5	0.6
6	4	6	1
0	5	1	0
5	4	10	0.5
2	3	3	0.666667
0	5	0	0
2	4	2	1
4	5	7	0.571429
10	3	43	0.232558
8	4	9	0.888889
8	5	8	1
2	5	2	1
3	5	4	0.75
0	5	0	0
1	4	2	0.5
0	5	0	0
0	5	0	0
3	5	4	0.75
1	5	1	1
7	1	43	0.162791
0	5	0	0
0	4	1	0
0	5	0	0
2	5	2	1
0	5	0	0
1	4	1	1
0	5	1	0
0	5	0	0
1	5	1	1
2	4	2	1
0	5	0	0
4	3	6	0.666667
0	5	0	0
0	5	0	0
1	5	2	0.5
0	4	0	0
0	5	0	0
0	5	0	0
0	5	0	0
0	5	0	0
0	5	0	0
0	5	0	0
0	5	0	0
18	1	56	0.321429
7	2	18	0.388889
0	5	0	0
0	5	0	0
0	5	1	0
0	5	1	0
0	5	1	0
0	5	1	0
0	5	1	0
0	5	0	0
0	5	1	0
1	5	2	0.5
2	5	2	1
0	5	0	0
1	5	1	1
1	4	2	0.5
1	5	2	0.5
1	5	1	1
0	5	0	0
1	5	1	1
0	4	0	0
0	5	0	0
0	5	0	0
0	5	0	0
1	5	1	1
0	5	0	0
6	1	26	0.230769
0	5	1	0
2	5	2	1
4	5	12	0.333333
1	5	1	1
3	5	4	0.75
2	5	6	0.333333
1	5	2	0.5
1	5	3	0.333333
1	5	1	1
5	5	5	1
1	5	4	0.25
0	5	1	0
2	5	3	0.666667
1	5	1	1
1	5	2	0.5
0	5	0	0
60	5	65	0.923077
0	5	1	0
0	5	2	0
1	5	3	0.333333
40	5	43	0.930233
0	5	1	0
0	5	2	0
0	5	1	0
4	4	13	0.307692
0	5	1	0
0	5	1	0
0	5	4	0
0	5	1	0
0	5	1	0
0	5	2	0
0	5	1	0
0	5	1	0
0	5	1	0
0	5	1	0
0	5	1	0
0	5	0	0
1	5	1	1
1	5	3	0.333333
0	5	1	0
0	5	0	0
4	1	27	0.148148
2	5	4	0.5
0	5	1	0
0	5	1	0
17	5	22	0.772727
0	5	1	0
0	5	1	0
0	5	1	0
1	5	3	0.333333
0	5	2	0
1	5	2	0.5
0	5	0	0
0	5	0	0
0	5	1	0
2	5	3	0.666667
2	5	4	0.5
2	5	3	0.666667
0	5	1	0
3	5	5	0.6
3	5	5	0.6
2	5	4	0.5
1	5	2	0.5
3	4	4	0.75
5	5	7	0.714286
0	4	12	0
0	5	0	0
0	5	0	0
4	5	4	1
0	5	0	0
0	5	0	0
0	5	0	0
0	5	0	0
0	5	0	0
0	5	0	0
0	5	0	0
1	3	6	0.166667
0	5	1	0
0	4	1	0
1	5	1	1
1	5	1	1
0	5	0	0
0	5	0	0
0	5	0	0
0	5	0	0
0	5	0	0
0	5	0	0
0	5	0	0
0	5	0	0
0	5	0	0
2	4	5	0.4
0	5	0	0
2	5	2	1
0	5	0	0
23	5	26	0.884615
0	5	0	0
0	5	0	0
0	5	0	0
0	5	0	0
2	3	8	0.25
1	5	1	1
0	5	0	0
0	5	0	0
0	5	0	0
0	5	0	0
0	5	0	0
0	5	0	0
0	5	0	0
0	5	0	0
0	5	0	0
0	5	0	0
0	5	0	0
2	5	2	1
0	5	2	0
1	4	5	0.2
0	5	0	0
0	5	0	0
0	5	0	0
0	4	2	0
0	5	0	0
0	5	3	0
0	5	0	0
0	5	0	0
0	5	0	0
0	5	0	0
0	5	0	0
2	5	2	1
0	5	0	0
0	5	0	0
0	5	0	0
1	5	2	0.5
1	5	1	1
0	5	0	0
0	5	0	0
0	5	0	0
23	5	24	0.958333
0	5	0	0
0	5	0	0
0	5	1	0
1	5	1	1
0	5	0	0
1	5	1	1
1	5	1	1
28	5	31	0.903226
0	5	0	0
0	5	0	0
0	5	0	0
0	5	0	0
0	5	0	0
0	5	1	0
0	5	0	0
9	5	12	0.75
0	5	0	0
0	5	0	0
0	5	0	0
0	5	0	0
0	5	0	0
0	5	0	0
3	1	18	0.166667
5	5	6	0.833333
0	5	0	0
0	5	0	0
0	5	0	0
0	5	0	0
0	5	0	0
0	5	0	0
0	5	0	0
0	5	0	0
0	5	0	0
0	5	0	0
0	5	0	0
0	5	0	0
0	5	0	0
1	5	1	1
1	5	1	1
0	5	0	0
0	5	0	0
1	4	3	0.333333
1	5	1	1
0	5	0	0
1	3	4	0.25
1	4	3	0.333333
0	5	0	0
0	5	0	0
0	5	0	0
0	5	0	0
0	5	0	0
0	5	0	0
1	5	1	1
1	5	1	1
0	5	0	0
2	5	2	1
0	5	0	0
0	5	1	0
0	5	0	0
0	5	0	0
0	5	0	0
1	5	1	1
0	5	0	0
0	5	0	0
2	3	7	0.285714
0	5	0	0
0	3	1	0
0	5	0	0
0	5	0	0
0	5	1	0
0	5	1	0
6	5	9	0.666667
0	5	1	0
0	5	0	0
0	5	0	0
0	5	0	0
0	5	0	0
0	5	0	0
0	5	0	0
0	5	0	0
0	5	0	0
1	5	2	0.5
0	5	0	0
0	5	0	0
0	5	0	0
0	5	0	0
0	5	0	0
0	5	0	0
0	5	0	0
0	5	0	0
0	5	0	0
0	5	0	0
0	5	0	0
0	5	0	0
0	5	1	0
0	5	0	0
0	5	0	0
0	5	0	0
0	5	0	0
1	5	1	1
4	1	21	0.190476
2	5	2	1
0	5	0	0
0	5	1	0
0	5	0	0
0	5	0	0
0	5	0	0
0	5	0	0
0	5	0	0
0	5	0	0
0	5	0	0
1	5	1	1
0	5	0	0
0	4	2	0
0	5	0	0
0	5	0	0
0	5	0	0
0	5	0	0
0	5	0	0
4	1	22	0.181818
0	5	0	0
0	5	0	0
0	5	0	0
0	5	0	0
0	5	0	0
0	5	0	0
2	5	2	1
0	5	0	0
0	4	2	0
0	5	0	0
0	5	0	0
0	5	0	0
0	5	0	0
0	5	0	0
0	5	0	0
0	5	0	0
0	5	0	0
0	5	0	0
1	3	7	0.142857
0	5	0	0
0	5	0	0
8	1	32	0.25
0	5	0	0
0	5	0	0
0	4	1	0
0	5	0	0
0	5	0	0
0	5	0	0
0	5	0	0
0	5	0	0
1	5	1	1
0	5	0	0
0	5	0	0
0	5	0	0
0	5	0	0
0	5	0	0
0	5	1	0
0	4	1	0
0	5	0	0
0	5	0	0
0	5	0	0
1	5	1	1
0	5	0	0
0	5	0	0
0	5	0	0
0	5	0	0
0	4	1	0
0	4	1	0
0	5	0	0
0	4	0	0
0	5	0	0
0	5	0	0
0	5	0	0
0	5	0	0
0	5	0	0
0	5	0	0
0	5	0	0
0	5	0	0
0	5	0	0
0	5	0	0
0	5	0	0
0	5	1	0
0	5	0	0
0	5	0	0
0	5	0	0
0	5	0	0
1	3	2	0.5
3	1	33	0.0909091
0	5	0	0
0	5	0	0
0	5	0	0
0	5	0	0
0	5	0	0
1	5	1	1
0	5	0	0
0	5	0	0
0	5	0	0
0	5	0	0
0	5	0	0
0	4	0	0
1	3	2	0.5
0	5	0	0
0	5	0	0
0	5	0	0
0	5	0	0
0	5	0	0
0	5	0	0
0	5	0	0
1	5	1	1
1	3	2	0.5
0	5	0	0
0	5	0	0
0	5	0	0
0	5	0	0
0	5	0	0
0	5	0	0
0	5	0	0
1	5	1	1
0	5	0	0
0	5	0	0
0	5	0	0
0	4	3	0
0	4	0	0
0	5	0	0
0	5	0	0
0	5	0	0
0	5	0	0
0	5	0	0
0	5	0	0
0	5	0	0
0	5	0	0
0	5	0	0
1	5	1	1
0	5	0	0
0	5	0	0
0	5	0	0
0	5	0	0
0	5	1	0
0	5	0	0
0	5	0	0
3	5	13	0.230769
0	5	0	0
0	5	0	0
0	5	0	0
0	5	0	0
0	5	0	0
0	5	0	0
0	5	0	0
0	5	0	0
0	5	0	0
0	5	0	0
0	5	0	0
0	5	0	0
0	5	0	0
0	5	0	0
0	5	0	0
1	4	2	0.5
0	5	0	0
0	5	0	0
0	5	0	0
0	5	1	0
0	5	0	0
0	4	1	0
0	5	0	0
0	5	0	0
0	4	1	0
0	5	0	0
0	5	0	0
0	5	0	0
0	5	0	0
0	5	0	0
0	4	0	0
0	5	0	0
1	4	2	0.5
0	5	0	0
0	5	0	0
0	5	0	0
0	5	0	0
0	5	0	0
0	5	0	0
0	5	0	0
1	5	2	0.5
0	5	0	0
1	2	5	0.2
0	4	0	0
0	5	0	0
0	5	0	0
0	5	0	0
0	4	1	0
0	5	0	0
0	5	0	0
0	4	1	0
0	5	0	0
0	5	0	0
0	5	0	0
0	5	0	0
0	5	0	0
11	5	13	0.846154
0	5	0	0
0	3	1	0
0	5	0	0
0	5	0	0
0	5	0	0
2	2	4	0.5
0	5	0	0
0	5	0	0
0	5	0	0
0	5	0	0
1	5	1	1
1	5	1	1
4	5	4	1
1	5	1	1
14	5	16	0.875
1	5	1	1
2	5	2	1
0	5	1	0
0	5	1	0
0	5	0	0
1	5	10	0.1
0	5	1	0
0	5	2	0
1	5	1	1
0	5	0	0
3	5	3	1
38	5	40	0.95
0	5	0	0
1	5	1	1
2	5	2	1
1	5	1	1
2	4	4	0.5
1	5	1	1
1	5	2	0.5
11	5	14	0.785714
0	5	0	0
1	5	1	1
2	5	2	1
15	4	18	0.833333
3	5	10	0.3
0	5	0	0
0	5	0	0
154	5	169	0.911243
81	5	106	0.764151
1	5	1	1
0	5	0	0
64	5	71	0.901408
6	5	10	0.6
28	5	31	0.903226
0	5	0	0
1	5	3	0.333333
27	5	32	0.84375
0	5	0	0
0	5	0	0
1	5	1	1
2	5	5	0.4
0	5	0	0
6	1	44	0.136364
1	5	1	1
1	5	2	0.5
0	5	2	0
0	5	1	0
0	5	0	0
2	5	2	1
2	5	3	0.666667
0	5	1	0
5	5	5	1
4	5	7	0.571429
2	4	4	0.5
4	5	5	0.8
5	5	10	0.5
0	5	3	0
0	5	0	0
0	5	0	0
0	5	0	0
6	4	9	0.666667
1	5	1	1
0	5	0	0
2	5	3	0.666667
7	5	9	0.777778
3	5	3	1
1	5	1	1
1	5	1	1
1	5	3	0.333333
4	5	4	1
2	5	2	1
0	5	2	0
2	5	2	1
2	5	3	0.666667
3	5	4	0.75
1	5	1	1
16	5	21	0.761905
4	4	7	0.571429
6	5	6	1
1	5	2	0.5
1	5	2	0.5
0	5	0	0
4	5	4	1
1	5	1	1
13	1	123	0.105691
4	5	5	0.8
0	4	5	0
40	5	96	0.416667
0	5	1	0
5	4	18	0.277778
13	5	14	0.928571
19	5	22	0.863636
0	5	0	0
10	5	19	0.526316
6	5	6	1
0	5	1	0
0	5	0	0
0	5	1	0
0	5	0	0
2	5	2	1
1	5	2	0.5
2	5	3	0.666667
0	5	0	0
1	5	1	1
1	5	1	1
1	5	1	1
0	5	3	0
1	5	1	1
1	5	4	0.25
0	5	2	0
0	5	1	0
0	5	0	0
39	3	63	0.619048
1	5	1	1
0	5	2	0
0	5	0	0
1	5	2	0.5
2	5	7	0.285714
2	5	3	0.666667
1	5	5	0.2
1	5	2	0.5
0	5	0	0
3	5	7	0.428571
2	5	3	0.666667
3	5	6	0.5
0	4	1	0
0	5	1	0
1	5	1	1
0	5	0	0
0	5	0	0
0	5	0	0
0	5	1	0
5	5	7	0.714286
0	4	1	0
0	5	0	0
2	5	6	0.333333
0	5	0	0
0	5	0	0
1	5	1	1
1	5	2	0.5
0	5	0	0
86	5	111	0.774775
54	5	61	0.885246
76	5	145	0.524138
0	5	0	0
0	5	0	0
1	5	2	0.5
0	5	1	0
0	5	1	0
0	5	0	0
1	5	1	1
0	5	0	0
1	5	2	0.5
7	5	9	0.777778
3	5	3	1
7	5	20	0.35
2	5	4	0.5
5	5	5	1
0	5	0	0
0	5	0	0
0	5	1	0
0	4	1	0
3	1	18	0.166667
0	5	0	0
0	5	0	0
0	5	1	0
0	5	0	0
0	5	0	0
0	5	0	0
0	5	1	0
0	5	1	0
1	5	1	1
0	4	1	0
0	5	0	0
0	5	0	0
0	5	0	0
0	5	0	0
0	5	0	0
0	5	0	0
0	5	1	0
0	5	0	0
17	5	19	0.894737
0	5	0	0
1	5	2	0.5
23	5	76	0.302632
0	5	0	0
0	5	1	0
0	5	0	0
0	5	0	0
0	5	0	0
1	5	1	1
0	4	2	0
0	4	0	0
0	4	1	0
0	4	2	0
0	5	0	0
1	5	1	1
0	5	0	0
0	5	1	0
0	4	2	0
0	5	0	0
0	5	0	0
0	5	0	0
0	5	0	0
0	5	0	0
0	5	0	0
0	5	0	0
0	5	0	0
0	5	0	0
1	5	1	1
0	5	0	0
0	5	1	0
0	4	3	0
1	5	1	1
0	5	0	0
0	5	0	0
0	5	0	0
0	5	0	0
0	5	1	0
0	5	0	0
0	4	1	0
0	5	0	0
0	5	0	0
0	5	0	0
0	5	0	0
0	5	1	0
1	5	2	0.5
6	5	6	1
0	4	3	0
0	3	2	0
0	5	0	0
0	5	0	0
21	5	39	0.538462
0	5	0	0
4	5	6	0.666667
0	5	0	0
0	4	3	0
0	5	0	0
0	5	0	0
0	5	0	0
4	4	5	0.8
0	5	1	0
0	5	0	0
1	5	1	1
0	4	0	0
1	5	1	1
4	5	4	1
0	5	0	0
1	5	2	0.5
2	5	3	0.666667
0	5	0	0
0	5	0	0
2	5	3	0.666667
0	5	0	0
6	5	7	0.857143
1	5	1	1
4	4	6	0.666667
0	4	2	0
16	5	34	0.470588
0	5	1	0
0	5	0	0
0	5	0	0
7	5	7	1
1	5	2	0.5
2	5	2	1
1	5	1	1
0	5	0	0
0	5	0	0
0	5	0	0
0	5	0	0
2	5	2	1
0	5	0	0
0	5	1	0
0	5	0	0
0	5	0	0
0	5	0	0
1	5	1	1
0	5	0	0
0	5	0	0
0	5	1	0
0	5	1	0
0	5	0	0
0	5	0	0
0	5	0	0
3	5	3	1
0	5	2	0
1	5	1	1
0	5	0	0
5	5	10	0.5
0	5	0	0
0	5	0	0
0	5	1	0
0	5	1	0
0	5	0	0
0	5	0	0
1	4	4	0.25
1	4	3	0.333333
0	5	0	0
1	5	2	0.5
0	5	0	0
0	5	0	0
0	4	0	0
1	5	1	1
8	5	12	0.666667
0	5	0	0
0	5	0	0
0	5	0	0
0	5	0	0
0	5	0	0
1	5	1	1
2	5	2	1
1	4	2	0.5
1	5	1	1
0	5	0	0
0	5	0	0
0	5	0	0
0	5	1	0
0	5	0	0
0	5	1	0
2	4	3	0.666667
0	5	1	0
1	5	1	1
0	5	0	0
0	5	0	0
1	5	1	1
0	5	0	0
1	4	7	0.142857
0	4	0	0
0	5	0	0
1	5	1	1
1	5	1	1
0	5	0	0
0	5	0	0
0	5	1	0
0	5	0	0
0	5	0	0
1	5	1	1
0	5	0	0
0	5	0	0
0	5	1	0
0	5	0	0
1	5	1	1
0	5	0	0
0	5	0	0
1	5	1	1
0	4	1	0
0	5	0	0
0	5	0	0
1	5	1	1
0	5	0	0
0	5	1	0
7	5	7	1
0	5	0	0
1	4	1	1
1	5	1	1
1	5	1	1
1	4	3	0.333333
1	5	2	0.5
1	5	1	1
0	5	0	0
1	5	1	1
0	5	0	0
0	5	0	0
0	5	0	0
0	5	1	0
0	5	0	0
1	5	1	1
0	5	1	0
0	5	0	0
0	5	0	0
0	5	0	0
2	5	2	1
0	4	0	0
2	5	2	1
0	5	0	0
0	4	1	0
1	5	1	1
0	5	0	0
0	5	0	0
0	5	0	0
0	4	0	0
0	5	0	0
2	3	17	0.117647
0	5	0	0
0	5	0	0
0	5	1	0
0	5	0	0
0	5	0	0
0	5	0	0
6	5	10	0.6
0	5	1	0
0	5	0	0
0	5	0	0
0	5	0	0
1	5	2	0.5
1	5	1	1
0	5	0	0
0	5	0	0
1	5	1	1
0	5	1	0
1	5	1	1
1	5	1	1
0	4	2	0
0	5	0	0
0	5	1	0
0	5	0	0
0	5	0	0
0	5	0	0
0	5	0	0
0	5	0	0
0	5	1	0
0	5	0	0
3	5	3	1
0	5	0	0
0	5	0	0
0	5	0	0
0	5	0	0
0	5	1	0
0	5	0	0
0	5	0	0
1	5	1	1
0	5	0	0
0	5	0	0
0	5	0	0
0	5	0	0
1	4	1	1
0	5	0	0
0	5	0	0
0	5	0	0
0	5	0	0
0	5	0	0
0	4	0	0
0	5	0	0
0	5	1	0
0	4	0	0
1	5	1	1
1	5	1	1
0	5	1	0
0	5	0	0
2	5	2	1
0	5	1	0
0	5	0	0
0	5	1	0
2	4	5	0.4
0	5	0	0
0	5	0	0
6	5	6	1
0	5	0	0
36	5	40	0.9
0	5	0	0
0	5	1	0
0	5	1	0
0	5	0	0
1	5	1	1
2	2	9	0.222222
0	5	0	0
4	5	5	0.8
0	5	0	0
0	5	0	0
0	5	1	0
1	5	1	1
0	5	0	0
1	5	1	1
0	5	0	0
1	5	3	0.333333
0	5	0	0
0	5	1	0
1	5	1	1
0	4	0	0
0	5	0	0
0	5	0	0
0	5	0	0
0	5	0	0
0	5	0	0
0	5	1	0
0	5	0	0
0	5	0	0
0	5	0	0
0	5	0	0
0	5	0	0
0	5	0	0
5	2	47	0.106383
6	5	6	1
1	5	1	1
0	5	0	0
0	5	1	0
0	5	0	0
0	5	1	0
1	5	1	1
0	3	1	0
1	5	1	1
0	5	0	0
0	5	1	0
0	5	0	0
45	5	52	0.865385
2	4	3	0.666667
1	5	1	1
0	5	0	0
0	5	0	0
3	5	3	1
0	5	0	0
0	5	0	0
1	5	1	1
0	5	0	0
1	5	2	0.5
1	5	2	0.5
0	5	0	0
0	5	1	0
0	4	1	0
0	5	0	0
0	5	0	0
0	5	1	0
1	5	1	1
1	5	1	1
0	4	0	0
0	5	0	0
0	5	0	0
0	5	0	0
0	5	0	0
1	5	1	1
2	5	2	1
0	5	0	0
0	4	2	0
0	5	0	0
0	5	0	0
1	5	1	1
0	5	1	0
3	5	5	0.6
16	5	17	0.941176
0	4	0	0
34	5	45	0.755556
0	5	0	0
0	5	0	0
0	5	0	0
0	5	0	0
0	5	0	0
0	5	0	0
0	5	0	0
0	5	0	0
0	5	0	0
0	5	0	0
0	5	0	0
0	5	0	0
0	4	0	0
1	5	1	1
1	5	1	1
0	5	0	0
0	5	0	0
1	5	1	1
4	5	5	0.8
0	5	0	0
0	5	1	0
0	4	0	0
1	5	1	1
0	5	0	0
0	5	0	0
0	5	0	0
1	5	1	1
0	5	0	0
0	5	0	0
0	5	0	0
0	5	0	0
0	5	0	0
0	5	0	0
0	5	0	0
1	5	1	1
0	5	0	0
0	4	0	0
0	5	0	0
0	5	0	0
0	5	0	0
0	5	0	0
0	4	2	0
1	5	1	1
0	5	1	0
0	5	1	0
0	4	0	0
0	4	0	0
0	4	0	0
0	5	0	0
0	5	0	0
0	5	0	0
0	5	0	0
0	4	0	0
0	5	0	0
0	5	0	0
1	5	2	0.5
0	4	1	0
0	5	0	0
0	5	0	0
0	5	0	0
0	5	0	0
0	5	0	0
0	5	0	0
1	5	1	1
0	5	0	0
7	5	8	0.875
0	5	0	0
0	5	0	0
0	3	0	0
0	5	0	0
1	3	1	1
0	5	0	0
0	5	0	0
0	5	0	0
0	5	0	0
0	3	1	0
0	5	1	0
0	5	0	0
0	4	0	0
0	5	0	0
1	5	2	0.5
0	5	0	0
1	5	5	0.2
0	5	0	0
0	5	0	0
0	5	0	0
0	5	1	0
0	5	1	0
0	5	1	0
0	5	0	0
0	5	0	0
0	4	0	0
0	5	0	0
0	5	0	0
0	5	0	0
0	5	0	0
0	5	0	0
0	5	1	0
0	5	0	0
0	5	0	0
0	5	0	0
1	5	2	0.5
0	5	0	0
0	4	0	0
0	5	0	0
0	5	0	0
0	5	0	0
0	5	0	0
2	5	4	0.5
0	5	0	0
0	5	0	0
1	5	1	1
0	5	0	0
0	4	0	0
0	5	0	0
0	5	0	0
0	5	0	0
0	5	0	0
0	5	0	0
0	5	0	0
0	4	0	0
0	5	0	0
0	5	0	0
0	5	0	0
0	5	0	0
0	5	0	0
0	5	0	0
0	5	0	0
0	5	0	0
1	5	1	1
0	5	0	0
0	5	0	0
0	5	0	0
0	5	0	0
0	5	0	0
0	5	0	0
1	4	1	1
0	5	0	0
0	5	0	0
0	5	0	0
0	4	0	0
0	5	0	0
0	5	0	0
0	5	0	0
0	5	0	0
0	5	0	0
0	5	0	0
0	5	0	0
0	5	0	0
0	5	0	0
0	5	1	0
0	5	0	0
0	5	0	0
0	5	0	0
0	5	0	0
0	5	0	0
0	4	0	0
0	5	0	0
0	5	0	0
2	5	2	1
0	4	1	0
0	5	1	0
0	5	0	0
0	5	0	0
0	5	0	0
0	5	0	0
0	5	0	0
0	5	0	0
2	5	2	1
1	5	1	1
1	5	1	1
3	5	3	1
0	5	0	0
0	5	0	0
0	5	0	0
0	5	0	0
0	3	0	0
0	5	0	0
0	5	0	0
0	5	0	0
2	5	2	1
0	3	0	0
0	5	0	0
0	5	0	0
0	5	0	0
0	5	0	0
0	5	0	0
0	5	0	0
0	5	0	0
0	5	0	0
0	5	1	0
1	4	2	0.5
8	5	9	0.888889
1	5	2	0.5
0	5	0	0
0	5	0	0
0	5	1	0
0	5	0	0
0	5	0	0
0	4	0	0
0	5	0	0
0	5	0	0
0	5	0	0
1	5	1	1
0	5	0	0
1	5	1	1
0	5	0	0
0	5	0	0
1	5	1	1
0	5	0	0
0	5	0	0
0	5	0	0
0	5	0	0
0	5	2	0
5	2	19	0.263158
0	5	0	0
1	5	1	1
0	3	0	0
0	5	0	0
1	5	3	0.333333
1	5	2	0.5
0	5	0	0
0	5	0	0
0	5	0	0
0	5	0	0
0	5	0	0
1	5	1	1
0	5	0	0
0	5	1	0
0	5	0	0
0	5	0	0
0	5	0	0
0	5	0	0
0	5	0	0
0	5	0	0
0	5	0	0
0	5	3	0
0	4	1	0
0	5	0	0
0	5	0	0
1	5	1	1
0	4	0	0
0	5	0	0
0	5	0	0
0	5	0	0
0	4	0	0
0	5	0	0
3	1	19	0.157895
0	5	0	0
0	5	0	0
0	4	1	0
0	5	0	0
0	5	0	0
3	5	7	0.428571
3	5	9	0.333333
0	5	0	0
0	5	0	0
0	5	0	0
0	5	0	0
0	5	0	0
0	5	0	0
0	5	0	0
0	5	0	0
0	5	0	0
0	5	0	0
0	5	0	0
5	3	18	0.277778
0	5	0	0
0	5	0	0
0	5	0	0
1	5	1	1
0	5	0	0
0	5	0	0
0	5	0	0
0	5	1	0
0	5	0	0
0	5	0	0
0	5	0	0
0	5	0	0
0	5	1	0
0	4	0	0
0	5	0	0
2	2	6	0.333333
0	5	0	0
0	5	0	0
2	5	3	0.666667
0	5	0	0
0	5	0	0
0	4	1	0
0	5	0	0
1	5	1	1
0	5	0	0
0	5	0	0
0	5	0	0
1	5	1	1
0	5	0	0
0	5	0	0
0	5	0	0
0	5	0	0
0	5	0	0
1	3	1	1
0	5	0	0
1	5	3	0.333333
0	5	0	0
0	5	0	0
0	5	0	0
0	5	1	0
0	5	0	0
0	5	0	0
0	5	0	0
0	5	0	0
0	5	0	0
0	5	0	0
0	4	1	0
0	5	0	0
0	5	0	0
0	5	0	0
0	5	1	0
0	5	0	0
0	5	1	0
0	5	0	0
0	5	0	0
97	5	107	0.906542
0	5	0	0
0	5	1	0
0	4	0	0
0	5	0	0
0	5	0	0
0	5	0	0
0	5	0	0
0	5	0	0
0	5	0	0
0	5	0	0
4	1	21	0.190476
0	5	0	0
0	4	0	0
0	4	1	0
0	5	0	0
0	5	0	0
0	5	0	0
0	5	0	0
0	4	0	0
0	5	0	0
0	5	0	0
0	4	0	0
0	5	0	0
0	5	0	0
0	5	1	0
0	5	0	0
0	4	0	0
0	5	0	0
0	5	0	0
1	5	1	1
0	5	0	0
0	5	0	0
0	5	0	0
0	5	0	0
1	5	2	0.5
0	5	0	0
0	5	0	0
3	4	8	0.375
0	5	0	0
6	5	6	1
0	5	0	0
0	5	0	0
1	5	1	1
0	5	0	0
0	5	1	0
0	5	0	0
0	5	0	0
0	5	0	0
0	5	0	0
0	5	0	0
0	5	0	0
0	5	0	0
0	5	0	0
0	5	0	0
0	5	0	0
0	5	0	0
0	5	0	0
0	5	0	0
0	5	0	0
0	5	0	0
0	5	0	0
0	5	0	0
0	5	0	0
0	5	0	0
0	5	0	0
0	5	0	0
0	5	0	0
0	5	0	0
0	5	0	0
0	5	0	0
1	5	1	1
0	5	0	0
0	5	0	0
0	5	0	0
0	5	0	0
3	5	3	1
0	4	0	0
0	5	0	0
0	5	0	0
0	5	0	0
0	5	0	0
0	5	0	0
0	5	0	0
0	5	1	0
0	5	0	0
0	5	0	0
0	5	0	0
0	5	0	0
0	5	0	0
0	5	0	0
0	5	0	0
0	5	0	0
0	5	0	0
0	5	0	0
0	5	0	0
0	5	0	0
0	5	0	0
0	4	1	0
0	5	0	0
0	5	0	0
0	5	0	0
0	5	0	0
0	5	1	0
0	5	0	0
0	4	0	0
0	5	0	0
0	5	0	0
0	5	0	0
22	5	23	0.956522
1	5	1	1
0	5	0	0
0	5	0	0
5	5	5	1
0	5	0	0
3	5	6	0.5
0	5	0	0
0	5	0	0
0	5	0	0
0	5	0	0
0	5	0	0
0	5	0	0
0	5	0	0
0	5	0	0
0	5	0	0
0	5	0	0
0	5	0	0
0	5	0	0
0	5	0	0
0	5	0	0
0	5	0	0
0	4	0	0
0	5	0	0
0	5	0	0
0	5	0	0
0	5	0	0
12	5	15	0.8
0	5	0	0
0	5	0	0
1	5	1	1
1	3	2	0.5
0	5	0	0
0	5	0	0
0	5	1	0
0	5	0	0
0	5	0	0
0	5	0	0
0	5	0	0
28	4	30	0.933333
0	5	0	0
0	5	0	0
0	5	0	0
0	5	0	0
0	5	0	0
0	5	0	0
0	5	0	0
0	5	0	0
0	5	0	0
0	5	1	0
0	5	0	0
0	5	0	0
0	5	0	0
0	5	0	0
0	5	0	0
0	5	0	0
0	5	0	0
0	5	0	0
1	5	2	0.5
1	5	1	1
14	5	21	0.666667
0	4	0	0
2	5	2	1
0	5	0	0
0	5	0	0
0	5	0	0
0	5	0	0
0	5	1	0
0	4	0	0
0	5	0	0
0	5	0	0
0	5	0	0
0	5	0	0
0	5	0	0
0	5	0	0
0	5	0	0
0	5	0	0
0	4	0	0
0	4	0	0
0	5	0	0
0	5	0	0
0	4	1	0
0	4	0	0
0	5	0	0
0	5	0	0
0	5	1	0
0	5	0	0
0	5	1	0
0	5	0	0
0	5	0	0
0	5	0	0
0	5	0	0
0	5	0	0
0	5	0	0
0	5	0	0
0	5	0	0
0	5	0	0
0	5	0	0
0	5	0	0
0	5	0	0
0	5	0	0
0	5	0	0
4	5	4	1
0	4	0	0
0	4	0	0
0	5	0	0
0	5	0	0
0	5	0	0
0	5	0	0
0	5	0	0
0	5	0	0
0	5	1	0
0	5	0	0
0	4	0	0
0	5	0	0
0	5	0	0
0	5	0	0
0	5	0	0
0	5	0	0
0	4	0	0
0	5	0	0
0	5	0	0
0	3	0	0
1	3	3	0.333333
0	5	0	0
0	5	0	0
0	5	0	0
0	5	0	0
0	5	0	0
0	5	0	0
0	5	0	0
0	5	0	0
0	5	0	0
0	5	0	0
0	5	0	0
2	5	2	1
0	5	0	0
0	5	0	0
0	5	0	0
0	5	0	0
0	5	0	0
0	5	0	0
0	5	0	0
0	5	0	0
0	5	0	0
0	5	0	0
0	5	1	0
0	5	1	0
0	5	0	0
0	5	0	0
1	5	1	1
0	5	0	0
0	5	0	0
0	4	0	0
0	5	0	0
0	5	0	0
0	5	0	0
0	5	0	0
0	5	0	0
0	5	0	0
0	5	0	0
0	5	1	0
0	5	0	0
0	5	0	0
0	5	0	0
0	5	0	0
0	5	0	0
0	5	0	0
0	5	0	0
0	5	0	0
0	5	0	0
0	5	0	0
1	1	13	0.0769231
0	4	1	0
0	4	1	0
0	4	0	0
0	5	0	0
0	5	0	0
0	5	0	0
0	5	0	0
2	5	4	0.5
0	5	0	0
0	5	0	0
0	5	0	0
0	5	0	0
0	5	0	0
1	5	1	1
1	4	1	1
0	5	0	0
0	5	0	0
0	5	0	0
0	5	0	0
0	5	0	0
0	5	0	0
0	4	0	0
0	5	0	0
0	5	1	0
0	5	0	0
0	5	0	0
0	5	0	0
0	5	0	0
0	5	0	0
0	5	0	0
0	4	1	0
0	5	0	0
0	5	0	0
0	5	0	0
0	5	0	0
0	5	0	0
0	4	0	0
0	5	0	0
0	5	0	0
0	4	0	0
0	3	0	0
0	5	0	0
0	5	0	0
0	5	0	0
1	5	1	1
0	5	0	0
5	5	6	0.833333
0	5	0	0
0	5	0	0
0	5	0	0
0	5	0	0
0	5	0	0
0	5	0	0
0	5	0	0
0	5	0	0
0	5	0	0
0	4	0	0
0	5	0	0
0	5	0	0
0	5	0	0
0	5	0	0
0	5	0	0
3	5	8	0.375
3	5	7	0.428571
0	5	0	0
0	5	0	0
0	5	1	0
0	5	0	0
0	5	0	0
0	5	0	0
0	5	1	0
0	5	0	0
0	5	0	0
0	5	1	0
0	5	0	0
4	5	4	1
0	4	0	0
0	5	0	0
0	4	0	0
0	5	1	0
0	5	1	0
0	5	0	0
0	5	0	0
1	1	15	0.0666667
0	5	0	0
0	5	1	0
0	5	0	0
0	5	0	0
0	5	0	0
1	5	1	1
1	5	1	1
0	3	0	0
0	3	0	0
0	5	0	0
0	5	0	0
0	5	0	0
0	5	0	0
0	4	0	0
0	5	0	0
0	4	0	0
0	5	0	0
0	4	1	0
0	5	0	0
0	3	0	0
0	4	0	0
0	5	0	0
0	5	0	0
0	5	0	0
0	5	1	0
0	5	0	0
0	5	0	0
0	5	0	0
0	5	0	0
0	4	0	0
0	5	0	0
1	5	1	1
0	5	0	0
0	5	0	0
0	5	0	0
0	5	0	0
0	5	0	0
0	5	0	0
0	5	0	0
0	4	0	0
0	5	0	0
1	5	1	1
0	5	0	0
0	5	0	0
0	5	0	0
0	5	0	0
0	5	0	0
0	5	0	0
0	5	0	0
0	5	0	0
0	5	0	0
0	5	0	0
0	5	1	0
0	5	0	0
0	5	1	0
0	5	0	0
0	5	0	0
0	5	0	0
6	1	25	0.24
0	5	0	0
0	5	1	0
0	5	0	0
0	5	0	0
0	5	0	0
3	5	4	0.75
0	4	0	0
1	5	1	1
0	5	0	0
0	5	0	0
0	5	0	0
1	5	2	0.5
0	5	0	0
0	5	0	0
0	5	0	0
0	5	0	0
0	5	0	0
0	5	0	0
0	5	0	0
2	5	2	1
0	4	1	0
0	5	0	0
0	5	0	0
0	5	0	0
0	5	0	0
1	5	1	1
0	5	0	0
0	5	0	0
0	5	0	0
0	5	0	0
0	5	0	0
0	5	0	0
0	5	0	0
6	5	9	0.666667
0	5	0	0
13	5	14	0.928571
1	5	1	1
0	5	0	0
0	5	0	0
0	5	0	0
0	5	0	0
0	5	0	0
0	5	0	0
0	5	0	0
0	5	0	0
0	5	0	0
1	5	1	1
0	5	0	0
0	5	1	0
0	5	0	0
0	5	0	0
0	5	0	0
0	5	0	0
0	5	0	0
0	5	0	0
3	5	3	1
0	5	0	0
0	5	0	0
1	5	1	1
0	5	0	0
0	5	1	0
0	5	0	0
0	5	0	0
0	5	0	0
0	5	0	0
0	5	0	0
0	5	0	0
0	5	0	0
1	5	1	1
0	5	0	0
0	5	0	0
0	5	0	0
0	5	0	0
0	5	0	0
0	5	0	0
0	5	0	0
0	5	0	0
0	5	0	0
0	5	0	0
0	5	0	0
0	5	0	0
0	4	1	0
0	5	0	0
0	5	0	0
0	5	0	0
0	5	0	0
0	5	0	0
1	5	2	0.5
0	5	0	0
2	5	2	1
0	5	0	0
0	5	0	0
0	5	0	0
1	5	1	1
1	4	1	1
0	5	0	0
0	5	0	0
0	5	0	0
0	5	0	0
0	5	0	0
0	5	0	0
0	5	0	0
0	5	0	0
0	5	0	0
0	5	0	0
0	5	0	0
0	5	0	0
1	5	1	1
0	5	0	0
0	5	0	0
0	5	0	0
0	5	0	0
0	3	0	0
0	5	0	0
0	5	0	0
0	5	0	0
0	5	0	0
3	1	19	0.157895
0	5	0	0
0	5	0	0
1	5	1	1
0	5	0	0
0	5	0	0
0	5	0	0
0	5	0	0
0	5	0	0
0	5	0	0
0	5	0	0
0	5	0	0
0	5	0	0
0	5	0	0
0	5	0	0
0	5	0	0
0	5	0	0
0	5	0	0
0	5	0	0
0	4	0	0
0	5	0	0
0	5	0	0
8	4	13	0.615385
0	5	0	0
0	5	0	0
0	5	0	0
0	5	0	0
0	4	0	0
2	2	6	0.333333
0	4	0	0
0	4	0	0
0	5	0	0
1	5	2	0.5
0	5	0	0
0	5	0	0
0	5	0	0
0	5	0	0
0	5	0	0
0	4	0	0
1	5	1	1
0	5	0	0
0	5	0	0
0	5	0	0
0	5	0	0
0	5	0	0
0	5	0	0
0	5	0	0
2	2	5	0.4
0	5	0	0
0	5	0	0
0	5	0	0
0	5	0	0
4	3	5	0.8
1	4	1	1
2	5	2	1
0	5	1	0
0	5	0	0
0	5	0	0
0	5	0	0
0	5	1	0
0	5	0	0
2	5	3	0.666667
0	5	0	0
0	5	0	0
1	5	1	1
0	5	0	0
0	4	0	0
0	5	0	0
0	5	0	0
1	5	1	1
0	5	0	0
0	5	0	0
0	5	0	0
0	5	0	0
1	5	1	1
13	5	18	0.722222
0	5	0	0
1	1	15	0.0666667
0	5	0	0
0	5	0	0
0	5	0	0
1	5	1	1
1	5	1	1
0	5	0	0
0	5	0	0
0	5	0	0
0	5	0	0
0	5	1	0
0	5	0	0
0	5	0	0
0	5	0	0
0	5	0	0
0	5	0	0
0	4	0	0
0	5	0	0
2	4	4	0.5
0	5	0	0
0	5	0	0
4	5	4	1
0	5	0	0
0	5	0	0
0	5	0	0
1	3	2	0.5
0	5	0	0
0	5	0	0
1	5	1	1
1	5	1	1
1	5	1	1
0	5	0	0
0	5	1	0
0	5	0	0
0	5	0	0
0	5	0	0
0	4	1	0
0	5	0	0
1	5	1	1
0	5	0	0
0	5	0	0
0	5	0	0
0	5	0	0
2	5	2	1
0	5	0	0
1	5	1	1
0	5	0	0
0	5	0	0
0	5	1	0
0	5	0	0
0	5	0	0
0	5	0	0
0	5	0	0
0	5	0	0
0	5	0	0
0	5	0	0
0	5	0	0
0	5	0	0
0	5	0	0
0	4	0	0
0	5	1	0
0	5	0	0
1	4	1	1
1	5	1	1
0	5	0	0
0	5	0	0
0	4	0	0
0	5	0	0
3	5	3	1
0	5	0	0
0	5	0	0
0	5	0	0
0	5	0	0
0	5	0	0
0	5	0	0
1	5	1	1
0	5	0	0
0	5	0	0
0	5	0	0
0	5	0	0
0	5	0	0
0	5	0	0
0	3	3	0
0	5	0	0
0	5	0	0
2	5	2	1
0	4	0	0
1	5	2	0.5
0	5	0	0
1	5	1	1
1	5	1	1
1	5	1	1
0	5	0	0
0	5	0	0
0	5	0	0
0	5	0	0
2	5	2	1
0	5	1	0
0	5	0	0
1	1	31	0.0322581
0	4	0	0
0	5	0	0
9	5	29	0.310345
0	5	0	0
0	5	0	0
0	5	0	0
1	5	1	1
0	5	0	0
0	5	0	0
0	5	0	0
0	5	0	0
0	5	0	0
1	5	1	1
0	5	0	0
0	5	0	0
4	5	4	1
2	3	2	1
0	5	0	0
0	5	0	0
0	5	0	0
0	5	0	0
0	5	0	0
0	5	0	0
0	5	0	0
0	5	0	0
0	4	0	0
0	5	0	0
0	5	0	0
0	5	1	0
0	4	0	0
3	3	3	1
0	5	0	0
0	5	0	0
0	5	0	0
10	1	35	0.285714
1	5	1	1
0	5	0	0
0	5	0	0
0	5	0	0
0	5	0	0
0	5	0	0
0	5	0	0
0	5	0	0
0	5	0	0
0	5	0	0
0	5	0	0
0	5	0	0
2	5	2	1
1	5	1	1
0	5	0	0
0	5	0	0
0	5	0	0
0	5	1	0
0	5	0	0
0	5	0	0
0	5	0	0
0	5	0	0
0	5	0	0
0	5	0	0
0	5	0	0
0	5	0	0
0	4	0	0
0	5	1	0
0	5	0	0
4	5	6	0.666667
0	5	0	0
0	5	0	0
0	5	0	0
0	5	0	0
0	5	0	0
4	2	9	0.444444
0	5	0	0
0	5	0	0
0	5	0	0
1	5	1	1
0	5	0	0
0	5	0	0
0	5	0	0
0	5	0	0
0	5	0	0
1	5	1	1
0	5	0	0
0	5	0	0
0	5	0	0
0	5	0	0
0	4	0	0
0	5	0	0
0	5	0	0
0	5	0	0
0	5	0	0
0	5	0	0
12	5	13	0.923077
0	4	0	0
7	5	7	1
0	5	0	0
0	4	0	0
1	5	1	1
0	5	0	0
0	5	0	0
2	5	3	0.666667
1	5	1	1
0	5	0	0
0	5	0	0
11	5	13	0.846154
0	5	0	0
0	5	0	0
0	5	0	0
0	5	0	0
7	1	28	0.25
1	5	2	0.5
0	5	0	0
0	5	0	0
0	5	0	0
0	5	0	0
0	5	0	0
0	5	0	0
0	4	0	0
0	5	0	0
0	5	0	0
0	5	0	0
0	5	0	0
2	4	2	1
0	5	0	0
0	5	0	0
3	5	5	0.6
1	5	1	1
0	5	0	0
0	5	0	0
0	5	0	0
0	5	0	0
0	5	0	0
0	5	2	0
0	5	0	0
0	5	0	0
0	5	0	0
0	5	0	0
0	5	0	0
0	5	0	0
0	5	0	0
0	5	0	0
0	5	1	0
0	5	0	0
0	5	0	0
0	5	1	0
1	5	1	1
1	5	2	0.5
1	5	2	0.5
3	5	7	0.428571
0	5	0	0
1	5	1	1
0	5	1	0
1	5	2	0.5
1	5	1	1
11	1	39	0.282051
0	5	3	0
152	5	173	0.878613
0	5	0	0
1	5	1	1
0	5	1	0
2	5	3	0.666667
0	5	0	0
0	5	1	0
0	5	0	0
1	5	3	0.333333
1	5	1	1
1	5	2	0.5
0	5	0	0
8	1	38	0.210526
0	5	0	0
0	5	0	0
1	5	2	0.5
0	5	0	0
0	5	0	0
0	4	0	0
0	5	0	0
0	5	0	0
0	5	0	0
2	5	3	0.666667
1	5	2	0.5
2	5	5	0.4
1	4	2	0.5
2	5	5	0.4
0	5	0	0
0	5	0	0
1	5	1	1
1	5	2	0.5
0	5	0	0
0	5	0	0
1	5	2	0.5
1	5	1	1
2	4	3	0.666667
1	5	4	0.25
1	5	4	0.25
2	5	2	1
0	5	0	0
0	5	0	0
4	5	4	1
3	5	4	0.75
7	5	9	0.777778
0	5	0	0
0	5	0	0
1	5	2	0.5
1	5	2	0.5
1	5	4	0.25
3	5	4	0.75
0	5	0	0
8	5	11	0.727273
0	5	0	0
2	5	4	0.5
0	5	0	0
0	5	1	0
0	5	0	0
0	5	0	0
0	5	0	0
0	5	0	0
1	5	1	1
1	5	2	0.5
0	5	3	0
0	5	0	0
0	5	0	0
4	5	7	0.571429
70	5	79	0.886076
1	5	1	1
1	5	2	0.5
1	4	2	0.5
1	4	6	0.166667
0	5	2	0
0	5	0	0
0	5	0	0
3	5	3	1
1	5	1	1
0	5	0	0
0	5	1	0
2	5	3	0.666667
0	5	0	0
2	5	5	0.4
0	5	0	0
0	5	0	0
0	5	0	0
0	5	0	0
0	5	0	0
0	4	0	0
1	5	2	0.5
0	4	0	0
0	4	0	0
3	5	8	0.375
2	5	2	1
0	5	1	0
0	5	1	0
1	5	2	0.5
0	5	0	0
0	5	1	0
79	5	98	0.806122
0	5	0	0
0	5	0	0
2	5	3	0.666667
7	3	15	0.466667
0	5	0	0
0	5	1	0
0	5	1	0
1	5	1	1
4	2	6	0.666667
0	5	0	0
0	5	0	0
1	5	3	0.333333
25	5	51	0.490196
0	5	0	0
6	5	8	0.75
0	5	0	0
0	5	0	0
1	5	2	0.5
0	5	0	0
1	5	1	1
1	5	1	1
0	5	0	0
1	3	4	0.25
0	5	0	0
22	5	25	0.88
2	5	3	0.666667
1	5	2	0.5
1	5	1	1
1	5	2	0.5
1	5	1	1
0	5	0	0
0	5	0	0
0	5	0	0
0	5	0	0
0	5	0	0
2	5	4	0.5
1	5	2	0.5
1	5	3	0.333333
0	5	2	0
0	5	1	0
