0 5
0 5
0 5
0 5
0 5
0 5
0 3
0 5
0 5
0 5
0 5
0 5
0 5
2 4
4 4
2 3
1 5
0 5
2 5
1 5
1 4
1 4
1 5
4 5
1 3
2 5
2 5
7 1
1 5
2 4
4 5
3 5
1 5
0 4
0 5
0 5
0 4
0 5
2 5
0 4
1 5
1 4
0 4
1 5
1 5
1 5
0 5
0 5
0 5
1 5
0 5
1 5
1 5
0 5
0 5
0 4
1 5
0 5
0 4
0 4
0 5
1 5
1 5
0 4
0 4
8 1
3 5
0 5
0 4
0 5
0 5
0 4
0 4
0 5
0 5
0 4
0 5
1 5
0 5
0 5
0 5
0 5
0 4
0 5
0 4
0 5
0 5
0 4
0 5
0 5
1 3
5 5
0 5
0 5
0 5
0 4
1 5
0 5
0 5
1 5
1 4
0 5
0 5
2 5
0 5
1 5
0 5
0 5
3 5
0 4
0 4
0 4
0 5
0 5
0 5
0 5
0 5
0 5
0 5
0 5
0 5
0 4
0 5
0 4
0 5
0 5
1 5
0 4
1 5
1 5
0 4
1 5
2 5
0 5
1 5
4 5
0 4
2 5
1 5
0 4
0 5
5 1
1 5
0 5
0 5
0 5
0 5
0 5
0 5
4 5
0 5
0 4
0 5
0 4
1 5
1 5
4 5
0 5
0 5
0 5
2 5
1 5
2 5
0 5
6 2
1 5
1 5
3 5
1 5
1 5
0 5
0 5
1 4
0 5
0 5
1 4
0 4
1 5
0 5
5 5
0 5
0 4
1 4
0 5
0 5
1 5
2 5
1 5
0 5
1 5
1 4
3 5
1 5
0 5
1 5
1 5
1 5
0 4
2 5
3 5
0 5
0 5
0 5
0 5
0 5
1 5
0 5
0 5
0 4
0 5
0 4
1 4
0 5
1 5
2 5
1 4
0 5
1 5
0 5
5 5
1 5
1 4
0 4
1 5
1 4
0 4
0 5
1 5
1 5
0 5
1 5
0 5
1 5
0 5
0 5
0 5
2 5
0 5
0 5
3 4
0 5
1 5
1 4
2 4
1 4
0 5
0 5
2 5
1 5
3 4
0 5
1 5
0 5
3 5
0 3
0 4
0 5
1 5
3 5
1 5
2 4
0 5
0 5
0 5
1 5
0 4
2 5
0 5
0 5
0 5
0 4
0 4
0 5
0 5
1 2
1 5
3 4
1 5
0 5
0 5
0 5
0 4
3 2
1 4
0 5
2 2
0 5
0 5
0 5
0 5
3 4
0 5
0 4
2 3
0 5
0 5
0 5
0 4
0 5
0 4
1 5
4 5
6 5
7 5
0 4
2 5
2 5
3 5
8 4
1 4
1 5
0 4
0 4
0 4
1 5
0 5
0 3
1 5
0 4
7 5
0 4
0 5
0 4
0 5
4 5
1 5
0 5
1 5
0 5
1 5
3 5
0 5
0 5
0 5
0 5
24 5
0 5
0 4
2 5
2 4
0 5
4 2
0 5
1 5
5 5
0 4
0 5
2 5
0 5
1 5
0 5
1 4
0 5
0 5
0 5
3 5
7 5
0 5
0 5
0 5
3 3
0 5
4 3
0 5
1 5
1 4
0 5
0 5
0 5
0 4
0 5
0 5
4 5
0 5
1 5
1 4
9 1
1 5
1 5
5 3
0 5
0 5
0 5
0 5
0 5
0 5
2 5
0 5
4 3
3 5
2 3
5 5
2 4
1 5
0 5
0 5
0 5
2 5
1 5
0 5
1 5
0 5
0 5
0 5
0 5
7 5
0 3
0 5
6 5
3 4
2 5
13 5
0 5
0 5
0 5
0 5
1 5
2 5
1 4
1 5
1 5
1 5
2 5
1 5
1 5
1 5
0 5
0 5
0 5
1 5
0 5
0 5
1 5
0 5
3 5
1 5
0 5
0 5
0 5
0 5
0 5
0 5
7 2
0 5
0 5
0 5
1 5
1 5
2 5
0 5
16 5
0 5
0 5
1 4
4 5
0 5
0 5
0 5
0 5
3 5
0 5
1 5
1 5
1 5
1 5
3 5
3 4
0 5
1 5
1 5
1 5
2 5
1 5
1 5
0 5
36 2
160 5
0 5
8 5
4 5
1 5
0 5
2 4
0 4
1 5
1 5
0 5
0 5
0 5
2 5
1 4
7 5
0 5
3 5
0 5
1 5
0 4
0 5
1 3
1 5
0 5
1 5
0 5
0 5
0 4
2 5
7 4
0 5
2 5
3 5
6 5
2 5
1 5
3 1
71 5
5 1
0 5
0 5
1 5
0 5
5 5
7 1
7 5
1 5
4 5
5 1
4 1
3 2
5 5
0 5
1 5
1 5
0 5
4 5
0 5
2 5
0 5
0 4
0 5
1 5
6 5
0 5
7 5
1 5
0 5
0 5
0 5
0 5
0 5
2 5
1 5
0 5
0 5
2 5
1 5
1 5
0 5
0 5
0 5
1 5
2 5
0 5
2 5
2 5
1 5
0 5
2 5
1 5
2 5
3 5
5 5
6 5
7 5
0 5
0 4
0 5
2 5
1 5
1 5
0 5
1 5
2 5
1 5
3 4
0 5
0 5
4 5
0 5
0 5
0 5
1 5
2 5
5 5
1 5
4 5
0 5
0 5
0 5
2 5
1 5
2 5
2 5
4 5
0 5
0 5
0 5
0 5
18 2
4 5
0 5
2 5
1 5
0 5
0 5
1 4
0 5
5 5
0 5
1 5
3 5
6 5
1 4
1 4
5 2
3 5
14 5
2 5
3 5
2 4
2 5
0 4
0 5
3 5
1 4
3 5
0 5
0 5
0 5
0 4
0 5
5 5
0 5
4 4
0 5
3 5
3 5
1 4
0 5
1 5
0 5
0 5
0 5
2 5
4 5
0 4
1 3
0 5
12 5
0 5
0 5
2 5
0 5
0 5
0 5
8 5
7 5
19 5
1 5
6 5
1 5
2 4
0 5
1 5
0 5
0 5
0 4
0 5
0 5
0 5
1 4
0 3
6 3
85 5
15 5
15 4
3 3
0 5
0 5
2 5
0 5
4 5
0 3
0 5
5 4
6 5
3 5
3 4
2 5
2 4
0 5
8 5
3 5
5 2
1 5
0 4
1 5
0 5
0 5
0 5
0 5
0 5
1 5
0 5
0 5
0 4
0 5
8 5
2 5
2 5
0 5
14 5
2 5
0 5
1 5
1 5
1 5
1 5
2 5
9 5
1 5
2 5
2 4
0 5
4 5
2 5
1 5
1 5
0 5
7 5
0 5
9 3
1 5
16 5
2 5
4 4
3 5
0 5
0 5
1 5
0 5
0 5
1 5
6 5
0 5
6 5
1 4
1 5
0 5
2 5
0 5
0 5
0 5
9 5
15 5
6 5
0 5
0 5
12 4
0 5
0 5
3 5
0 5
2 5
14 5
12 5
11 5
3 5
1 5
1 2
0 5
0 5
101 5
12 2
3 5
10 5
9 4
0 5
3 5
5 5
2 5
0 5
0 5
0 5
5 5
1 5
0 5
0 5
0 5
6 5
54 4
0 5
0 5
13 5
2 5
2 5
0 5
0 5
29 5
25 4
5 5
0 5
0 5
4 5
0 5
7 1
1 5
0 5
0 5
0 3
9 5
5 5
0 5
1 5
0 5
23 5
12 5
35 5
7 5
10 5
2 5
2 5
11 5
0 5
1 5
0 5
29 5
6 5
7 5
4 5
2 5
3 5
0 4
24 5
1 5
14 5
3 5
8 5
3 5
0 5
0 5
0 5
0 5
4 5
0 5
10 5
8 1
0 5
21 5
2 5
0 5
4 5
17 5
60 2
0 5
38 5
2 2
1 5
4 3
2 5
0 5
1 5
4 5
3 5
1 5
2 5
0 5
0 5
0 5
2 4
0 5
0 5
0 5
0 5
0 5
0 5
0 5
0 5
0 5
1 2
1 5
0 5
0 5
0 5
0 5
0 5
0 5
0 5
0 5
1 5
0 5
1 5
0 5
0 5
1 5
0 5
3 5
0 5
0 5
1 5
1 5
2 3
0 2
0 5
0 5
0 5
0 5
0 5
0 5
0 5
0 5
0 5
2 5
3 1
0 5
0 5
0 5
0 5
1 5
0 5
0 5
0 5
0 5
0 5
0 5
0 5
0 5
0 5
0 4
0 5
1 5
0 5
0 5
0 5
5 2
0 5
0 5
0 5
0 5
0 5
0 5
0 4
0 5
0 5
0 5
0 5
0 4
0 5
0 5
0 5
2 5
0 5
0 4
0 5
0 5
0 5
0 5
2 2
0 5
0 5
0 5
0 5
0 5
0 5
0 5
0 5
0 5
4 5
2 2
0 5
0 5
0 5
0 5
0 5
0 4
2 5
0 5
0 5
0 5
0 5
0 5
0 5
0 5
0 5
0 5
0 5
0 5
0 5
0 5
8 1
0 5
0 5
0 5
0 5
0 5
0 5
0 5
0 5
0 5
2 5
0 5
0 5
0 5
0 5
0 5
0 5
0 5
0 5
0 5
0 5
0 5
0 5
0 5
0 5
0 5
0 5
0 4
0 5
0 5
0 5
0 5
0 5
0 5
0 5
0 5
0 3
0 5
0 5
0 5
0 5
0 5
0 5
0 5
0 5
2 5
1 5
0 5
0 5
0 5
0 5
0 5
0 5
0 5
0 3
0 5
0 5
0 5
0 5
0 3
0 5
0 5
0 5
0 5
0 5
0 5
0 5
0 5
0 5
1 5
0 5
0 5
0 5
0 5
0 5
0 5
0 5
0 5
0 5
0 5
0 5
0 5
0 5
3 5
0 5
0 5
0 5
0 5
0 5
0 5
0 5
0 5
0 5
0 5
0 5
0 5
0 5
0 5
0 3
0 5
0 5
0 5
0 5
0 5
0 5
1 2
0 5
0 5
0 5
0 5
0 5
0 5
0 5
0 5
0 5
0 5
0 5
0 5
0 5
0 5
0 5
0 5
0 5
0 5
0 5
0 5
0 5
0 5
0 5
0 5
0 5
0 5
0 5
0 5
0 5
0 5
0 5
0 5
0 5
0 5
0 4
0 5
0 5
0 5
0 5
0 5
0 5
0 5
0 5
0 5
0 5
0 5
0 5
0 5
0 5
0 5
0 5
0 5
0 5
0 5
0 5
0 5
0 5
0 5
0 5
0 5
0 5
0 5
0 5
0 5
0 5
0 5
0 5
0 5
0 5
0 5
0 5
0 5
0 5
0 5
0 5
0 5
0 5
0 5
0 5
0 5
0 5
0 5
0 5
0 5
0 5
0 5
0 5
0 5
0 5
0 5
0 5
0 5
0 5
0 5
0 5
0 5
0 5
0 5
0 5
0 5
0 5
0 5
0 5
0 5
0 5
0 5
0 5
0 5
0 5
0 5
0 5
0 5
0 5
0 5
0 5
3 5
0 5
0 5
1 4
0 5
