0 5
0 5
1 5
1 4
1 5
13 1
0 4
1 5
1 5
0 5
2 2
0 5
1 5
2 4
0 5
1 5
1 5
0 4
0 4
1 3
1 5
1 3
2 3
0 4
0 5
1 5
1 5
1 2
2 5
4 5
2 5
1 5
0 5
1 4
1 5
0 5
3 5
2 5
0 4
2 3
0 5
4 5
6 5
1 4
1 4
1 5
0 5
2 3
0 5
3 5
0 5
5 2
1 5
5 5
1 5
3 5
16 1
4 5
6 5
9 5
2 5
3 5
8 3
2 5
3 5
0 4
1 5
1 4
7 2
6 5
3 5
4 5
0 5
3 5
3 5
3 5
1 5
0 5
1 5
3 5
7 5
6 5
4 4
0 5
2 4
0 5
3 3
9 3
4 4
2 5
1 5
2 5
2 5
5 5
2 5
4 2
3 5
6 2
15 1
1 5
1 4
1 5
0 5
1 5
1 5
0 4
3 3
4 5
0 5
0 4
1 4
2 5
4 5
2 4
0 5
3 4
0 5
1 5
1 5
0 5
4 4
10 1
1 4
0 4
4 4
1 5
1 5
9 2
1 5
4 5
0 5
2 5
0 5
0 5
3 3
1 5
0 5
0 5
0 5
0 5
0 3
1 5
0 5
37 1
5 2
1 3
8 4
1 5
0 3
2 5
0 4
4 5
3 2
3 4
7 3
2 4
0 5
2 5
3 4
5 5
3 5
0 3
2 5
2 5
0 4
0 5
1 5
2 4
10 5
0 5
0 4
0 5
0 5
0 4
1 5
1 5
0 4
3 2
0 5
2 5
2 3
8 3
9 5
0 4
0 5
0 5
0 5
2 5
0 5
0 5
0 4
0 5
1 5
2 5
1 5
5 2
0 5
0 4
0 5
4 5
4 5
0 5
2 4
6 3
1 5
1 5
3 5
3 5
0 5
2 5
1 5
1 5
1 5
3 5
1 4
3 5
2 5
3 5
0 5
2 4
4 5
5 5
2 5
4 5
0 5
3 5
3 5
2 5
12 1
8 5
3 4
22 5
2 5
6 5
1 5
2 5
1 5
5 5
0 4
1 3
0 4
1 5
8 1
0 5
0 5
1 3
0 5
0 4
9 1
3 5
2 5
0 3
0 3
3 5
1 3
1 5
0 5
0 5
2 5
2 4
7 2
1 4
3 5
1 4
0 5
2 5
1 5
0 5
3 5
3 3
4 5
1 3
0 5
5 3
0 5
1 5
0 5
2 5
0 5
3 5
3 3
9 3
1 4
0 5
0 5
4 2
0 2
1 4
2 5
2 5
0 5
4 5
1 4
1 5
5 5
1 4
0 4
3 5
1 5
2 5
3 2
1 5
2 5
1 4
0 5
1 2
3 5
1 5
3 4
6 5
5 5
2 2
2 3
4 5
0 5
3 5
0 4
2 5
2 1
0 5
0 5
2 3
5 2
0 4
1 3
1 5
11 1
1 5
0 5
2 5
1 4
3 2
2 5
1 1
4 3
4 5
1 5
0 5
1 5
0 4
2 5
5 5
6 2
3 3
4 5
0 5
1 5
1 4
0 5
1 5
0 4
0 5
1 5
15 1
0 5
0 4
18 3
2 3
0 5
0 4
0 5
2 3
3 4
1 4
1 3
5 1
5 4
2 4
8 3
1 5
3 5
0 5
2 4
3 4
3 2
0 5
4 2
2 5
1 4
2 5
1 5
1 4
3 5
5 1
2 5
5 3
2 3
1 5
2 4
3 5
0 4
4 3
1 5
1 4
1 5
1 5
2 5
0 5
0 5
0 5
4 5
5 5
1 4
4 3
0 4
3 5
1 3
1 4
2 4
1 4
2 5
2 4
6 5
1 5
1 4
1 3
2 5
1 5
0 5
1 2
1 5
1 5
4 3
0 5
0 5
0 5
1 3
0 4
0 5
0 5
0 5
43 3
2 2
5 5
8 5
0 5
7 5
1 5
1 5
0 3
5 2
0 3
0 4
4 3
11 5
1 5
4 4
2 5
0 5
0 5
2 5
0 5
3 4
2 5
6 5
4 5
2 3
0 5
2 5
0 4
2 5
0 5
0 5
0 4
0 5
1 5
1 3
2 5
17 2
22 1
3 5
1 5
3 4
1 5
0 2
2 5
3 1
0 5
2 5
1 5
2 5
0 5
1 3
1 5
2 2
0 2
7 1
0 3
2 4
0 2
1 3
3 3
0 4
0 4
1 5
1 2
0 5
0 5
1 5
1 5
0 5
0 5
0 5
0 5
0 5
1 5
0 3
0 5
2 5
0 5
1 4
0 2
3 2
0 3
0 5
0 5
1 5
0 5
4 4
3 3
4 5
3 3
1 4
0 5
10 2
5 2
15 2
14 2
0 4
2 5
1 5
1 5
1 5
2 5
1 5
0 4
0 5
0 4
0 5
0 5
3 5
2 5
0 3
5 2
2 5
0 4
0 4
2 3
14 1
34 1
3 2
3 3
2 5
0 5
0 4
1 3
3 2
1 5
2 5
2 5
1 5
2 5
5 2
1 5
3 5
28 1
2 5
2 3
2 5
1 4
3 3
2 5
1 5
1 5
0 4
3 2
0 5
1 5
0 4
4 5
5 3
4 5
3 4
11 2
2 5
2 4
0 5
1 5
0 5
0 4
4 3
2 3
31 1
1 5
1 3
0 5
5 2
3 5
0 5
1 5
2 5
1 4
1 4
27 1
14 5
0 4
4 2
0 5
0 4
1 2
0 5
0 4
1 3
1 2
0 4
0 3
0 4
0 5
2 5
0 2
0 4
0 4
0 3
2 5
4 5
0 5
7 2
2 5
1 5
1 5
0 5
1 4
0 5
6 4
2 5
22 1
1 4
0 5
1 5
15 5
0 5
0 4
0 3
1 4
0 5
2 5
1 5
0 5
0 5
0 2
1 5
2 3
1 5
1 4
0 4
467 5
43 5
0 4
1 5
0 4
0 5
0 5
0 5
5 5
2 4
1 4
0 5
1 5
0 5
2 5
0 4
1 5
0 4
1 5
5 4
0 4
0 4
0 5
0 5
2 2
1 5
6 1
9 1
1 5
2 4
1 5
1 5
39 2
6 3
4 4
6 4
0 4
2 5
1 3
6 2
0 5
0 3
1 5
0 5
0 5
0 4
1 5
0 4
0 4
0 5
3 5
0 2
1 5
1 4
0 4
0 3
4 1
0 5
0 5
1 2
10 1
4 1
0 4
0 5
0 5
0 4
2 5
0 5
0 5
0 4
4 5
3 5
0 3
1 3
1 2
0 5
0 3
3 5
0 3
1 4
0 5
12 4
0 5
1 4
1 2
0 5
1 5
6 3
0 5
6 5
1 5
0 4
0 5
3 5
3 3
3 5
1 5
3 5
0 5
1 5
1 3
0 5
1 5
0 5
3 4
3 4
1 5
1 5
4 5
5 1
3 4
8 2
2 4
1 4
2 5
1 5
10 1
12 1
0 5
1 5
0 5
1 5
18 1
5 1
2 4
17 1
4 5
4 5
18 1
42 1
6 5
1 3
0 5
0 5
3 5
4 3
2 5
0 4
7 1
2 5
0 5
1 5
1 5
1 4
1 3
3 1
0 5
2 3
2 2
2 5
1 5
0 3
4 3
1 5
2 5
1 5
2 4
4 5
1 5
0 5
0 2
2 3
1 2
3 5
4 4
1 5
14 3
2 5
3 3
0 5
1 4
0 5
4 5
1 5
2 5
3 5
1 2
1 5
1 5
1 4
5 3
0 4
0 5
0 5
0 5
0 5
0 5
0 5
0 3
0 5
0 5
1 3
7 5
1 5
1 5
0 5
0 5
0 5
2 4
2 5
3 3
0 4
24 5
0 5
1 2
0 4
2 3
14 4
2 4
2 3
0 5
0 5
0 5
0 2
1 3
1 1
1 5
0 5
1 3
0 5
1 5
0 5
0 5
1 5
44 1
0 4
0 5
1 4
0 5
0 5
1 4
0 3
2 5
0 5
0 5
2 5
0 3
0 5
3 5
2 3
9 1
2 4
0 5
0 5
2 3
2 5
4 3
0 3
8 3
1 5
1 5
0 5
0 4
2 3
3 3
1 2
3 1
2 1
0 5
2 4
1 2
0 5
1 5
0 5
0 5
0 3
0 4
0 2
0 5
0 5
1 5
0 5
0 5
0 5
0 3
0 4
0 5
0 4
0 5
0 5
0 5
1 5
0 4
1 4
0 5
0 2
0 4
0 4
6 1
0 4
1 5
1 4
0 3
1 4
0 2
0 2
0 5
0 5
0 5
15 1
0 5
0 5
0 4
1 5
0 5
0 5
0 5
0 5
0 3
1 3
0 5
0 4
0 5
0 5
0 4
0 5
0 5
0 5
0 5
0 5
0 5
0 5
0 5
0 5
0 4
0 4
2 3
1 2
2 4
6 4
0 5
0 5
0 5
8 1
0 2
19 1
0 5
0 5
0 5
0 4
0 5
0 3
0 5
0 4
0 5
0 5
0 3
0 4
0 4
0 4
0 4
7 1
0 5
1 3
0 3
0 4
0 5
0 3
0 3
0 4
0 5
0 2
0 3
0 3
0 2
0 5
0 5
0 5
0 2
0 4
0 5
0 4
0 5
0 4
0 3
0 5
0 5
0 2
0 5
0 5
1 5
0 5
0 5
0 5
0 4
0 5
0 5
0 5
5 1
1 3
0 5
0 3
0 4
0 5
3 4
3 5
6 4
0 4
15 1
3 5
13 5
5 4
12 3
2 4
0 5
13 2
0 5
2 4
2 4
3 5
1 5
3 4
0 5
3 3
6 2
2 3
8 1
0 5
0 5
3 3
5 5
0 5
26 2
0 5
1 5
4 4
2 5
2 3
11 3
0 5
0 5
6 5
2 5
0 5
1 5
2 3
3 5
1 3
0 4
0 5
0 4
0 5
1 5
1 4
7 3
6 4
0 5
0 5
0 5
2 5
0 5
0 5
1 4
10 2
3 5
2 4
17 1
1 5
0 5
0 5
3 5
0 5
0 5
8 2
1 3
10 1
0 5
0 5
5 2
0 5
0 5
5 1
1 5
5 2
2 5
1 4
2 4
7 1
4 2
1 5
0 2
1 5
20 2
7 2
1 4
2 5
1 5
0 5
0 5
1 4
4 2
2 5
0 5
2 2
0 5
2 5
0 5
1 5
15 1
3 3
2 4
0 5
0 5
1 4
0 5
1 3
2 3
0 5
2 2
3 4
19 3
0 5
3 5
1 4
0 4
4 5
5 1
3 3
0 5
4 2
2 5
1 5
2 2
8 1
0 5
22 1
1 4
7 3
1 5
1 5
1 4
5 2
9 1
0 5
0 5
1 5
0 5
1 3
0 5
25 1
0 4
2 4
0 5
2 3
0 5
1 4
1 4
1 4
0 3
0 5
0 5
11 1
0 5
6 2
0 5
0 5
1 5
4 1
0 5
1 5
1 4
1 3
0 5
0 5
0 5
2 3
1 5
1 5
0 5
1 5
2 4
1 5
1 4
8 2
1 4
2 3
0 5
3 5
0 5
5 5
12 2
30 1
1 5
10 2
44 1
0 5
1 5
1 5
1 4
4 5
2 3
1 5
1 4
0 5
3 3
0 5
0 5
1 5
3 2
2 4
4 4
3 3
0 3
6 2
0 2
14 1
3 4
1 5
3 2
1 5
5 3
1 5
3 3
3 5
0 5
0 5
0 5
0 5
0 5
5 2
1 5
2 3
1 4
1 4
2 5
0 4
0 5
2 3
0 4
2 5
4 3
6 1
3 4
0 5
4 3
1 5
12 1
2 4
0 5
2 5
3 5
4 2
1 3
45 3
2 5
1 5
2 4
4 5
7 1
3 3
3 5
1 5
1 4
0 5
1 5
1 5
1 5
2 4
1 4
1 4
1 5
1 4
2 3
2 3
2 5
1 5
1 5
1 5
2 2
1 5
0 5
0 4
0 5
1 5
0 4
4 5
0 4
0 5
1 4
1 5
0 5
0 4
3 2
3 5
0 4
0 5
3 2
0 4
2 3
1 4
3 3
1 5
0 5
0 5
1 2
1 4
3 2
0 5
0 4
0 4
1 5
0 5
0 5
1 2
0 5
1 5
0 5
0 3
0 5
1 4
1 5
1 2
5 4
0 5
0 4
11 5
1 5
4 5
0 5
0 5
1 5
0 3
0 5
0 5
4 4
3 2
1 3
0 5
0 5
0 3
10 3
2 5
2 5
1 5
5 1
4 2
7 4
0 5
0 5
2 4
0 5
1 5
2 5
1 4
0 5
0 4
5 5
6 4
0 5
1 3
0 5
7 2
1 5
0 5
6 3
4 5
6 4
4 5
2 4
6 3
3 4
1 4
0 5
6 4
2 5
1 5
3 5
2 3
0 5
1 5
7 4
1 5
0 4
0 5
18 3
3 3
42 1
1 5
3 3
1 5
0 5
0 5
0 5
1 4
0 5
0 5
1 4
0 4
1 4
6 2
3 5
0 5
0 4
10 1
0 4
0 5
0 5
1 5
1 4
0 5
0 5
2 5
0 5
0 5
1 4
1 5
1 5
1 5
1 5
1 5
1 5
1 5
1 5
30 5
1 4
0 5
0 5
0 5
3 3
0 4
6 4
4 5
0 5
2 4
0 5
3 5
1 4
0 5
1 4
10 2
0 5
0 5
0 5
0 4
1 5
1 5
0 5
0 5
4 3
0 5
1 5
0 5
0 5
0 5
4 3
0 5
1 4
0 4
1 4
0 5
1 5
1 5
5 3
2 4
0 4
3 4
0 4
1 3
0 4
3 3
1 5
0 4
2 3
1 5
0 5
1 3
1 5
2 5
0 5
3 3
11 1
0 5
1 5
0 5
16 5
8 3
5 2
2 5
33 3
2 3
1 3
4 5
3 2
0 4
28 1
0 5
0 4
4 2
5 3
0 4
1 4
0 5
1 5
1 4
1 4
1 5
0 5
0 5
0 4
10 3
0 5
0 5
0 5
0 4
1 4
0 5
0 4
15 3
0 5
1 4
5 5
0 5
2 3
0 5
7 2
7 3
3 4
0 4
4 3
0 5
1 5
2 3
0 4
0 5
3 3
0 5
3 2
4 2
6 5
4 3
0 5
3 3
0 5
12 2
0 5
0 5
23 1
3 3
1 3
0 5
0 5
5 5
0 5
0 5
0 4
3 2
0 4
0 5
0 5
0 5
0 5
0 4
2 3
1 5
0 5
0 5
0 5
0 5
3 2
0 4
1 3
0 5
0 5
0 5
0 5
1 5
0 4
0 5
0 5
2 3
0 5
4 1
2 5
3 3
0 5
0 5
3 5
1 5
0 5
0 4
4 2
0 5
0 4
2 3
1 4
0 5
0 4
1 2
0 4
0 4
1 4
1 1
2 2
1 3
0 5
0 5
0 4
0 4
0 5
0 4
3 2
0 4
0 5
0 4
0 5
0 5
2 5
0 5
0 5
0 5
0 2
23 1
1 1
6 2
0 4
0 5
5 2
0 5
2 3
0 4
0 5
0 5
0 5
0 5
1 5
0 4
7 3
1 3
0 5
0 5
0 5
1 5
1 5
17 3
1 4
1 4
3 2
6 3
0 5
0 4
0 5
1 3
0 5
7 1
0 5
4 5
0 4
1 5
0 4
0 5
1 4
0 5
2 4
0 5
1 5
0 5
0 5
1 4
1 5
5 3
0 4
6 1
2 5
0 5
0 3
0 5
1 3
2 3
0 5
0 5
3 1
8 1
6 3
1 5
0 4
2 5
0 4
1 4
0 4
14 3
0 5
0 5
0 5
1 3
0 5
3 2
0 4
0 5
0 5
0 4
1 4
0 5
0 5
2 3
0 4
0 4
1 3
0 5
0 4
0 5
2 3
0 5
0 5
3 3
0 5
0 5
0 4
0 4
0 5
4 5
1 5
0 4
0 5
2 2
0 5
0 4
1 3
0 5
11 1
0 5
1 3
10 3
18 5
0 4
7 2
2 3
4 3
9 1
1 2
1 3
0 5
0 5
0 5
8 2
5 1
1 2
0 5
0 5
0 5
4 5
6 3
13 5
0 5
0 4
0 5
0 5
2 5
1 3
0 4
13 5
0 5
0 5
0 5
3 2
1 5
0 4
1 2
0 5
1 5
3 5
0 5
6 1
0 4
1 3
2 5
0 5
0 5
3 5
0 5
3 5
0 3
0 5
0 5
0 3
0 5
0 5
1 3
1 5
0 5
0 5
0 3
0 3
0 5
0 5
1 2
0 5
0 5
0 5
4 5
0 4
0 5
2 3
0 5
0 3
0 3
6 1
1 3
0 4
0 5
1 4
0 5
2 5
3 5
2 3
1 5
0 5
3 5
0 5
0 4
1 5
0 5
0 5
0 5
0 5
0 4
0 3
0 5
0 5
0 4
0 5
1 5
0 4
0 5
1 5
0 4
1 3
1 4
0 5
0 5
0 5
0 5
0 3
0 5
3 2
0 5
0 5
0 5
0 4
0 3
1 4
0 4
0 3
0 4
0 5
0 4
0 5
0 5
1 5
0 5
1 4
0 5
0 4
0 5
78 2
0 5
0 5
0 5
1 5
0 5
0 5
0 4
0 5
0 5
0 5
0 5
2 5
0 4
0 5
1 3
0 5
3 2
0 5
0 5
0 4
0 5
0 5
0 5
0 5
1 3
2 2
0 5
16 3
0 5
0 4
2 3
1 3
0 5
0 5
287 5
0 5
2 2
1 4
0 4
0 5
1 4
1 3
33 3
0 5
0 5
0 5
0 5
0 5
1 3
0 5
0 5
0 5
1 5
0 5
0 2
0 5
0 5
0 5
1 4
0 5
1 3
0 5
0 4
0 5
0 5
8 5
0 5
0 5
0 5
1 4
19 1
0 4
0 4
0 5
0 4
0 5
0 5
0 4
0 5
0 5
0 4
2 1
0 5
0 4
18 3
0 3
0 2
0 4
0 5
5 1
1 5
3 3
0 4
0 3
0 4
0 5
0 5
0 5
0 2
0 5
0 5
0 4
0 4
1 5
1 5
0 5
0 4
2 2
0 5
0 3
16 4
0 5
0 5
0 5
0 5
1 2
0 5
0 5
1 1
0 5
0 5
0 4
0 5
0 5
0 4
0 4
0 5
0 5
6 5
0 5
0 5
0 5
0 4
1 3
0 5
0 4
3 2
0 5
6 5
1 4
0 4
0 5
0 4
1 5
0 4
0 4
0 5
0 5
0 5
3 5
0 5
0 4
3 3
0 5
1 4
0 5
1 3
0 5
0 5
0 5
5 5
39 3
4 4
0 5
0 4
0 5
0 4
0 4
0 4
5 2
0 5
0 5
7 2
0 4
0 5
0 5
0 5
0 5
1 2
0 5
0 5
0 4
0 4
1 5
0 5
0 5
3 3
0 5
0 5
0 5
0 5
0 5
0 5
0 5
0 5
0 4
0 5
0 4
0 4
1 3
4 2
0 4
0 4
0 4
0 5
0 5
0 5
0 5
0 5
0 5
0 5
0 4
4 3
3 3
1 2
0 5
0 5
1 4
1 2
0 5
0 5
0 4
1 3
0 5
0 5
0 5
0 5
0 5
0 5
0 5
0 5
0 5
0 5
0 4
0 5
5 5
0 5
0 5
0 5
13 3
0 5
0 4
0 5
14 3
0 5
0 5
0 4
0 5
0 5
1 5
5 5
0 5
0 3
0 5
0 5
0 5
0 5
0 5
0 5
0 4
3 3
0 5
0 4
1 2
0 5
0 4
0 5
1 3
0 4
0 5
0 4
0 5
2 4
0 5
0 5
4 1
0 4
0 5
0 5
0 3
0 4
0 4
0 5
0 5
0 5
2 2
0 5
0 4
4 3
0 5
0 5
0 5
0 4
4 1
3 3
0 5
0 4
0 5
0 5
2 3
4 1
0 5
1 3
0 5
0 5
0 5
1 2
0 5
0 5
1 4
0 4
2 2
0 3
0 4
0 5
0 5
1 3
1 3
0 5
0 5
0 5
0 4
0 5
0 5
0 4
0 5
5 5
0 5
3 3
21 1
1 5
0 5
0 5
0 3
0 5
0 2
2 5
0 5
0 5
0 4
0 5
0 5
20 1
3 5
0 5
0 5
0 5
0 5
0 2
0 5
0 5
0 5
0 3
0 2
0 5
0 5
0 4
0 5
1 5
0 5
0 5
0 4
0 5
4 5
0 5
0 5
1 3
1 2
0 4
0 5
0 5
0 5
0 5
0 5
0 4
0 4
0 2
0 5
0 5
0 5
0 5
0 5
0 4
0 5
0 4
1 5
0 3
0 5
0 5
0 4
0 5
0 5
0 5
14 1
0 5
3 5
0 3
0 3
0 5
0 5
0 5
0 4
0 5
0 4
0 5
0 4
0 5
2 5
0 3
0 3
0 5
0 5
0 3
0 5
0 5
0 3
1 5
0 5
2 2
0 5
0 5
0 4
0 5
0 5
0 2
3 5
0 4
0 5
3 5
0 5
0 5
0 5
0 4
1 5
0 5
0 5
0 5
0 5
0 5
0 3
0 5
0 5
0 5
0 5
1 4
0 5
0 4
0 5
0 5
0 5
0 4
9 3
0 5
0 5
0 3
0 5
2 5
0 5
0 5
0 3
0 5
0 5
1 5
0 4
0 5
0 5
0 5
0 4
0 5
0 5
0 5
0 5
0 4
0 3
1 5
0 5
0 5
0 5
0 3
0 5
9 1
0 5
0 4
0 5
0 5
0 5
0 5
0 5
0 5
0 5
7 2
0 4
1 5
0 5
0 3
0 4
0 5
0 5
0 5
0 5
19 3
0 5
0 5
2 5
0 5
1 4
1 5
0 5
0 5
0 5
0 5
0 5
0 5
0 5
0 5
0 5
1 4
0 5
0 5
0 5
0 4
0 5
0 5
0 2
0 5
0 4
0 5
0 5
0 4
1 5
0 4
0 5
5 5
0 5
0 4
0 4
0 5
2 5
0 5
0 5
0 5
0 5
0 5
1 5
0 5
0 5
0 4
0 5
0 5
0 5
0 5
0 4
0 5
0 5
0 5
0 5
7 1
0 5
0 2
0 5
1 5
0 5
0 2
0 5
1 3
0 5
0 5
0 5
0 5
0 5
0 4
1 3
0 5
0 4
0 3
1 3
0 5
1 1
0 5
0 5
0 3
3 5
0 3
0 5
0 5
0 5
0 5
0 5
0 4
0 5
1 5
0 5
0 5
8 5
2 3
0 5
0 5
0 5
0 5
11 2
0 4
0 5
0 5
0 5
1 4
0 5
0 4
0 5
0 5
4 5
0 5
0 5
0 3
0 5
0 5
0 5
5 3
0 5
0 5
0 5
1 5
0 5
0 4
0 4
0 5
0 5
0 5
0 5
0 4
0 5
19 3
6 5
0 5
0 5
0 5
0 2
0 5
0 5
0 4
0 5
0 5
0 5
2 5
7 5
0 4
18 3
0 5
0 5
0 5
0 4
4 4
6 5
0 4
0 5
0 5
0 4
0 5
0 5
8 5
1 5
0 5
0 5
0 5
0 5
0 5
21 1
0 4
0 5
0 5
0 4
0 5
0 4
0 5
0 4
0 5
0 5
0 5
0 4
0 4
0 5
0 5
8 4
3 5
0 5
0 5
0 5
0 5
3 5
7 5
0 4
1 2
18 5
0 5
0 5
0 5
0 5
0 4
0 5
0 5
1 5
29 5
0 5
0 5
0 4
1 4
0 5
0 5
1 5
0 5
0 5
0 5
0 5
0 3
1 5
0 3
0 5
0 5
0 5
0 4
0 5
148 4
0 5
4 5
3 4
0 5
4 3
1 5
1 5
1 3
0 5
0 5
0 4
2 5
0 5
35 3
0 4
1 5
0 5
0 4
0 3
0 5
25 3
0 5
0 5
0 5
0 5
0 2
0 5
0 5
0 5
0 3
0 5
0 5
0 5
0 5
0 5
0 4
0 3
0 5
0 5
0 5
11 3
0 4
21 3
0 5
1 3
0 5
0 5
0 5
0 4
0 5
0 5
1 5
0 5
0 5
0 4
0 4
0 5
0 5
0 5
3 5
0 2
0 5
1 4
0 4
0 5
0 5
0 5
0 4
0 4
0 5
0 5
0 5
0 5
0 5
0 5
0 5
0 5
2 1
0 3
0 5
0 5
6 5
0 5
0 5
4 5
0 5
0 5
0 5
0 5
5 1
0 5
0 5
0 5
0 5
0 5
0 4
0 5
1 3
0 5
11 3
0 5
0 5
0 5
0 3
0 5
0 4
0 5
0 5
0 5
3 5
1 5
1 4
0 5
0 4
0 5
0 4
0 4
0 5
0 5
1 5
9 5
2 5
0 5
0 5
0 4
0 5
0 5
1 5
3 3
0 5
0 5
0 5
0 5
0 5
0 5
0 5
0 5
1 5
0 5
4 4
0 5
0 5
27 5
27 5
0 5
0 5
0 5
1 4
6 5
0 5
0 5
0 5
0 5
0 5
0 4
0 5
0 5
0 5
0 5
0 5
0 5
1 3
0 5
0 5
0 5
0 5
0 5
0 4
48 5
0 5
1 5
1 3
0 5
3 5
0 5
1 5
0 3
0 4
0 5
1 2
0 5
7 5
1 5
0 5
0 5
0 4
0 5
0 5
0 5
3 5
20 3
0 5
0 5
0 5
0 5
0 5
0 5
0 5
0 5
2 4
0 4
0 4
0 5
1 2
0 5
2 2
0 4
0 5
0 5
1 5
0 5
0 3
3 2
0 4
0 5
0 4
0 5
0 5
3 5
3 4
0 5
0 5
0 5
0 5
4 3
0 5
0 4
13 1
0 5
0 5
0 5
0 5
0 5
3 2
1 5
1 5
0 4
0 5
0 5
0 5
0 5
0 4
0 5
0 5
0 4
0 4
0 5
0 3
0 5
6 5
1 5
0 5
0 4
0 5
0 5
0 4
2 4
0 5
0 5
4 5
0 5
0 5
0 5
0 4
0 5
0 5
0 4
0 5
0 5
0 3
1 5
0 5
0 5
0 5
2 4
0 5
0 5
0 5
0 3
0 5
0 5
25 4
0 5
0 5
0 5
0 4
1 5
0 5
0 5
0 5
0 5
1 4
1 4
0 5
0 4
0 5
13 3
0 5
0 5
0 4
1 5
0 5
0 5
0 5
0 5
0 5
0 4
0 5
84 5
0 5
0 4
0 5
0 5
0 5
0 5
0 5
0 5
0 5
0 5
0 5
0 5
0 5
0 5
0 5
1 4
0 5
0 5
0 5
0 5
0 5
0 5
0 4
1 5
0 5
0 5
0 5
0 3
0 5
0 4
0 5
0 5
0 5
0 5
0 5
0 5
0 5
0 5
0 5
3 5
0 5
0 5
1 5
0 5
0 5
0 5
0 4
0 3
0 4
0 5
0 5
0 5
0 4
0 5
0 4
0 5
0 4
0 5
0 5
0 5
0 5
0 4
0 4
0 5
0 5
1 4
1 2
0 4
0 5
0 5
0 5
0 4
0 4
0 5
0 4
0 5
0 5
0 5
1 4
1 4
0 5
0 5
0 5
8 2
0 5
0 5
0 5
0 5
29 5
0 5
0 5
0 5
0 4
0 5
0 5
0 5
0 5
0 5
0 5
0 5
0 5
0 5
19 5
0 5
0 4
0 5
0 4
0 5
0 5
0 5
0 3
0 5
1 5
4 1
0 5
0 5
0 5
25 4
0 5
0 4
0 5
0 5
0 5
1 5
0 5
0 4
0 5
0 4
0 5
0 5
18 4
0 4
0 5
0 5
0 5
0 5
0 5
0 5
0 5
0 3
0 3
0 5
0 5
0 4
0 5
0 4
0 5
0 5
0 5
0 5
0 5
0 5
0 4
0 4
1 3
0 4
0 4
0 5
0 5
0 5
0 5
0 5
0 5
0 5
0 5
0 5
0 5
0 5
0 5
0 5
8 5
0 5
3 5
0 5
0 5
4 3
0 4
1 5
0 5
0 5
0 4
0 4
4 5
0 5
0 5
0 4
0 5
0 5
0 4
0 5
0 3
0 2
0 5
0 5
0 5
0 5
0 5
0 4
0 5
0 5
0 4
0 4
0 5
0 3
0 5
0 5
6 5
0 2
0 5
3 1
0 5
0 5
1 4
6 2
0 3
1 5
1 5
0 5
0 5
0 5
0 5
0 5
0 5
0 5
0 5
0 5
1 2
0 4
2 3
0 5
0 5
2 5
0 5
0 5
0 5
0 4
0 5
1 5
0 5
1 5
0 4
0 5
0 5
0 5
0 5
0 5
1 5
0 5
1 5
0 5
0 3
0 5
0 5
0 5
1 5
0 5
3 4
0 4
0 5
0 5
1 3
0 5
0 5
10 1
0 5
0 5
0 5
0 5
0 5
0 5
0 5
0 5
6 5
0 3
0 5
0 4
0 4
0 5
0 5
0 5
0 4
0 5
0 5
0 5
0 5
4 5
0 5
1 5
0 5
0 5
0 5
0 5
0 5
0 5
0 5
0 5
1 5
0 5
0 5
0 5
0 5
0 5
0 5
0 5
0 5
0 5
0 5
1 4
0 4
0 5
0 5
0 5
0 5
0 5
1 5
0 5
0 5
0 4
0 5
0 5
0 5
3 5
0 4
47 1
0 5
0 5
0 5
0 5
0 5
1 4
0 5
0 5
0 5
3 2
0 4
0 5
0 5
0 5
0 5
1 5
0 4
0 5
2 3
0 4
0 5
0 5
1 5
1 4
0 5
0 5
0 4
0 5
0 4
0 5
0 5
0 5
2 5
0 5
0 5
3 5
0 3
0 5
1 3
0 5
0 5
0 5
8 2
0 4
0 4
0 5
0 3
0 5
0 5
0 5
0 4
0 5
0 4
0 4
0 4
0 4
0 5
1 5
3 5
0 5
0 5
0 4
1 5
1 4
0 5
0 4
0 4
0 5
0 5
0 3
0 4
0 5
0 2
0 5
0 5
0 5
0 5
0 4
0 4
0 5
0 5
2 4
0 5
0 4
0 5
0 5
0 5
0 5
0 4
0 3
0 5
0 5
0 5
0 5
0 5
0 4
0 5
0 5
0 3
0 5
0 5
0 5
0 5
0 5
0 5
0 5
0 5
0 5
0 4
0 5
0 5
0 5
0 4
0 5
1 4
0 5
0 5
0 5
0 5
0 5
0 4
0 2
0 4
0 4
0 5
0 4
0 5
0 5
0 5
0 5
0 4
0 3
0 5
0 5
0 5
0 5
0 5
0 3
0 4
0 5
0 5
0 5
0 5
0 4
0 4
0 5
0 5
0 4
0 3
0 5
0 5
1 2
0 5
0 5
1 5
0 4
0 5
0 5
0 5
0 5
0 5
0 5
0 3
1 5
0 5
0 5
0 5
0 5
11 5
0 5
0 5
0 5
0 5
0 5
0 5
0 2
1 5
0 5
0 5
0 3
0 4
0 5
0 5
0 5
0 5
0 5
0 5
0 5
0 5
0 5
0 5
0 5
0 2
0 4
0 5
0 5
0 4
0 5
0 5
0 5
0 5
0 5
0 5
0 5
0 5
0 5
0 5
0 4
0 4
0 5
0 5
0 5
22 5
0 5
0 5
0 5
0 5
0 5
0 5
0 5
0 3
0 5
0 4
0 5
0 5
0 4
0 5
0 5
0 5
0 5
0 4
0 5
0 5
0 5
0 5
0 5
0 5
0 4
0 5
0 5
0 5
0 5
0 5
0 5
0 5
0 5
0 5
0 5
0 5
0 5
0 5
0 5
0 5
0 2
0 4
0 5
0 5
0 5
0 5
0 5
0 5
0 5
0 5
0 5
0 3
19 5
0 5
0 5
0 5
0 5
0 3
0 5
0 5
0 3
0 1
0 5
0 5
0 5
0 3
25 5
0 5
0 4
0 5
0 5
0 5
0 5
0 5
0 4
0 5
0 5
0 4
0 4
0 5
0 4
0 2
0 5
0 5
0 5
0 5
0 5
0 4
0 5
0 5
0 5
0 5
0 4
0 5
0 4
0 4
0 5
0 5
0 5
0 5
0 4
0 5
0 5
0 5
0 5
0 5
0 5
0 5
0 3
0 5
0 5
0 4
2 3
0 5
0 5
0 5
0 5
0 4
0 5
0 5
0 5
0 5
0 5
0 5
0 5
0 5
0 5
0 5
0 5
0 5
0 5
0 4
0 3
0 4
0 3
0 5
0 5
0 5
0 2
0 5
0 5
0 5
0 5
0 5
0 5
0 5
0 5
0 5
0 5
0 5
0 5
0 5
0 3
0 5
0 5
0 5
0 4
0 5
0 4
0 5
0 5
0 5
0 5
0 5
0 5
0 5
1 4
0 5
0 5
0 5
0 4
0 4
0 5
0 5
0 5
0 4
0 5
0 5
0 5
0 5
1 5
0 3
0 5
0 5
0 4
0 5
0 5
0 5
0 5
0 5
0 5
0 5
0 5
0 5
0 5
0 5
0 5
0 2
0 5
0 5
0 5
0 5
0 5
0 3
0 4
0 5
0 5
0 3
0 5
0 5
0 5
1 5
0 5
0 5
0 5
0 5
0 5
0 5
0 5
0 5
0 5
0 5
0 5
0 5
9 5
0 5
0 5
0 4
0 5
0 5
0 5
0 5
0 5
0 4
0 5
0 5
0 5
0 5
0 5
0 3
1 3
0 5
0 5
0 5
0 5
0 5
0 4
0 5
0 5
0 3
0 5
0 5
0 5
0 4
0 5
0 5
0 3
0 5
0 5
0 5
0 5
0 5
0 5
0 5
0 5
0 5
0 5
0 5
0 5
0 5
0 5
0 5
0 5
0 5
0 5
0 5
0 5
0 5
0 5
0 5
0 4
0 5
0 4
0 5
0 5
0 4
0 4
0 5
0 5
0 5
0 5
0 4
0 5
0 4
0 5
0 4
0 3
0 5
0 5
0 5
0 5
0 5
0 3
0 4
0 5
0 5
0 3
0 5
0 3
0 3
0 5
0 5
0 5
0 5
0 5
0 5
0 5
0 4
0 5
0 5
0 5
0 5
0 4
0 5
0 4
0 5
0 5
0 4
0 4
0 5
0 5
0 3
0 3
0 5
0 4
0 5
0 5
0 5
0 5
0 5
0 4
0 5
0 4
0 5
8 5
0 5
0 5
0 5
0 5
0 5
0 5
0 5
0 5
0 5
0 5
0 4
0 5
0 3
0 4
0 5
0 5
0 5
0 5
0 5
0 5
0 5
0 5
3 1
0 3
0 5
0 5
0 3
0 5
0 5
0 5
0 5
0 3
0 4
0 5
0 4
0 5
0 5
0 5
0 5
0 5
0 5
1 4
0 4
0 5
0 5
0 5
0 4
0 5
0 5
0 5
0 5
0 3
0 5
0 5
0 5
0 5
0 5
0 5
0 5
0 5
0 5
0 5
0 5
0 5
0 5
0 5
0 5
0 5
0 5
0 4
0 5
0 5
0 5
0 4
0 4
0 5
0 5
0 5
0 5
0 5
0 3
0 5
0 4
0 4
0 4
0 5
0 5
0 5
0 5
0 3
0 4
0 4
0 4
0 2
0 5
0 5
0 5
0 5
0 5
0 5
1 5
0 5
0 3
0 5
0 4
0 4
0 4
0 5
0 5
0 5
4 5
0 5
0 5
0 5
0 5
0 5
0 5
0 5
0 5
0 5
0 5
0 5
0 5
0 5
0 5
0 5
0 4
0 5
3 5
0 5
0 5
0 5
0 5
0 5
0 5
0 5
0 5
0 5
0 5
0 5
12 5
0 4
0 5
0 4
0 5
0 5
0 5
0 5
0 5
1 5
0 3
0 5
0 5
4 5
0 5
0 2
0 5
0 4
0 3
0 5
0 5
0 5
0 5
0 4
0 5
0 5
0 4
0 5
0 5
0 5
0 5
1 5
0 5
0 4
0 4
0 5
0 5
0 5
0 5
0 5
0 4
0 5
0 5
0 3
0 5
0 5
0 4
0 3
0 5
0 5
0 5
0 5
0 5
0 5
0 5
0 5
0 4
0 4
0 5
0 3
0 5
0 4
0 3
1 3
0 5
0 4
0 5
0 5
0 5
0 4
0 5
0 5
0 5
0 3
0 5
0 5
0 5
0 4
0 1
0 5
0 5
0 5
0 5
0 5
0 3
0 5
0 5
0 5
0 5
0 5
0 5
0 5
0 4
0 4
0 5
0 5
0 5
0 5
0 5
0 3
0 4
0 5
0 5
0 5
0 4
0 5
0 4
0 5
0 5
0 4
0 5
0 5
0 4
0 5
0 5
0 4
0 5
1 5
47 5
0 5
0 5
0 5
0 5
0 5
0 5
0 5
1 1
0 5
0 5
0 5
0 4
0 5
4 4
0 5
0 5
0 4
0 5
0 5
0 5
0 5
0 5
0 4
0 5
0 5
0 3
0 5
0 5
0 5
0 5
0 5
0 5
0 4
0 5
0 5
2 5
0 5
0 5
0 5
0 5
0 3
0 5
0 5
0 5
0 5
0 4
1 4
0 5
7 5
0 4
0 5
0 5
0 5
0 5
0 5
0 4
0 5
7 5
0 5
0 5
0 5
0 5
0 5
1 5
0 5
0 5
0 5
0 2
0 5
0 5
0 4
0 5
0 4
0 5
0 5
0 5
0 4
0 5
0 5
0 4
0 5
0 5
0 5
0 4
0 5
0 5
0 5
0 5
0 3
0 5
0 5
0 5
0 5
0 5
0 5
0 5
0 5
1 5
0 5
1 5
0 5
0 4
0 5
0 5
0 5
0 5
3 5
0 5
0 5
0 5
0 5
0 5
0 5
0 5
0 5
0 5
0 5
1 4
0 5
0 5
2 5
0 4
0 4
0 5
0 5
2 3
0 5
0 5
0 5
0 2
0 5
0 5
0 5
0 5
0 5
0 4
0 4
0 5
0 5
4 2
1 5
0 5
0 5
0 5
0 5
0 4
0 4
0 5
0 5
0 5
0 5
0 5
0 5
3 5
0 5
0 4
0 5
0 5
0 5
0 5
0 4
1 4
0 5
1 5
0 5
0 5
0 5
0 3
0 4
0 5
0 5
1 5
0 5
0 5
0 5
0 5
0 4
0 4
0 5
0 5
0 5
1 5
0 5
0 5
1 5
0 5
0 5
0 5
0 5
0 5
0 5
0 5
0 5
0 5
0 5
0 5
0 5
1 5
0 4
0 4
4 5
0 5
0 5
4 3
0 5
0 5
0 4
0 4
0 5
0 5
28 5
0 5
0 4
0 4
0 5
0 5
0 5
0 5
0 5
0 5
0 2
0 5
0 5
4 5
0 5
0 5
0 4
0 5
0 4
0 5
0 5
0 3
0 5
0 5
0 5
0 5
0 5
0 5
0 4
0 5
0 5
0 5
0 4
0 4
3 5
0 5
0 5
2 5
0 4
0 5
0 4
0 5
0 5
0 5
0 5
1 5
0 4
0 5
0 5
0 4
0 5
0 4
0 4
0 2
0 5
0 3
0 5
0 5
0 5
0 5
0 5
0 5
0 5
0 5
0 4
0 5
0 5
0 5
0 4
0 5
0 5
0 5
0 5
1 3
0 5
0 3
1 5
0 5
0 5
0 5
0 3
0 4
0 5
0 5
0 5
0 4
0 5
0 5
0 5
0 5
1 5
1 5
0 5
0 5
0 5
0 5
0 5
0 5
0 5
0 5
0 5
0 5
0 5
0 4
0 5
0 5
0 5
0 5
0 5
1 5
0 5
0 5
0 5
0 5
0 5
0 4
0 5
0 5
0 5
0 5
0 4
0 5
0 5
0 4
0 4
0 5
0 5
0 5
0 5
0 4
1 5
0 5
0 5
0 5
0 5
0 5
0 5
0 5
0 5
0 5
0 5
0 5
0 4
0 5
2 5
0 5
0 5
0 5
1 5
2 1
0 5
0 5
0 4
7 2
0 5
0 5
0 5
0 5
0 4
0 5
0 5
0 4
0 5
0 4
16 3
0 5
0 5
0 4
0 5
0 5
0 5
6 3
0 4
0 4
50 5
0 5
0 5
0 5
0 5
0 4
0 5
1 3
0 5
0 5
0 5
0 5
0 4
0 5
0 5
0 4
0 4
1 5
0 5
1 5
1 5
0 5
1 4
6 2
1 5
9 4
0 5
0 5
1 5
0 5
24 4
2 4
0 5
10 5
4 5
27 5
6 4
0 5
0 5
0 5
0 5
0 5
0 5
0 5
0 5
0 5
0 5
2 5
0 5
2 5
1 5
0 4
1 5
4 5
1 5
0 5
0 5
4 1
0 4
2 5
1 4
0 5
1 5
11 5
0 5
0 5
0 5
0 5
0 5
1 5
1 5
0 5
9 5
1 5
0 5
0 5
0 2
3 2
0 5
0 5
0 5
4 5
0 5
0 5
1 5
1 5
0 5
0 4
7 5
0 5
0 5
1 5
0 5
1 5
2 5
1 5
1 5
5 5
0 5
2 4
36 5
0 5
0 5
0 5
0 5
2 5
21 5
0 5
1 5
1 5
0 5
0 5
2 5
0 5
0 5
0 5
2 5
7 5
0 5
0 5
2 1
3 4
0 4
1 4
0 5
1 3
4 5
1 5
0 4
1 5
0 5
1 5
1 5
5 5
4 1
1 5
0 5
0 5
3 5
6 5
0 4
0 5
0 5
0 5
0 5
0 5
0 5
8 5
1 4
1 5
3 5
1 5
2 3
5 5
5 3
0 5
0 5
2 3
0 4
0 5
3 5
