0 5
0 5
0 5
0 5
0 4
0 5
0 3
0 4
0 5
0 5
0 5
1 5
2 5
1 5
1 4
2 3
1 5
1 5
0 5
1 5
4 5
1 5
1 5
0 3
2 2
1 5
1 5
0 5
0 4
1 4
0 5
0 5
0 5
2 5
3 5
0 5
0 5
2 5
0 5
1 5
8 1
5 5
1 4
1 5
0 5
0 5
0 5
3 5
0 5
0 5
0 5
1 5
1 5
1 5
1 5
1 5
1 5
2 5
0 4
1 5
1 5
2 5
1 5
2 1
2 5
1 5
0 5
0 5
2 5
1 5
3 5
1 5
0 5
0 5
0 5
0 5
0 5
0 5
0 5
0 5
0 5
0 5
0 5
5 4
0 5
0 5
0 5
0 5
0 5
0 4
0 5
0 5
15 1
1 5
2 5
0 5
0 5
1 5
0 5
0 5
0 5
0 5
1 5
0 5
0 5
0 4
1 5
2 5
0 5
0 5
0 4
0 5
1 3
1 4
3 5
0 5
0 5
0 5
0 5
0 3
0 5
1 5
0 5
0 5
0 5
0 5
0 5
0 5
0 5
0 5
1 5
3 5
0 5
0 5
2 5
4 4
0 5
0 5
2 5
0 5
0 5
0 5
0 5
0 5
0 5
1 5
0 5
0 5
1 5
0 5
0 5
2 5
2 3
1 5
1 5
0 5
0 5
0 5
1 5
1 5
1 5
0 5
0 5
1 5
1 4
1 5
0 5
1 4
1 5
2 3
1 5
0 5
0 5
0 5
0 5
0 5
0 5
1 5
1 5
0 4
0 5
0 5
0 5
2 5
0 5
0 5
0 4
1 5
1 5
1 5
0 5
0 5
0 5
1 5
0 5
1 5
0 5
0 3
0 5
0 5
0 5
0 5
0 4
0 5
0 5
1 5
0 5
1 5
0 5
0 5
0 5
0 5
0 5
0 5
1 5
0 5
0 5
0 5
1 5
0 5
1 5
2 5
1 5
1 5
0 5
12 5
3 5
0 5
0 5
1 4
0 5
1 5
7 5
2 5
0 5
2 5
0 5
0 5
0 5
1 5
0 5
1 5
0 5
0 5
0 5
2 5
0 4
2 5
6 1
48 5
2 4
1 5
1 5
2 5
1 5
1 5
1 4
0 3
0 5
1 5
0 5
0 5
0 5
0 4
0 5
0 5
4 5
3 5
5 5
1 5
1 5
4 5
1 5
0 5
13 5
0 5
0 5
1 4
2 4
0 5
0 5
1 5
0 4
0 5
1 5
1 5
0 5
1 5
0 5
1 5
1 5
0 5
0 4
8 2
7 2
1 5
0 5
3 5
1 5
1 5
1 5
5 5
1 5
0 5
0 5
0 5
1 5
1 5
12 1
3 5
0 4
0 5
0 5
1 5
1 4
0 5
0 5
38 5
1 5
14 5
0 5
0 4
6 5
2 5
0 5
0 5
1 5
0 5
7 5
0 4
2 5
7 5
2 5
0 5
0 5
3 5
2 5
1 4
3 5
15 5
6 5
0 5
0 4
1 3
0 5
0 5
0 5
1 5
0 5
1 5
0 5
3 5
0 5
0 5
2 5
3 5
4 5
0 5
0 5
0 5
4 5
0 5
15 5
1 5
1 5
10 2
3 5
1 5
1 5
1 5
1 5
0 5
1 5
0 5
2 5
0 5
0 4
1 4
0 5
15 5
6 1
2 5
4 5
0 5
0 5
1 5
0 5
2 5
0 5
0 5
1 5
0 5
4 5
0 5
1 3
0 5
1 5
1 5
3 5
3 4
2 5
2 5
0 5
0 5
0 5
8 5
5 5
0 5
0 5
3 4
1 5
3 5
2 5
1 5
4 5
0 5
1 5
0 5
2 5
0 5
3 5
1 4
1 5
0 5
4 5
3 5
1 5
3 5
4 5
1 5
0 5
0 5
0 5
2 3
1 5
1 5
0 5
1 4
0 5
3 5
0 5
1 5
0 5
0 5
0 5
0 5
2 4
3 5
2 4
8 5
0 5
6 5
0 5
0 5
6 5
1 5
0 5
5 5
2 5
1 5
0 5
1 5
1 5
0 5
0 4
10 1
1 5
0 5
0 4
0 5
1 5
1 5
5 1
1 5
0 5
0 5
0 5
3 4
0 5
0 4
0 5
0 5
0 5
0 5
0 5
1 5
2 5
0 5
0 5
0 5
0 5
7 5
0 5
13 5
0 5
12 1
2 5
0 4
1 5
0 5
0 5
0 5
0 5
0 5
0 5
0 5
1 5
0 5
0 5
0 5
2 5
0 5
0 5
0 5
1 5
0 5
0 5
0 5
0 4
2 5
0 5
1 5
0 5
7 1
0 5
0 5
0 5
0 5
0 5
0 5
1 5
0 5
1 5
0 5
0 5
0 5
1 5
4 5
0 5
2 5
5 5
18 5
31 5
1 5
1 5
2 5
0 5
0 5
6 5
4 5
0 5
0 5
0 5
4 4
2 5
2 5
0 5
1 5
3 5
0 5
0 5
218 5
0 4
1 5
1 5
2 5
1 5
1 5
0 5
0 5
3 5
0 5
1 5
1 5
0 5
3 5
1 5
0 5
0 5
0 5
1 5
2 3
2 5
1 5
0 5
0 5
0 5
0 5
4 5
377 5
0 5
0 4
1 5
2 5
0 5
1 5
1 5
0 5
4 5
0 5
0 5
0 5
0 5
0 5
0 3
7 5
0 5
2 5
0 5
0 5
4 3
0 5
2 5
2 5
1 5
5 4
0 5
0 5
1 5
0 5
1 5
1 5
12 5
0 5
4 5
2 4
1 5
3 5
4 4
0 5
2 5
0 5
5 5
0 5
1 5
1 5
0 4
0 5
1 5
0 5
0 5
1 5
3 5
7 5
5 5
3 5
6 3
0 5
2 5
0 5
0 5
0 5
1 5
1 4
0 5
1 4
0 5
7 5
0 5
1 5
1 3
0 5
3 5
0 5
0 5
1 5
0 5
3 5
0 5
0 5
0 5
0 5
0 5
0 5
0 5
5 5
1 5
8 4
1 5
1 5
2 5
1 5
1 5
1 5
0 5
0 5
1 5
2 5
6 5
14 5
1 5
0 5
0 5
0 5
0 5
1 5
1 5
2 5
1 5
0 5
3 5
0 5
1 4
0 5
1 5
0 5
0 5
0 5
1 5
0 5
1 5
2 5
1 5
1 5
1 5
0 5
0 5
3 5
2 5
0 5
0 5
7 5
1 5
1 5
1 5
1 4
0 5
1 5
0 5
1 5
0 5
2 5
0 5
3 5
1 4
0 5
6 5
3 5
53 5
3 5
0 5
0 5
0 5
2 5
3 5
2 5
0 5
0 5
3 5
0 5
6 5
1 5
13 5
6 5
0 4
5 5
1 5
3 5
1 5
2 5
1 5
1 5
2 5
1 5
2 5
6 3
6 4
1 5
1 5
0 5
0 5
166 5
7 5
9 5
4 5
3 5
0 5
0 5
0 5
0 5
0 5
0 5
0 5
9 1
0 5
0 5
0 5
0 5
0 5
1 5
2 5
0 5
0 5
0 5
3 5
0 5
1 5
0 5
5 5
2 5
1 5
0 5
3 5
4 5
0 5
0 5
16 4
5 5
2 5
2 5
2 4
0 5
0 5
3 5
0 5
0 5
0 5
0 5
7 5
1 3
0 5
2 5
0 5
0 5
0 5
0 5
0 5
0 5
0 5
0 5
0 5
2 5
7 5
4 5
0 5
0 5
25 2
0 5
0 5
3 5
0 5
6 4
0 5
8 5
5 5
0 5
0 5
9 5
2 5
3 5
1 4
3 5
0 5
5 5
1 5
1 5
0 5
11 5
0 5
25 5
0 5
6 5
9 5
8 5
2 5
3 5
2 5
4 5
0 5
2 5
0 5
2 5
0 5
0 5
0 5
0 5
6 5
4 5
5 5
0 5
3 5
1 5
5 5
0 5
0 5
0 5
1 5
0 5
0 5
0 5
4 5
2 4
1 5
0 5
2 5
0 5
0 5
0 5
0 5
0 5
0 5
0 5
0 5
0 5
0 5
0 5
0 5
0 5
0 5
0 4
2 4
0 5
4 5
9 5
24 5
15 5
10 5
4 5
3 5
2 5
2 5
0 5
8 2
0 5
0 5
0 5
0 5
0 5
0 5
0 3
1 5
1 5
1 5
4 5
4 5
23 5
3 5
1 5
0 5
0 5
3 5
0 5
0 5
4 5
2 5
0 5
0 5
0 5
1 5
2 5
1 5
0 5
3 5
0 5
0 5
0 5
0 5
0 5
1 5
0 5
0 5
1 4
0 5
0 5
0 5
6 5
7 5
0 5
2 5
0 5
7 5
32 5
0 5
0 5
1 5
0 5
0 5
1 5
0 5
0 5
3 5
4 5
1 5
3 5
1 5
1 5
0 5
11 5
0 5
2 5
1 5
3 5
9 5
1 5
6 5
0 5
12 3
2 5
6 5
3 5
0 5
2 5
0 5
1 5
0 5
0 5
0 5
0 5
5 5
0 5
1 5
2 3
5 4
1 5
0 5
0 5
0 4
11 5
8 5
1 5
5 4
7 1
0 5
0 5
13 5
4 4
11 5
9 5
2 5
5 5
3 5
1 5
1 5
3 5
1 5
3 5
2 5
0 5
0 5
11 5
0 5
0 5
0 5
1 5
1 5
2 5
66 3
5 5
5 5
10 5
0 5
2 5
9 5
3 3
0 5
2 5
0 5
8 5
4 5
5 5
2 5
3 5
0 5
7 5
3 5
0 5
0 5
0 5
8 3
0 5
0 5
10 5
25 2
8 4
47 5
3 5
9 5
1 5
2 4
4 5
21 5
5 5
9 4
4 5
0 5
0 5
0 5
0 5
1 5
0 5
0 5
0 5
1 5
0 5
2 5
0 5
0 3
0 5
2 5
0 5
0 5
0 5
0 5
0 5
0 5
5 2
0 5
0 5
0 5
0 5
0 5
0 5
0 5
1 4
0 5
0 5
0 5
0 5
0 5
0 5
0 5
0 5
0 5
0 5
0 5
0 5
1 4
5 1
0 5
0 5
0 5
0 4
0 5
0 5
0 5
0 5
0 5
0 5
0 5
0 5
0 5
1 5
0 5
0 5
0 5
0 5
2 5
0 5
2 4
0 5
0 5
0 5
0 5
0 5
0 5
13 3
0 5
0 5
0 5
0 5
0 5
0 4
0 5
0 5
0 5
0 5
0 5
0 5
0 5
0 5
0 5
0 5
0 5
0 5
0 5
0 5
0 5
0 5
0 5
0 5
0 5
3 1
0 5
0 5
0 5
0 5
0 5
0 5
0 5
0 5
0 5
0 5
0 5
0 5
0 5
0 5
0 5
0 5
1 5
0 5
0 5
0 5
0 5
0 5
0 5
1 3
0 5
0 5
0 5
0 5
0 5
0 5
0 5
1 4
0 5
0 5
0 5
0 5
1 5
0 5
0 5
0 5
0 5
0 5
0 5
0 5
0 5
0 5
0 5
0 5
0 5
1 5
0 5
0 5
0 5
0 5
0 5
1 5
0 5
0 5
0 5
0 5
0 5
0 5
0 5
0 5
0 5
0 4
1 5
0 5
0 5
0 5
0 5
0 5
0 5
0 5
0 5
0 5
0 5
0 5
0 5
0 5
0 4
0 5
0 5
1 5
0 5
0 5
0 5
0 5
0 5
0 5
0 5
0 5
0 5
0 5
0 5
0 5
0 5
0 5
0 5
0 5
0 5
0 5
0 5
0 5
1 5
1 5
0 5
0 5
0 5
0 5
0 5
0 5
0 5
0 5
0 5
0 5
0 5
0 5
0 5
0 5
0 5
0 5
0 5
0 5
0 5
0 5
0 5
0 5
0 5
0 5
0 5
0 5
0 5
0 5
0 5
0 5
0 5
0 5
5 5
0 5
0 5
0 5
0 5
0 5
0 5
0 5
1 5
0 5
4 5
0 5
0 5
0 5
0 5
0 5
1 5
0 5
0 5
0 5
0 5
0 5
0 5
1 5
0 5
0 5
0 5
1 5
0 5
0 5
0 5
2 5
0 5
0 5
0 5
0 5
0 5
0 5
0 5
0 5
0 5
0 5
0 5
0 5
0 5
0 5
0 5
0 5
0 5
0 5
0 5
0 5
0 5
0 5
0 5
0 5
2 5
0 5
1 5
0 5
1 5
2 5
