10 5
6 5
18 1
2 5
2 5
4 5
1 4
3 5
1 5
1 5
16 3
1 5
20 2
14 5
5 5
2 5
61 1
6 5
1 4
2 5
6 3
2 5
6 5
1 5
10 5
20 1
3 5
1 4
10 3
0 5
23 1
2 5
3 3
2 5
29 1
10 5
4 5
2 5
3 4
12 2
4 4
5 5
3 5
179 1
17 1
2 5
7 5
2 5
7 5
4 5
3 5
1 4
4 5
16 2
150 5
5 5
3 5
24 2
4 5
1 5
9 5
5 5
2 5
2 5
7 5
3 5
6 5
1 5
1 5
2 5
2 5
7 5
5 5
8 5
28 1
6 5
1 5
22 2
17 1
10 3
4 5
1 5
0 4
3 4
1 5
0 5
20 1
0 5
1 4
80 1
0 5
1 5
3 5
7 4
5 5
4 5
1 5
1 4
0 5
3 5
0 5
5 3
1 5
4 5
1 5
1 5
0 5
2 5
0 5
1 5
0 5
1 5
5 5
10 3
0 5
7 5
1 5
0 5
2 5
8 3
1 5
3 5
2 5
10 4
2 5
1 5
2 5
1 4
0 5
2 5
3 5
20 2
1 5
0 5
4 5
68 1
1 5
2 5
1 5
1 5
0 5
1 5
0 5
0 5
0 5
1 5
24 1
0 5
0 5
0 5
1 5
9 3
2 5
0 5
0 5
0 5
0 4
46 2
0 5
0 5
1 5
1 4
22 5
0 4
3 5
2 5
1 5
1 5
0 5
0 5
0 4
1 5
8 3
11 3
1 4
2 5
5 5
3 5
2 5
1 5
11 4
42 1
30 5
0 5
0 5
73 2
0 4
0 5
2 5
0 5
1 5
1 5
1 5
1 5
9 5
6 3
2 5
2 5
1 5
4 5
2 4
4 5
0 5
3 5
3 5
16 1
4 5
1 5
12 1
1 5
0 5
5 5
8 5
1 5
4 2
158 1
29 2
4 4
82 1
13 2
43 1
40 2
37 2
2 5
3 5
4 5
1 5
2 5
5 5
4 5
8 5
4 5
4 5
11 2
1 5
1 5
1 5
87 1
21 2
2 5
11 5
2 5
1 5
1 5
10 1
37 1
3 5
2 5
1 4
6 5
7 5
12 5
0 5
3 5
1 5
0 5
5 5
10 1
33 1
2 5
26 1
1 5
2 4
10 5
6 5
10 5
2 5
0 5
2 5
0 5
1 5
0 5
1 5
1 5
3 5
0 5
0 5
1 5
9 3
1 4
2 5
9 2
5 5
5 5
0 5
3 5
0 5
0 5
0 5
5 2
2 5
0 5
1 5
2 5
1 5
0 5
1 5
0 5
0 5
0 5
0 5
2 5
0 3
3 5
0 5
2 5
3 5
40 5
5 5
0 5
1 5
0 5
0 5
0 5
4 2
0 5
5 5
7 5
1 5
2 5
1 5
0 5
1 5
1 5
0 5
7 1
3 4
6 5
10 5
0 5
11 4
2 5
8 5
4 4
7 5
33 5
0 5
1 5
67 5
0 4
0 5
0 5
0 5
2 5
1 5
1 4
0 5
2 5
2 5
0 5
19 1
13 5
2 5
33 1
1 5
0 5
0 5
0 5
0 5
0 5
1634 5
3 4
0 5
2 5
0 5
15 1
1 5
3 5
0 5
3 5
2 5
4 2
3 3
0 5
0 5
18 5
0 5
4 5
0 5
6 2
0 5
0 5
12 1
0 5
0 5
2 5
0 5
9 1
1 5
3 5
0 5
0 5
2 5
1 5
0 5
0 5
0 5
0 5
0 5
181 1
7 1
16 2
3 5
2 5
0 5
0 5
2 5
9 5
0 4
0 5
15 5
4 5
3 5
0 5
0 5
1 4
0 5
4 5
0 5
318 4
2 5
2 5
2 3
0 5
3 5
0 5
27 5
1 5
2 5
0 5
3 5
3 5
6 5
40 1
5 5
5 4
0 5
2 5
3 5
4 5
1 5
5 5
1 5
0 5
0 5
15 1
0 5
0 5
1 5
0 5
26 1
17 5
0 5
1 3
0 5
0 5
2 5
0 5
0 5
2 5
0 5
0 5
0 5
0 5
12 2
0 5
1 3
0 5
0 5
0 5
0 5
0 5
6 2
0 5
6 5
0 5
3 4
0 5
0 5
0 5
0 5
0 5
0 5
0 5
0 5
1 5
0 5
0 5
0 5
0 4
32 1
0 5
0 5
0 5
10 5
0 5
0 5
0 5
0 5
0 5
0 5
0 5
0 5
0 5
0 5
0 5
0 5
12 1
0 5
0 5
0 5
1 4
0 5
0 5
0 5
0 5
1 5
0 5
0 5
0 5
0 5
0 5
0 5
0 5
0 5
0 5
0 5
1 5
0 5
0 5
1 5
0 5
0 5
0 5
0 5
18 1
0 5
2 4
5 5
0 5
0 5
0 5
3 5
1 5
0 5
0 5
0 5
63 1
0 5
1 5
1 5
9 2
4 2
0 5
0 5
0 4
0 5
0 5
1 5
