0	4	0	0
0	5	0	0
0	4	0	0
1	5	1	1
1	5	1	1
0	5	0	0
1	5	1	1
0	4	0	0
0	5	0	0
0	4	0	0
2	5	2	1
1	5	1	1
0	4	0	0
0	3	0	0
1	4	1	1
2	3	3	0.666667
1	4	1	1
1	5	1	1
0	5	0	0
1	5	1	1
2	5	3	0.666667
0	5	0	0
0	4	0	0
0	3	0	0
1	5	1	1
0	5	0	0
0	5	0	0
1	5	1	1
1	5	1	1
0	4	0	0
0	5	0	0
1	5	2	0.5
1	5	1	1
0	5	0	0
0	5	0	0
0	5	0	0
0	5	0	0
0	4	0	0
0	4	0	0
10	5	10	1
0	4	0	0
0	4	0	0
0	5	0	0
0	5	0	0
0	5	0	0
0	4	0	0
0	3	1	0
0	4	0	0
0	4	0	0
0	5	1	0
0	5	1	0
0	5	1	0
0	4	0	0
0	5	0	0
2	5	2	1
2	5	2	1
3	1	19	0.157895
3	5	4	0.75
3	5	3	1
3	5	3	1
2	5	2	1
0	5	0	0
0	4	0	0
0	5	0	0
0	4	0	0
0	5	1	0
0	5	0	0
0	5	0	0
0	5	0	0
0	5	0	0
1	5	1	1
0	4	0	0
0	5	0	0
0	5	0	0
0	5	0	0
0	4	0	0
0	5	0	0
1	5	1	1
0	5	0	0
0	4	0	0
0	5	0	0
0	5	0	0
1	4	1	1
1	5	1	1
2	5	3	0.666667
1	2	4	0.25
0	4	0	0
0	5	0	0
0	4	0	0
0	5	0	0
0	5	0	0
0	5	0	0
0	5	0	0
0	4	0	0
0	5	0	0
1	5	3	0.333333
0	1	7	0
0	4	0	0
0	4	0	0
0	4	0	0
0	3	1	0
0	4	0	0
0	5	0	0
0	5	0	0
0	5	0	0
0	5	0	0
0	5	0	0
4	5	4	1
2	5	2	1
1	5	1	1
0	4	0	0
1	3	1	1
0	5	0	0
0	5	0	0
0	5	0	0
0	5	0	0
0	5	0	0
0	5	0	0
0	5	0	0
16	5	18	0.888889
0	5	0	0
0	5	0	0
0	5	0	0
0	4	0	0
0	5	0	0
0	5	1	0
0	5	0	0
2	5	2	1
0	5	1	0
0	5	0	0
5	3	6	0.833333
0	4	0	0
1	5	1	1
0	4	0	0
3	4	4	0.75
0	5	0	0
0	5	0	0
0	5	0	0
1	5	1	1
0	5	0	0
0	5	0	0
2	5	2	1
0	4	0	0
0	5	0	0
0	5	0	0
0	5	0	0
0	5	1	0
0	4	0	0
0	5	0	0
0	5	0	0
1	5	1	1
0	5	0	0
0	5	0	0
1	5	1	1
0	5	0	0
2	5	2	1
0	5	0	0
7	5	10	0.7
0	5	0	0
9	5	10	0.9
0	5	0	0
0	5	0	0
1	5	1	1
1	5	1	1
0	5	0	0
0	5	0	0
0	5	0	0
0	5	0	0
0	5	0	0
0	4	0	0
0	5	0	0
0	5	0	0
0	5	1	0
0	5	0	0
0	5	1	0
0	5	0	0
1	5	1	1
0	5	0	0
0	3	5	0
0	3	0	0
0	5	0	0
3	4	3	1
0	5	1	0
0	5	0	0
1	5	1	1
1	5	1	1
0	5	0	0
0	4	0	0
0	4	1	0
0	5	0	0
0	5	0	0
0	5	0	0
0	5	0	0
0	5	0	0
0	5	1	0
0	5	0	0
0	5	0	0
0	3	0	0
2	5	2	1
0	5	0	0
0	5	0	0
0	4	0	0
0	5	0	0
0	5	0	0
1	5	2	0.5
0	4	0	0
0	4	0	0
0	5	0	0
0	5	0	0
0	5	0	0
0	4	1	0
0	5	0	0
1	5	2	0.5
0	5	0	0
0	5	0	0
0	5	0	0
4	4	7	0.571429
0	5	0	0
0	5	0	0
0	5	0	0
0	5	0	0
0	4	0	0
0	5	0	0
0	5	0	0
0	4	0	0
2	5	3	0.666667
0	5	1	0
1	5	2	0.5
0	5	0	0
3	5	3	1
0	4	0	0
0	5	0	0
0	5	0	0
1	5	1	1
0	5	0	0
0	5	0	0
0	5	0	0
0	5	0	0
0	5	0	0
2	2	20	0.1
2	4	4	0.5
1	5	1	1
1	5	1	1
0	5	0	0
1	5	1	1
0	5	0	0
0	5	0	0
0	5	0	0
0	5	0	0
0	5	0	0
1	5	2	0.5
0	5	0	0
3	5	4	0.75
2	5	2	1
0	5	0	0
10	5	11	0.909091
0	5	0	0
1	5	1	1
0	4	0	0
11	5	12	0.916667
6	5	6	1
1	5	2	0.5
0	5	0	0
0	5	0	0
1	5	1	1
5	5	6	0.833333
0	5	0	0
0	5	0	0
0	4	1	0
0	5	0	0
0	5	1	0
2	5	2	1
0	5	0	0
0	5	0	0
0	5	0	0
0	5	0	0
0	5	0	0
0	5	0	0
0	5	1	0
2	5	3	0.666667
0	5	0	0
0	5	0	0
0	5	0	0
0	5	0	0
0	5	0	0
0	4	0	0
0	5	0	0
4	5	5	0.8
7	5	9	0.777778
0	4	0	0
0	5	0	0
1	5	1	1
0	3	0	0
0	5	0	0
0	3	0	0
0	5	0	0
0	5	0	0
0	5	0	0
0	5	0	0
0	5	0	0
0	5	0	0
0	5	0	0
0	5	0	0
0	3	0	0
1	5	1	1
0	5	0	0
0	5	0	0
0	4	0	0
0	5	0	0
2	5	2	1
1	5	1	1
0	5	0	0
0	5	0	0
0	5	0	0
0	5	0	0
0	5	0	0
0	5	0	0
0	4	0	0
0	5	0	0
0	5	0	0
0	4	0	0
1	5	1	1
0	5	0	0
0	5	0	0
0	4	0	0
0	5	0	0
0	5	0	0
2	4	2	1
1	5	2	0.5
0	4	0	0
0	5	0	0
0	5	0	0
1	3	1	1
2	5	3	0.666667
0	5	0	0
0	4	0	0
1	5	1	1
0	5	0	0
0	4	0	0
0	5	0	0
0	4	3	0
0	5	0	0
110	1	172	0.639535
0	4	0	0
0	4	0	0
2	5	2	1
0	5	0	0
0	4	0	0
1	5	1	1
0	5	0	0
0	5	0	0
0	2	3	0
0	5	0	0
0	5	0	0
0	4	0	0
1	5	1	1
1	5	6	0.166667
0	4	0	0
0	5	0	0
0	4	0	0
0	5	0	0
1	5	1	1
0	5	0	0
1	3	5	0.2
2	5	3	0.666667
0	5	0	0
1	5	1	1
0	4	0	0
0	3	0	0
0	5	0	0
0	5	0	0
0	5	0	0
0	5	0	0
0	5	0	0
0	5	0	0
0	5	0	0
0	5	0	0
0	5	0	0
0	5	0	0
0	5	0	0
0	4	0	0
1	5	1	1
3	5	3	1
0	4	0	0
0	5	0	0
0	5	2	0
2	5	2	1
0	5	0	0
0	5	0	0
1	5	1	1
0	5	0	0
0	5	0	0
0	5	0	0
0	5	0	0
1	5	1	1
0	4	0	0
0	5	0	0
3	5	3	1
0	5	0	0
0	5	0	0
0	5	0	0
2	1	18	0.111111
0	5	0	0
0	5	0	0
1	5	1	1
2	5	2	1
1	5	1	1
0	4	0	0
0	5	0	0
0	5	0	0
0	3	1	0
0	3	0	0
0	5	0	0
0	5	0	0
0	5	0	0
0	5	0	0
0	5	0	0
2	4	3	0.666667
0	5	0	0
0	5	0	0
1	5	1	1
1	4	1	1
0	5	0	0
0	3	1	0
0	4	0	0
0	5	0	0
0	5	0	0
0	5	0	0
0	4	0	0
0	4	0	0
0	4	0	0
0	5	0	0
0	4	0	0
2	4	2	1
1	5	3	0.333333
1	5	1	1
0	4	0	0
0	5	0	0
4	5	5	0.8
1	4	1	1
0	5	0	0
0	5	0	0
0	5	0	0
0	5	0	0
0	5	0	0
0	5	0	0
2	5	2	1
0	5	1	0
0	5	0	0
1	5	1	1
0	5	0	0
0	5	0	0
0	5	0	0
0	5	0	0
0	5	0	0
0	5	0	0
0	4	0	0
0	4	1	0
0	5	1	0
0	3	0	0
0	5	0	0
0	5	0	0
1	1	14	0.0714286
0	5	0	0
0	3	0	0
0	5	1	0
0	5	0	0
0	5	1	0
1	5	1	1
0	5	0	0
1	5	1	1
0	5	1	0
0	5	2	0
1	5	1	1
0	5	1	0
0	5	1	0
0	5	0	0
0	4	0	0
2	5	2	1
2	3	4	0.5
12	5	14	0.857143
0	4	0	0
0	4	0	0
0	5	0	0
0	5	0	0
0	5	0	0
0	5	0	0
0	5	0	0
1	5	1	1
0	5	0	0
0	5	1	0
1	5	2	0.5
0	5	0	0
3	5	3	1
0	4	2	0
0	5	0	0
0	4	0	0
0	5	0	0
0	5	0	0
0	4	0	0
0	5	0	0
0	5	0	0
0	5	0	0
0	5	0	0
0	5	0	0
0	4	1	0
0	5	0	0
6	5	8	0.75
0	5	0	0
0	5	0	0
0	5	0	0
0	5	1	0
0	5	0	0
0	5	0	0
0	5	0	0
0	5	0	0
1	5	1	1
0	4	1	0
0	4	0	0
0	4	0	0
0	5	0	0
10	5	12	0.833333
0	5	1	0
0	5	0	0
0	5	0	0
0	5	0	0
1	5	1	1
1	5	1	1
0	5	1	0
9	5	10	0.9
9	5	13	0.692308
1	5	1	1
1	5	1	1
2	5	3	0.666667
1	5	2	0.5
7	5	7	1
7	5	7	1
2	5	3	0.666667
0	5	0	0
0	4	0	0
0	5	0	0
6	5	9	0.666667
0	5	0	0
7	5	7	1
0	5	0	0
0	5	0	0
0	5	0	0
0	4	0	0
0	4	1	0
0	5	0	0
5	1	22	0.227273
18	1	53	0.339623
3	5	4	0.75
3	4	3	1
0	5	0	0
0	5	1	0
0	5	1	0
0	4	0	0
0	4	0	0
0	5	0	0
0	3	0	0
0	4	0	0
0	4	0	0
0	3	1	0
0	5	0	0
2	2	5	0.4
0	4	0	0
2	4	3	0.666667
0	4	0	0
0	5	0	0
3	5	4	0.75
0	5	0	0
0	5	0	0
2	5	2	1
0	5	0	0
9	5	10	0.9
0	5	1	0
0	5	0	0
0	5	0	0
1	4	1	1
0	5	0	0
1	5	1	1
2	5	3	0.666667
2	5	2	1
2	5	3	0.666667
0	5	0	0
0	4	0	0
0	3	0	0
0	5	0	0
0	5	0	0
1	4	1	1
0	4	0	0
1	5	1	1
0	4	0	0
0	4	0	0
0	5	0	0
6	5	6	1
3	5	3	1
1	5	1	1
4	5	6	0.666667
20	5	34	0.588235
5	5	7	0.714286
1	5	2	0.5
0	5	0	0
0	5	0	0
0	5	0	0
0	5	1	0
0	4	2	0
2	5	2	1
0	5	0	0
0	5	0	0
1	5	2	0.5
4	4	8	0.5
13	5	13	1
3	5	4	0.75
21	5	25	0.84
4	5	4	1
1	5	1	1
0	5	0	0
0	3	0	0
0	3	0	0
0	3	0	0
0	3	1	0
0	3	0	0
0	5	1	0
0	4	0	0
0	4	0	0
7	4	9	0.777778
0	5	1	0
1	5	3	0.333333
0	2	3	0
4	5	4	1
0	5	0	0
1	5	2	0.5
0	5	1	0
2	5	4	0.5
0	5	0	0
0	5	0	0
1	5	1	1
0	4	0	0
0	5	0	0
1	5	2	0.5
4	5	4	1
2	5	2	1
4	2	11	0.363636
6	5	6	1
1	5	3	0.333333
0	5	0	0
0	5	0	0
2	2	4	0.5
0	5	0	0
2	5	2	1
1	4	3	0.333333
1	5	3	0.333333
0	4	0	0
0	5	1	0
0	5	1	0
0	4	0	0
2	1	10	0.2
0	4	0	0
0	5	0	0
1	5	1	1
1	5	1	1
0	4	0	0
3	5	3	1
1	5	1	1
1	5	2	0.5
0	5	0	0
2	5	2	1
0	5	0	0
4	5	5	0.8
6	4	8	0.75
0	5	0	0
4	5	4	1
1	5	3	0.333333
0	5	0	0
0	5	0	0
2	5	2	1
1	5	1	1
0	5	1	0
0	4	0	0
0	4	0	0
1	4	1	1
0	5	0	0
1	5	1	1
1	5	2	0.5
1	5	1	1
1	5	1	1
2	5	2	1
0	5	0	0
0	5	2	0
8	5	8	1
13	5	14	0.928571
1	5	1	1
0	5	2	0
2	2	6	0.333333
1	5	1	1
1	5	2	0.5
0	5	0	0
0	5	0	0
0	5	0	0
0	5	0	0
1	5	1	1
0	5	2	0
0	5	0	0
0	5	0	0
0	5	0	0
0	5	0	0
0	5	4	0
0	5	0	0
0	5	1	0
0	5	0	0
0	5	0	0
