2	5	2	1
1	5	1	1
0	4	1	0
0	5	0	0
1	3	2	0.5
0	5	0	0
0	5	0	0
0	5	1	0
0	3	4	0
0	4	1	0
0	5	0	0
2	5	2	1
0	5	0	0
1	5	2	0.5
0	5	0	0
0	5	1	0
0	4	0	0
0	5	0	0
1	5	1	1
0	5	1	0
0	4	0	0
0	4	0	0
2	4	2	1
2	4	2	1
0	5	0	0
0	4	0	0
0	4	0	0
0	5	0	0
0	5	0	0
0	5	0	0
0	4	0	0
3	5	3	1
1	4	2	0.5
1	5	1	1
2	5	3	0.666667
0	5	0	0
0	4	0	0
2	5	2	1
0	5	0	0
0	4	2	0
0	3	0	0
0	5	0	0
1	4	1	1
0	5	0	0
0	5	1	0
1	4	3	0.333333
0	4	3	0
3	3	4	0.75
2	4	2	1
0	4	2	0
0	4	1	0
0	5	0	0
1	5	2	0.5
3	5	4	0.75
0	4	2	0
0	4	1	0
0	4	0	0
1	4	1	1
0	4	0	0
0	5	2	0
0	3	2	0
0	5	0	0
0	4	0	0
0	3	0	0
0	3	0	0
0	3	1	0
0	4	0	0
0	5	0	0
0	5	0	0
0	5	1	0
0	4	0	0
3	2	5	0.6
0	5	0	0
0	5	0	0
0	3	0	0
2	1	10	0.2
0	4	0	0
1	5	1	1
0	5	0	0
0	4	0	0
0	5	0	0
0	5	0	0
0	5	0	0
0	4	0	0
1	5	3	0.333333
25	1	45	0.555556
2	4	2	1
1	5	1	1
0	5	0	0
0	4	0	0
0	3	0	0
6	1	18	0.333333
0	5	0	0
0	5	0	0
1	5	1	1
1	3	2	0.5
1	5	1	1
1	5	1	1
1	4	2	0.5
1	4	1	1
0	4	1	0
1	5	1	1
0	4	0	0
1	5	1	1
0	5	1	0
0	4	0	0
0	5	0	0
0	5	0	0
0	3	0	0
0	4	0	0
2	1	8	0.25
0	5	0	0
1	5	1	1
0	5	1	0
0	4	0	0
7	5	8	0.875
0	5	0	0
1	5	1	1
1	5	1	1
1	5	1	1
0	5	0	0
1	5	1	1
0	5	0	0
0	4	1	0
0	5	1	0
0	4	0	0
2	2	6	0.333333
0	5	0	0
1	5	1	1
0	4	0	0
1	5	1	1
2	1	10	0.2
1	1	8	0.125
1	4	1	1
1	1	8	0.125
0	5	0	0
0	5	0	0
0	5	0	0
0	4	0	0
0	5	0	0
0	5	0	0
0	3	0	0
0	5	0	0
0	5	1	0
0	4	1	0
1	5	1	1
1	4	1	1
0	4	0	0
3	4	5	0.6
1	5	1	1
1	2	3	0.333333
0	5	0	0
0	5	0	0
2	5	2	1
9	4	10	0.9
0	5	0	0
1	5	1	1
2	5	2	1
0	5	0	0
0	4	1	0
2	5	4	0.5
0	4	0	0
0	5	0	0
0	4	1	0
3	1	16	0.1875
0	5	0	0
0	4	0	0
0	5	0	0
0	5	0	0
0	4	0	0
0	5	0	0
0	4	0	0
0	5	0	0
2	4	3	0.666667
7	2	11	0.636364
1	5	1	1
5	5	5	1
1	1	20	0.05
1	5	1	1
1	5	2	0.5
0	4	0	0
2	5	2	1
0	5	0	0
0	4	0	0
0	4	1	0
5	5	5	1
5	5	7	0.714286
0	5	0	0
51	5	63	0.809524
1132	5	1179	0.960136
0	5	1	0
0	4	0	0
0	5	0	0
0	5	1	0
0	4	0	0
0	4	0	0
0	5	0	0
0	3	0	0
0	5	0	0
0	4	0	0
1	4	1	1
0	4	0	0
0	5	0	0
2	1	9	0.222222
0	4	0	0
0	5	0	0
0	5	0	0
1	2	3	0.333333
1	5	1	1
0	5	0	0
0	5	0	0
0	4	0	0
5	5	5	1
0	5	0	0
0	4	0	0
0	4	0	0
0	5	0	0
1	5	1	1
0	5	0	0
0	5	0	0
0	5	0	0
0	5	0	0
1	3	3	0.333333
0	5	0	0
0	4	1	0
0	4	0	0
2	5	4	0.5
2	4	3	0.666667
0	4	1	0
0	5	0	0
1	5	1	1
0	4	0	0
0	5	0	0
0	4	0	0
0	5	0	0
0	5	0	0
2	1	9	0.222222
0	5	0	0
0	4	1	0
1	5	1	1
1	5	1	1
0	5	1	0
0	4	0	0
0	5	0	0
0	5	0	0
0	5	0	0
0	5	0	0
0	5	0	0
0	5	0	0
0	5	0	0
0	4	0	0
2	5	3	0.666667
3	1	11	0.272727
0	5	0	0
0	3	0	0
0	4	0	0
0	3	0	0
0	4	1	0
0	4	1	0
0	4	0	0
0	4	1	0
2	2	4	0.5
1	2	2	0.5
3	2	7	0.428571
0	5	2	0
2	5	4	0.5
0	4	0	0
0	5	0	0
1	5	3	0.333333
0	5	1	0
1	5	2	0.5
0	5	0	0
1	3	2	0.5
24	5	29	0.827586
0	4	0	0
0	3	0	0
0	5	0	0
0	5	0	0
0	5	0	0
0	5	0	0
6	5	8	0.75
0	5	1	0
0	5	0	0
1	5	1	1
0	5	0	0
0	5	0	0
1	5	3	0.333333
1	5	1	1
0	3	1	0
0	3	0	0
0	2	4	0
0	3	0	0
0	5	1	0
0	5	0	0
1	5	1	1
0	5	0	0
0	2	2	0
0	4	0	0
0	5	0	0
0	5	0	0
0	4	0	0
0	4	0	0
0	5	0	0
0	4	0	0
0	4	1	0
0	4	0	0
3	5	3	1
0	5	0	0
1	5	1	1
0	5	0	0
526	5	562	0.935943
1	5	2	0.5
0	5	0	0
0	5	0	0
0	3	2	0
3	5	4	0.75
0	3	0	0
2	5	2	1
1	4	1	1
0	4	1	0
1	4	1	1
0	5	0	0
0	4	0	0
0	4	0	0
0	4	0	0
10	5	12	0.833333
0	5	0	0
8	5	10	0.8
0	4	0	0
0	5	0	0
4	5	26	0.153846
0	5	1	0
0	4	0	0
0	4	0	0
0	4	0	0
0	5	0	0
3	4	3	1
0	4	1	0
0	4	1	0
1	4	1	1
0	4	0	0
0	3	0	0
0	4	0	0
1	4	1	1
0	5	0	0
4	5	4	1
1	5	1	1
0	5	0	0
0	5	0	0
4	5	4	1
0	5	0	0
1	5	1	1
0	5	0	0
0	4	0	0
0	5	0	0
0	5	0	0
1	5	1	1
1	4	2	0.5
1	4	1	1
1	5	1	1
1	4	1	1
1	5	1	1
7	5	9	0.777778
0	5	0	0
2	5	2	1
0	4	1	0
0	5	0	0
0	5	0	0
1	5	1	1
0	4	0	0
0	4	0	0
0	5	0	0
1	4	1	1
1	4	1	1
0	5	0	0
3	4	3	1
0	5	0	0
0	5	0	0
0	5	0	0
3	5	4	0.75
0	5	0	0
4	5	4	1
0	4	0	0
5	5	6	0.833333
0	5	3	0
1	3	1	1
5	1	22	0.227273
1	5	1	1
2	5	3	0.666667
1	5	2	0.5
1	5	1	1
0	4	0	0
0	5	2	0
0	4	0	0
0	4	1	0
0	5	0	0
0	5	0	0
2	5	2	1
0	4	0	0
2	5	2	1
1	5	1	1
0	5	0	0
0	4	1	0
6	1	42	0.142857
0	4	1	0
0	5	2	0
0	5	1	0
0	4	0	0
0	4	1	0
1	5	1	1
1	3	1	1
0	5	0	0
0	4	0	0
0	4	0	0
0	5	0	0
0	5	0	0
0	3	0	0
0	3	0	0
5	5	5	1
0	4	0	0
1	5	2	0.5
0	5	0	0
1	5	1	1
1	3	2	0.5
2	5	2	1
0	5	0	0
0	5	0	0
1	5	1	1
0	5	0	0
0	5	0	0
2	5	2	1
0	5	0	0
1	5	1	1
2	4	2	1
0	3	0	0
1	4	2	0.5
1	5	2	0.5
0	4	0	0
0	5	0	0
0	3	0	0
0	4	1	0
0	3	0	0
0	5	0	0
1	2	5	0.2
0	5	0	0
0	5	0	0
0	4	0	0
0	5	0	0
0	5	1	0
1	1	7	0.142857
2	5	2	1
1	5	1	1
0	5	0	0
0	5	0	0
1	3	1	1
3	5	4	0.75
0	5	0	0
1	4	4	0.25
1	5	3	0.333333
0	5	0	0
9	5	11	0.818182
1	5	2	0.5
6	1	17	0.352941
1	5	2	0.5
2	5	2	1
0	4	0	0
1	5	1	1
5	5	6	0.833333
1	4	1	1
0	4	0	0
0	4	1	0
0	5	0	0
0	5	0	0
1	5	1	1
0	5	0	0
2	5	2	1
0	5	0	0
1	5	1	1
1	5	1	1
0	5	0	0
0	5	0	0
1	5	1	1
0	5	0	0
1	4	1	1
0	5	0	0
0	5	0	0
3	5	4	0.75
2	4	3	0.666667
0	5	0	0
2	5	2	1
0	5	0	0
0	5	0	0
0	5	0	0
2	5	2	1
7	2	8	0.875
0	4	0	0
5	4	6	0.833333
0	5	0	0
1	5	1	1
1	5	1	1
0	4	0	0
0	5	0	0
0	5	0	0
10	5	14	0.714286
0	5	0	0
0	5	0	0
0	4	0	0
0	5	1	0
0	5	0	0
0	4	0	0
0	5	0	0
1	2	6	0.166667
0	3	0	0
0	5	0	0
1	4	1	1
3	4	3	1
0	4	0	0
0	5	0	0
0	4	1	0
19	5	23	0.826087
0	5	0	0
0	4	0	0
0	1	6	0
0	5	0	0
0	5	0	0
0	5	0	0
0	5	0	0
0	3	1	0
0	2	3	0
0	4	1	0
0	5	0	0
0	5	0	0
3	5	3	1
1	4	1	1
2	4	4	0.5
0	5	0	0
1	3	2	0.5
7	4	9	0.777778
0	5	0	0
1	4	1	1
0	3	1	0
1	5	1	1
0	5	0	0
1	5	1	1
1	5	2	0.5
0	5	0	0
4	1	15	0.266667
0	5	1	0
2	4	3	0.666667
0	5	1	0
0	5	1	0
0	5	1	0
1	3	2	0.5
1	4	1	1
0	3	0	0
2	4	2	1
1	4	1	1
0	5	1	0
0	5	1	0
0	5	1	0
2	5	2	1
0	5	1	0
0	4	1	0
3	4	3	1
2	5	2	1
0	5	1	0
1	5	1	1
1	4	2	0.5
0	4	0	0
5	5	5	1
0	5	1	0
1	5	2	0.5
2	4	3	0.666667
0	5	0	0
2	4	2	1
0	5	0	0
3	3	5	0.6
1	5	1	1
3	5	4	0.75
2	4	2	1
0	5	0	0
0	5	0	0
0	4	0	0
0	5	0	0
1	4	2	0.5
0	5	0	0
0	4	0	0
2	4	2	1
1	4	2	0.5
0	5	0	0
1	4	2	0.5
3	4	3	1
1	5	2	0.5
0	3	0	0
1	4	1	1
0	5	0	0
0	4	0	0
0	5	0	0
3	5	3	1
1	4	1	1
1	5	1	1
0	4	0	0
1	5	1	1
1	5	1	1
0	4	0	0
0	4	0	0
0	3	0	0
1	5	2	0.5
1	5	1	1
0	5	0	0
0	3	0	0
0	5	1	0
0	4	0	0
2	4	3	0.666667
1	5	1	1
82	5	103	0.796117
0	5	0	0
1	5	1	1
0	4	0	0
0	4	0	0
3	3	5	0.6
1	2	10	0.1
1	5	1	1
0	5	1	0
5	5	5	1
0	5	0	0
2	4	2	1
1	4	1	1
0	4	0	0
0	5	0	0
2	5	2	1
0	4	3	0
0	5	1	0
0	5	0	0
0	5	0	0
0	4	0	0
1	5	1	1
1	5	1	1
0	5	0	0
5	4	7	0.714286
0	5	0	0
33	4	39	0.846154
1	5	3	0.333333
3	5	4	0.75
1	4	1	1
0	5	1	0
0	4	0	0
0	4	0	0
1	4	1	1
0	4	0	0
0	4	0	0
1	1	7	0.142857
0	4	0	0
0	5	0	0
0	3	0	0
0	4	0	0
0	5	0	0
0	3	0	0
0	4	0	0
1	1	7	0.142857
1	5	1	1
0	4	0	0
0	4	0	0
2	2	3	0.666667
0	4	0	0
0	4	0	0
3	5	4	0.75
0	4	0	0
1	5	2	0.5
2	4	2	1
5	1	17	0.294118
2	5	4	0.5
0	5	0	0
0	5	0	0
4	5	10	0.4
0	4	0	0
0	5	0	0
1	4	1	1
0	4	4	0
0	5	0	0
0	4	0	0
0	5	0	0
0	4	0	0
0	3	0	0
0	4	0	0
1	4	1	1
0	4	0	0
1	4	1	1
2	4	3	0.666667
3	1	11	0.272727
0	4	0	0
0	3	0	0
1	5	1	1
0	5	0	0
1	5	1	1
0	5	0	0
0	5	0	0
0	5	0	0
0	5	0	0
0	5	0	0
0	5	0	0
0	5	0	0
0	5	0	0
0	5	0	0
0	5	0	0
0	3	0	0
0	5	0	0
0	4	0	0
0	5	0	0
0	5	0	0
0	5	0	0
0	5	0	0
3	5	3	1
0	5	0	0
2	5	2	1
0	5	0	0
0	5	0	0
0	5	0	0
0	5	0	0
0	5	0	0
0	5	0	0
0	5	0	0
0	5	0	0
0	5	0	0
0	4	0	0
0	5	0	0
0	5	0	0
0	5	0	0
0	5	0	0
0	5	0	0
0	5	0	0
0	4	0	0
0	5	0	0
0	5	0	0
0	5	0	0
0	3	0	0
0	5	0	0
0	5	0	0
15	1	33	0.454545
0	5	0	0
0	5	0	0
0	5	0	0
0	5	0	0
0	5	0	0
0	5	0	0
14	4	20	0.7
0	5	1	0
0	5	0	0
1	2	3	0.333333
0	5	0	0
0	5	0	0
0	5	0	0
