1	5	2	0.5
1	4	3	0.333333
6	5	8	0.75
1	5	2	0.5
0	5	1	0
0	5	1	0
2	3	29	0.0689655
3	5	5	0.6
0	5	1	0
0	5	1	0
3	5	5	0.6
3	5	5	0.6
1	4	1	1
0	4	1	0
2	5	3	0.666667
4	3	8	0.5
2	5	2	1
0	5	1	0
2	5	5	0.4
1	5	2	0.5
1	5	2	0.5
3	5	4	0.75
2	4	3	0.666667
1	5	1	1
4	5	4	1
3	5	5	0.6
2	4	5	0.4
3	5	5	0.6
5	5	7	0.714286
1	5	1	1
2	5	4	0.5
4	5	5	0.8
8	5	9	0.888889
7	5	9	0.777778
3	5	3	1
1	5	1	1
2	5	4	0.5
2	4	5	0.4
0	5	0	0
1	5	2	0.5
0	5	0	0
4	5	4	1
2	2	12	0.166667
4	5	5	0.8
1	5	1	1
2	5	3	0.666667
3	5	3	1
1	4	1	1
3	5	3	1
1	5	1	1
0	5	0	0
12	3	19	0.631579
1	5	2	0.5
2	5	4	0.5
1	5	1	1
1	5	4	0.25
1	5	4	0.25
1	4	1	1
0	4	0	0
0	4	0	0
0	5	0	0
0	5	0	0
2	5	4	0.5
1	5	2	0.5
1	5	1	1
0	5	0	0
3	5	4	0.75
1	5	1	1
0	5	0	0
0	4	0	0
1	4	1	1
1	5	1	1
0	4	0	0
2	5	2	1
1	5	1	1
3	5	3	1
12	1	56	0.214286
3	5	3	1
5	5	6	0.833333
1	5	8	0.125
2	5	2	1
1	4	1	1
2	5	2	1
1	5	1	1
1	4	4	0.25
1	5	1	1
0	4	0	0
0	5	0	0
0	4	0	0
2	5	2	1
3	5	3	1
3	5	3	1
5	5	5	1
4	5	4	1
1	5	2	0.5
1	5	2	0.5
1	5	1	1
2	5	2	1
249	5	277	0.898917
3	5	4	0.75
2	5	3	0.666667
2	5	4	0.5
8	5	10	0.8
1	5	2	0.5
1	5	2	0.5
1	5	4	0.25
2	5	4	0.5
2	5	4	0.5
1	5	2	0.5
2	5	3	0.666667
1	5	2	0.5
2	5	4	0.5
5	5	6	0.833333
1	5	2	0.5
1	5	3	0.333333
1	5	3	0.333333
1	5	2	0.5
3	2	17	0.176471
4	3	6	0.666667
1	5	2	0.5
1	5	2	0.5
1	5	2	0.5
1	4	3	0.333333
2	5	3	0.666667
2	5	3	0.666667
0	5	1	0
0	5	1	0
0	5	1	0
0	4	1	0
1	4	2	0.5
0	4	1	0
5	1	38	0.131579
1	5	3	0.333333
0	4	1	0
1	4	3	0.333333
1	5	2	0.5
0	5	1	0
0	5	1	0
1	5	2	0.5
1	5	2	0.5
1	5	2	0.5
1	5	2	0.5
1	4	2	0.5
1	5	2	0.5
0	5	1	0
1	5	2	0.5
2	5	3	0.666667
1	5	2	0.5
1	4	3	0.333333
0	5	0	0
1	4	1	1
0	4	0	0
0	5	0	0
0	3	1	0
0	4	0	0
0	4	0	0
0	4	0	0
0	4	0	0
0	4	0	0
0	4	0	0
0	4	1	0
0	4	0	0
0	4	0	0
1	4	3	0.333333
5	3	8	0.625
1	4	2	0.5
0	4	0	0
0	5	0	0
0	4	0	0
0	4	1	0
1	5	1	1
0	4	1	0
0	5	1	0
0	5	0	0
0	5	0	0
2	4	5	0.4
2	5	2	1
1	4	1	1
0	5	0	0
0	4	0	0
0	4	0	0
0	5	0	0
7	1	49	0.142857
1	5	1	1
4	5	4	1
9	2	20	0.45
0	5	1	0
1	5	1	1
0	5	0	0
1	4	3	0.333333
1	5	1	1
0	5	0	0
2	5	2	1
0	5	1	0
5	3	18	0.277778
1	5	1	1
0	5	0	0
0	5	1	0
0	4	0	0
8	1	51	0.156863
0	5	1	0
0	5	0	0
0	4	5	0
0	5	0	0
10	1	60	0.166667
1	5	1	1
0	5	1	0
1	5	1	1
2	5	2	1
1	4	4	0.25
1	4	1	1
1	5	1	1
2	5	2	1
1	5	2	0.5
0	5	0	0
1	5	1	1
0	4	0	0
1	5	2	0.5
2	5	2	1
0	4	0	0
2	4	4	0.5
0	5	0	0
8	1	46	0.173913
1	5	2	0.5
0	5	0	0
1	5	1	1
3	5	3	1
0	5	1	0
0	5	1	0
3	4	6	0.5
1	5	1	1
5	3	8	0.625
1	5	1	1
0	4	1	0
66	1	205	0.321951
4	4	4	1
6	1	54	0.111111
0	4	0	0
1	5	2	0.5
1	5	1	1
0	5	0	0
0	5	0	0
3	2	16	0.1875
3	5	4	0.75
2	4	2	1
0	5	0	0
0	4	1	0
2	5	2	1
0	3	8	0
1	5	2	0.5
1	5	1	1
0	5	0	0
2	5	3	0.666667
0	5	0	0
1	5	2	0.5
6	5	6	1
0	5	0	0
2	5	4	0.5
1	5	2	0.5
0	5	0	0
1	4	3	0.333333
1	5	1	1
0	5	0	0
1	5	1	1
0	4	0	0
1	5	1	1
0	5	0	0
1	4	1	1
1	5	1	1
0	5	0	0
2	5	2	1
1	5	1	1
0	5	0	0
3	5	4	0.75
0	4	0	0
0	5	0	0
0	5	0	0
3	5	3	1
4	5	4	1
5	1	55	0.0909091
1	5	1	1
1	5	1	1
0	5	0	0
0	5	0	0
3	1	52	0.0576923
1	3	2	0.5
3	5	3	1
0	5	0	0
0	3	6	0
0	5	0	0
0	5	0	0
1	5	1	1
1	5	2	0.5
1	5	2	0.5
0	5	0	0
2	5	2	1
1	4	2	0.5
0	5	1	0
1	5	1	1
0	5	0	0
1	5	3	0.333333
0	5	0	0
0	5	0	0
0	4	1	0
0	4	0	0
38	5	42	0.904762
1	5	2	0.5
1	5	1	1
0	5	0	0
0	5	0	0
0	5	0	0
2	4	2	1
2	4	3	0.666667
3	5	4	0.75
0	4	0	0
0	5	0	0
2	4	2	1
0	3	1	0
1	4	1	1
0	4	0	0
0	5	1	0
0	5	1	0
0	5	0	0
0	5	0	0
5	2	16	0.3125
0	5	0	0
0	5	0	0
1	5	1	1
1	5	1	1
4	5	4	1
0	4	13	0
0	5	0	0
8	5	10	0.8
7	3	11	0.636364
1	3	3	0.333333
1	4	3	0.333333
1	4	1	1
0	5	0	0
0	5	0	0
0	4	0	0
2	5	2	1
1	5	1	1
337	5	359	0.938719
1	5	2	0.5
1	5	4	0.25
8	1	55	0.145455
3	5	3	1
1	5	3	0.333333
1	5	2	0.5
1	4	3	0.333333
2	5	3	0.666667
1	5	2	0.5
1	4	2	0.5
2	5	3	0.666667
2	5	3	0.666667
5	1	47	0.106383
2	5	6	0.333333
1	3	8	0.125
1	5	1	1
1	5	2	0.5
1	5	3	0.333333
2	5	4	0.5
0	5	0	0
0	5	0	0
0	5	0	0
0	5	0	0
0	5	0	0
3	5	3	1
1	5	2	0.5
1	5	2	0.5
1	4	1	1
0	5	0	0
0	4	0	0
0	5	0	0
0	5	0	0
0	5	0	0
1	5	1	1
1	5	1	1
0	5	0	0
0	4	0	0
0	5	0	0
1	5	2	0.5
1	5	2	0.5
1	5	1	1
1	4	3	0.333333
8	4	12	0.666667
0	4	0	0
0	4	0	0
0	5	0	0
1	5	1	1
0	5	0	0
0	5	0	0
1	5	2	0.5
0	5	0	0
2	5	2	1
1	5	1	1
1	5	1	1
6	5	7	0.857143
1	5	1	1
7	5	8	0.875
0	4	0	0
1	5	1	1
1	5	1	1
0	5	0	0
0	5	0	0
0	5	0	0
0	5	0	0
0	5	0	0
0	4	0	0
0	5	0	0
1	4	1	1
2	5	3	0.666667
1	4	1	1
4	1	45	0.0888889
1	5	1	1
0	5	1	0
0	4	0	0
3	5	3	1
0	5	1	0
2	5	6	0.333333
0	4	2	0
0	5	0	0
0	5	0	0
7	5	9	0.777778
1	5	3	0.333333
2	5	4	0.5
0	5	1	0
0	5	0	0
0	5	0	0
0	5	0	0
11	2	31	0.354839
5	2	14	0.357143
0	5	0	0
2	5	2	1
0	5	0	0
5	5	5	1
2	5	2	1
24	5	28	0.857143
0	5	0	0
1	5	2	0.5
0	5	0	0
0	5	0	0
3	5	3	1
443	5	485	0.913402
1	5	1	1
0	5	0	0
0	5	0	0
1	5	3	0.333333
4	2	13	0.307692
0	5	0	0
0	5	0	0
1	4	3	0.333333
4	5	6	0.666667
9	5	10	0.9
1	4	2	0.5
1	5	1	1
10	5	10	1
1	5	1	1
2	5	4	0.5
0	5	0	0
0	5	0	0
4	5	5	0.8
2	5	2	1
11	5	14	0.785714
0	5	0	0
0	5	0	0
1	5	1	1
1	5	1	1
5	5	7	0.714286
4	5	5	0.8
6	1	52	0.115385
2	5	3	0.666667
0	5	0	0
0	4	0	0
1	5	1	1
0	4	0	0
0	4	0	0
1	5	6	0.166667
0	5	0	0
5	5	6	0.833333
0	5	0	0
0	5	0	0
0	5	0	0
4	5	5	0.8
0	5	0	0
3	2	16	0.1875
0	4	0	0
1	5	1	1
0	5	0	0
2	4	2	1
1	5	3	0.333333
0	5	0	0
0	5	0	0
1	4	4	0.25
0	5	0	0
0	5	0	0
24	1	94	0.255319
0	5	0	0
0	5	0	0
1	5	1	1
1	5	1	1
1	5	1	1
1	5	4	0.25
2	5	5	0.4
0	4	0	0
0	4	0	0
3	4	3	1
40	1	142	0.28169
0	4	0	0
0	5	0	0
7	1	43	0.162791
1	5	1	1
21	5	23	0.913043
0	4	0	0
32	5	36	0.888889
0	5	0	0
1	5	1	1
1	5	1	1
0	5	0	0
0	5	0	0
0	5	0	0
1	5	1	1
0	5	1	0
5	5	5	1
8	5	9	0.888889
1	5	2	0.5
0	5	0	0
1	5	1	1
3	2	10	0.3
0	5	0	0
10	4	10	1
0	5	0	0
0	5	0	0
5	1	36	0.138889
0	5	0	0
0	5	0	0
0	5	0	0
1	5	1	1
2	5	2	1
2	4	3	0.666667
1	5	2	0.5
1	5	2	0.5
0	5	0	0
0	5	0	0
1	4	2	0.5
0	5	0	0
0	5	0	0
1	5	1	1
1	4	1	1
0	4	0	0
2	5	2	1
3	5	5	0.6
2	5	2	1
1	4	2	0.5
0	5	0	0
0	4	0	0
1	4	3	0.333333
0	4	0	0
0	5	0	0
1	4	2	0.5
0	5	0	0
2	5	4	0.5
2	5	3	0.666667
4	5	4	1
2	5	2	1
2	5	2	1
9	1	50	0.18
1	3	8	0.125
1	5	2	0.5
1	5	1	1
1	5	5	0.2
5	5	5	1
0	5	0	0
6	1	44	0.136364
3	5	4	0.75
2	4	2	1
0	5	0	0
1	4	3	0.333333
25	5	27	0.925926
1	5	2	0.5
2	4	3	0.666667
4	5	4	1
11	5	12	0.916667
1	5	2	0.5
0	5	0	0
0	5	0	0
0	5	0	0
4	5	4	1
0	5	0	0
0	5	0	0
0	5	0	0
1	4	3	0.333333
0	5	0	0
0	3	3	0
2	5	2	1
4	5	4	1
2	5	2	1
9	5	13	0.692308
0	5	0	0
0	4	0	0
0	4	0	0
0	3	5	0
0	5	0	0
0	4	0	0
3	5	4	0.75
0	4	0	0
0	5	0	0
1	5	2	0.5
1	5	1	1
1	5	1	1
2	5	2	1
1	5	1	1
0	4	0	0
0	5	0	0
0	5	0	0
0	4	0	0
0	4	0	0
0	4	0	0
1	5	1	1
2	5	3	0.666667
0	5	0	0
0	5	0	0
1	3	3	0.333333
1	5	1	1
0	5	0	0
0	5	0	0
4	5	4	1
2	4	2	1
2	4	2	1
1	5	1	1
1	5	2	0.5
0	5	0	0
0	5	0	0
0	5	0	0
6	1	40	0.15
1	4	2	0.5
0	5	0	0
1	5	1	1
2	5	2	1
1	5	6	0.166667
1	5	1	1
1	4	1	1
0	5	0	0
3	5	4	0.75
94	5	108	0.87037
1	4	3	0.333333
8	5	10	0.8
2	5	4	0.5
3	5	3	1
1	5	1	1
0	5	0	0
1	5	2	0.5
5	5	5	1
18	5	21	0.857143
4	4	4	1
3	5	4	0.75
0	5	0	0
1	5	2	0.5
0	5	0	0
2	5	2	1
2	5	2	1
3	5	4	0.75
1	5	1	1
5	4	5	1
0	5	0	0
3	5	3	1
0	5	0	0
1	5	4	0.25
1	5	2	0.5
3	4	4	0.75
40	1	139	0.28777
1	5	1	1
1	5	2	0.5
1	5	1	1
3	5	3	1
7	5	8	0.875
0	3	1	0
3	5	3	1
3	5	3	1
2	5	2	1
3	5	3	1
2	5	2	1
1	5	1	1
8	4	9	0.888889
0	5	0	0
3	3	19	0.157895
2	5	4	0.5
11	1	53	0.207547
0	5	0	0
0	5	0	0
2	2	10	0.2
1	5	1	1
0	5	0	0
0	5	0	0
0	5	0	0
0	5	0	0
0	5	0	0
0	5	1	0
0	5	0	0
0	5	0	0
0	5	0	0
0	4	0	0
0	5	0	0
0	5	0	0
0	5	0	0
0	5	0	0
1	5	1	1
0	4	0	0
0	5	0	0
0	5	0	0
0	5	0	0
0	5	0	0
0	5	0	0
0	5	0	0
1	5	2	0.5
1	5	1	1
0	5	0	0
1	5	1	1
1	5	1	1
1	5	1	1
1	5	1	1
1	5	1	1
1	5	1	1
2	2	8	0.25
1	5	1	1
0	5	0	0
0	5	0	0
0	5	0	0
0	5	0	0
6	2	14	0.428571
0	5	0	0
1	5	1	1
1	5	1	1
0	5	0	0
1	5	1	1
0	5	0	0
0	5	0	0
1	5	1	1
1	5	1	1
1	5	1	1
1	5	1	1
1	5	1	1
0	5	0	0
0	3	1	0
0	5	0	0
3	2	11	0.272727
1	5	1	1
1	5	1	1
1	5	1	1
15	1	69	0.217391
14	1	63	0.222222
1	5	1	1
1	5	1	1
1	5	1	1
2	5	2	1
1	5	1	1
0	5	0	0
0	5	0	0
0	5	0	0
0	4	0	0
0	5	0	0
4	5	5	0.8
1	5	1	1
1	5	1	1
1	5	1	1
0	5	0	0
0	5	0	0
1	5	1	1
0	5	0	0
1	5	1	1
1	5	1	1
1	5	1	1
1	5	1	1
1	5	1	1
1	5	1	1
1	5	1	1
1	4	2	0.5
1	5	1	1
0	5	1	0
