2	5	5	0.4
5	4	6	0.833333
1	4	5	0.2
19	1	22	0.863636
1	3	3	0.333333
18	1	20	0.9
3	4	5	0.6
12	1	16	0.75
9	5	13	0.692308
8	4	10	0.8
510	5	567	0.899471
21	1	23	0.913043
23	1	24	0.958333
0	5	5	0
6	5	9	0.666667
2	4	2	1
2	5	3	0.666667
20	1	23	0.869565
8	5	15	0.533333
198	5	218	0.908257
191	5	209	0.913876
3	5	5	0.6
5	5	9	0.555556
9	5	13	0.692308
4	5	5	0.8
3	4	3	1
5	5	6	0.833333
1	2	6	0.166667
3	5	5	0.6
3	5	4	0.75
2	5	3	0.666667
2	4	5	0.4
1	5	5	0.2
2	5	6	0.333333
2	5	6	0.333333
2	4	4	0.5
3	5	6	0.5
1	5	4	0.25
2	4	4	0.5
16	1	18	0.888889
11	1	14	0.785714
3	5	7	0.428571
2	5	7	0.285714
12	1	13	0.923077
6	2	6	1
4	3	4	1
2	5	6	0.333333
23	1	23	1
5	3	7	0.714286
1	4	3	0.333333
3	5	5	0.6
17	1	22	0.772727
16	1	19	0.842105
2	5	6	0.333333
7	2	9	0.777778
20	1	24	0.833333
13	2	17	0.764706
10	5	12	0.833333
7	5	12	0.583333
12	2	16	0.75
2	4	11	0.181818
5	4	10	0.5
2	5	8	0.25
2	5	8	0.25
0	4	3	0
6	2	9	0.666667
2	5	7	0.285714
24	1	28	0.857143
20	1	23	0.869565
23	1	24	0.958333
2	4	7	0.285714
0	5	7	0
2	4	4	0.5
24	2	25	0.96
0	5	8	0
1	5	7	0.142857
2	5	10	0.2
0	5	4	0
4	5	7	0.571429
0	5	4	0
4	5	8	0.5
0	5	5	0
7	3	10	0.7
8	2	10	0.8
16	1	17	0.941176
6	2	7	0.857143
30	1	33	0.909091
17	1	20	0.85
2	3	4	0.5
6	5	8	0.75
5	5	9	0.555556
2	4	6	0.333333
4	5	6	0.666667
26	1	37	0.702703
6	5	8	0.75
26	1	30	0.866667
1	5	3	0.333333
43	1	47	0.914894
4	5	8	0.5
189	1	208	0.908654
43	1	45	0.955556
2	5	6	0.333333
0	4	8	0
0	5	7	0
6	3	6	1
2	4	4	0.5
29	1	39	0.74359
1269	1	1416	0.896186
7	5	10	0.7
3	5	5	0.6
1	4	4	0.25
28	1	29	0.965517
23	1	27	0.851852
20	1	24	0.833333
4	4	7	0.571429
2	3	2	1
16	1	22	0.727273
2	5	4	0.5
2	5	5	0.4
2	4	4	0.5
4	4	5	0.8
5	5	6	0.833333
4	4	5	0.8
23	1	28	0.821429
5	4	7	0.714286
10	3	13	0.769231
9	3	14	0.642857
4	3	6	0.666667
3	4	5	0.6
21	1	25	0.84
1	5	4	0.25
1	5	5	0.2
18	1	22	0.818182
44	1	47	0.93617
1	5	1	1
12	1	12	1
0	4	2	0
4	3	4	1
8	2	8	1
4	5	7	0.571429
37	2	38	0.973684
15	2	15	1
21	1	22	0.954545
3	4	4	0.75
25	3	25	1
10	1	32	0.3125
29	1	33	0.878788
10	5	13	0.769231
0	5	3	0
7	3	16	0.4375
4	5	6	0.666667
5	3	7	0.714286
7	5	9	0.777778
5	5	6	0.833333
4	5	7	0.571429
1	5	3	0.333333
0	2	12	0
10	3	11	0.909091
1	5	2	0.5
1	3	2	0.5
3	5	7	0.428571
0	4	2	0
0	5	2	0
3	5	6	0.5
16	1	16	1
19	2	23	0.826087
0	5	3	0
0	4	2	0
16	1	18	0.888889
2	5	8	0.25
6	3	8	0.75
27	2	29	0.931034
17	3	18	0.944444
0	5	6	0
4	3	5	0.8
30	1	33	0.909091
17	1	18	0.944444
2	4	4	0.5
17	1	27	0.62963
8	3	10	0.8
29	1	35	0.828571
4	4	6	0.666667
11	2	15	0.733333
9	3	13	0.692308
7	5	10	0.7
1	4	12	0.0833333
0	5	4	0
2	5	4	0.5
0	5	3	0
1	5	7	0.142857
1	3	4	0.25
0	4	2	0
0	4	3	0
0	5	5	0
1	4	6	0.166667
18	1	20	0.9
0	4	2	0
2	5	4	0.5
3	4	5	0.6
2	4	4	0.5
16	1	18	0.888889
15	5	20	0.75
1	4	1	1
2	5	3	0.666667
3	2	7	0.428571
2	3	8	0.25
3	5	30	0.1
17	1	21	0.809524
3	5	5	0.6
4	4	5	0.8
1319	3	1379	0.95649
4	4	4	1
4	3	5	0.8
14	2	19	0.736842
2	5	8	0.25
11	5	14	0.785714
43	2	46	0.934783
5	3	8	0.625
7	5	10	0.7
8	5	12	0.666667
0	5	3	0
2	5	4	0.5
14	2	15	0.933333
11	3	13	0.846154
11	5	14	0.785714
12	1	18	0.666667
19	1	23	0.826087
6	3	7	0.857143
20	5	30	0.666667
4	5	12	0.333333
5	3	6	0.833333
9	3	11	0.818182
5	2	20	0.25
1	5	7	0.142857
1	5	6	0.166667
20	1	24	0.833333
11	5	16	0.6875
20	5	24	0.833333
2	4	5	0.4
5	3	6	0.833333
3	4	6	0.5
1	5	4	0.25
23	1	24	0.958333
20	5	26	0.769231
18	5	22	0.818182
3	3	3	1
30	1	33	0.909091
1	5	4	0.25
16	1	17	0.941176
20	5	24	0.833333
27	5	32	0.84375
12	3	14	0.857143
2	5	5	0.4
53	5	55	0.963636
27	5	28	0.964286
22	5	24	0.916667
1	5	4	0.25
0	5	3	0
14	1	16	0.875
34	5	38	0.894737
6	3	7	0.857143
1	4	3	0.333333
32	5	35	0.914286
47	5	50	0.94
49	5	53	0.924528
60	5	66	0.909091
20	1	24	0.833333
1	5	6	0.166667
63	5	68	0.926471
15	1	17	0.882353
28	3	29	0.965517
15	1	17	0.882353
16	1	17	0.941176
1	5	6	0.166667
1	5	7	0.142857
16	1	19	0.842105
50	5	56	0.892857
53	5	60	0.883333
17	1	19	0.894737
0	5	7	0
18	1	20	0.9
21	1	22	0.954545
5	5	12	0.416667
21	1	27	0.777778
20	1	23	0.869565
17	5	21	0.809524
4	5	7	0.571429
5	5	10	0.5
1	4	2	0.5
1	5	3	0.333333
1	5	5	0.2
274	1	303	0.90429
0	5	2	0
2	4	3	0.666667
24	1	29	0.827586
6	4	8	0.75
20	1	21	0.952381
9	5	13	0.692308
0	5	1	0
3	5	6	0.5
8	3	16	0.5
3	5	7	0.428571
12	2	16	0.75
12	2	14	0.857143
2	5	4	0.5
2	4	5	0.4
103	5	113	0.911504
28	1	31	0.903226
110	5	119	0.92437
81	5	91	0.89011
1	5	7	0.142857
63	5	72	0.875
11	2	19	0.578947
896	5	999	0.896897
106	5	114	0.929825
1	5	8	0.125
2	4	4	0.5
3	4	5	0.6
1	5	3	0.333333
13	3	13	1
111	1	290	0.382759
8	2	12	0.666667
1	5	8	0.125
1	5	5	0.2
4	5	8	0.5
33	1	35	0.942857
6	2	8	0.75
85	5	91	0.934066
0	5	2	0
118	5	129	0.914729
9	2	11	0.818182
3	3	4	0.75
2	5	3	0.666667
5	3	6	0.833333
14	1	19	0.736842
0	5	3	0
1	5	5	0.2
0	4	0	0
99	5	106	0.933962
115	5	125	0.92
0	5	2	0
22	1	24	0.916667
22	1	22	1
3	5	6	0.5
112	5	121	0.92562
156	5	170	0.917647
10	1	14	0.714286
12	1	14	0.857143
124	5	135	0.918519
1	5	3	0.333333
3	2	3	1
13	1	15	0.866667
1	4	3	0.333333
1	2	8	0.125
0	5	1	0
114	5	123	0.926829
0	5	0	0
1	5	1	1
1	5	2	0.5
1	5	1	1
0	5	0	0
1	4	1	1
9	1	9	1
1	3	1	1
25	1	27	0.925926
2	5	2	1
11	3	12	0.916667
0	5	0	0
3	5	14	0.214286
3	3	9	0.333333
0	5	2	0
0	4	1	0
4	5	4	1
13	1	14	0.928571
8	1	8	1
21	1	25	0.84
1	5	2	0.5
4	5	8	0.5
0	5	3	0
3	5	4	0.75
86	5	91	0.945055
19	1	24	0.791667
2	5	3	0.666667
0	5	1	0
2	3	5	0.4
29	1	29	1
114	5	123	0.926829
0	5	0	0
9	1	9	1
1	3	1	1
11	1	13	0.846154
3	2	4	0.75
0	5	2	0
4	3	5	0.8
3	4	10	0.3
9	5	10	0.9
1	4	2	0.5
0	4	0	0
0	5	0	0
0	4	0	0
182	5	187	0.973262
21	2	24	0.875
22	1	22	1
0	4	2	0
1	5	2	0.5
6	5	8	0.75
0	5	0	0
10	1	12	0.833333
109	5	118	0.923729
6	2	8	0.75
110	5	119	0.92437
33	1	37	0.891892
1	5	4	0.25
1	5	3	0.333333
27	5	43	0.627907
1	3	4	0.25
0	5	0	0
1	5	2	0.5
0	5	0	0
406	5	450	0.902222
10	5	11	0.909091
22	2	26	0.846154
1	3	2	0.5
1	3	2	0.5
0	3	0	0
1	4	1	1
1	3	1	1
0	4	0	0
0	5	0	0
0	3	1	0
0	3	0	0
0	4	0	0
0	3	0	0
0	5	1	0
94	5	101	0.930693
0	4	0	0
1	5	2	0.5
12	1	14	0.857143
1	5	2	0.5
2	5	2	1
5	5	7	0.714286
2	5	6	0.333333
5	5	10	0.5
1	4	1	1
17	1	17	1
0	5	0	0
4	2	5	0.8
7	1	8	0.875
5	3	5	1
4	2	4	1
12	5	15	0.8
0	5	0	0
2	2	2	1
6	2	7	0.857143
7	1	9	0.777778
9	1	11	0.818182
9	1	10	0.9
1	5	3	0.333333
2	5	4	0.5
7	3	9	0.777778
2	5	4	0.5
10	5	17	0.588235
1	5	2	0.5
0	5	1	0
15	3	32	0.46875
1	4	3	0.333333
19	1	21	0.904762
14	1	15	0.933333
164	5	179	0.916201
1	5	1	1
11	1	16	0.6875
12	2	14	0.857143
0	4	1	0
0	5	2	0
0	4	1	0
0	4	1	0
0	4	1	0
0	4	1	0
40	1	42	0.952381
189	5	207	0.913043
21	3	22	0.954545
2	4	8	0.25
0	5	1	0
4	2	5	0.8
7	1	13	0.538462
0	5	1	0
2	2	3	0.666667
0	5	0	0
0	5	1	0
2	5	6	0.333333
2	4	2	1
16	3	22	0.727273
742	5	756	0.981481
0	4	0	0
2	3	4	0.5
3	4	4	0.75
831	5	928	0.895474
1	5	1	1
0	5	0	0
26	2	27	0.962963
3	5	3	1
0	4	1	0
25	1	27	0.925926
0	3	0	0
1	3	1	1
0	5	3	0
13	1	21	0.619048
2	5	7	0.285714
5	3	8	0.625
1	5	5	0.2
0	5	1	0
0	5	2	0
0	5	0	0
0	5	1	0
3	4	4	0.75
7	3	9	0.777778
7	2	12	0.583333
343	5	380	0.902632
3	4	4	0.75
3	5	3	1
11	2	14	0.785714
0	5	0	0
0	5	0	0
0	4	0	0
1	3	3	0.333333
0	3	0	0
0	4	0	0
0	3	1	0
0	4	0	0
0	4	0	0
0	4	0	0
0	3	0	0
15	1	19	0.789474
0	5	1	0
2	4	3	0.666667
15	2	19	0.789474
0	5	1	0
1	5	1	1
44	1	50	0.88
1	4	1	1
458	5	466	0.982833
24	1	26	0.923077
7	1	11	0.636364
3	3	4	0.75
1	4	1	1
22	1	25	0.88
1	5	3	0.333333
9	1	11	0.818182
3	5	4	0.75
1	5	1	1
8	1	13	0.615385
0	5	1	0
155	5	169	0.91716
348	5	386	0.901554
0	5	0	0
7	1	10	0.7
0	5	1	0
12	1	14	0.857143
8	1	9	0.888889
10	1	13	0.769231
8	1	10	0.8
89	3	95	0.936842
0	4	0	0
0	3	0	0
0	5	1	0
2	3	3	0.666667
1	5	2	0.5
0	5	0	0
632	5	705	0.896454
7	1	10	0.7
6	1	7	0.857143
1	2	1	1
1	4	2	0.5
0	3	1	0
0	5	1	0
1	5	2	0.5
0	4	1	0
114	5	123	0.926829
18	1	22	0.818182
2	4	4	0.5
0	4	4	0
6	3	7	0.857143
1	4	3	0.333333
0	5	4	0
0	3	2	0
0	5	1	0
0	4	1	0
0	3	1	0
0	4	1	0
0	4	1	0
0	4	1	0
0	4	1	0
0	4	1	0
0	4	1	0
0	5	3	0
2	3	4	0.5
1	5	4	0.25
1	5	3	0.333333
106	5	114	0.929825
4	5	8	0.5
5	3	6	0.833333
0	4	1	0
7	2	9	0.777778
9	1	10	0.9
6	3	7	0.857143
5	3	8	0.625
0	3	3	0
25	1	34	0.735294
3	5	5	0.6
3	4	6	0.5
1	2	1	1
5	4	6	0.833333
1	3	1	1
0	4	2	0
0	3	0	0
1	5	2	0.5
2	4	3	0.666667
5	5	6	0.833333
0	4	0	0
0	4	0	0
0	4	0	0
1	3	2	0.5
0	5	0	0
0	5	0	0
0	5	1	0
0	5	0	0
0	4	2	0
1	5	2	0.5
1	3	2	0.5
7	1	9	0.777778
1	5	1	1
1	5	1	1
0	3	0	0
0	4	0	0
7	1	7	1
0	3	6	0
1	5	3	0.333333
8	5	10	0.8
7	2	13	0.538462
0	5	0	0
6	3	6	1
0	5	0	0
5	3	7	0.714286
5	5	7	0.714286
8	1	8	1
0	4	0	0
0	4	0	0
2	3	3	0.666667
0	5	1	0
0	5	0	0
1	5	5	0.2
0	5	0	0
19	1	20	0.95
1	5	1	1
1	5	2	0.5
0	5	0	0
17	1	21	0.809524
2	5	22	0.0909091
13	1	17	0.764706
7	2	11	0.636364
2	5	5	0.4
9	2	10	0.9
2	2	4	0.5
5	1	5	1
2	4	8	0.25
4	5	9	0.444444
33	5	36	0.916667
1	4	4	0.25
3	5	6	0.5
2	5	8	0.25
718	5	801	0.89638
21	1	30	0.7
4	2	6	0.666667
771	5	911	0.846323
7	1	9	0.777778
9	1	11	0.818182
5	4	6	0.833333
4	4	5	0.8
8	1	11	0.727273
6	5	10	0.6
4	5	9	0.444444
3	3	5	0.6
8	1	9	0.888889
4	1	4	1
8	5	13	0.615385
9	5	12	0.75
0	5	1	0
5	1	7	0.714286
127	5	141	0.900709
124	5	135	0.918519
37	1	38	0.973684
2	4	3	0.666667
6	4	9	0.666667
7	1	7	1
75	1	84	0.892857
11	1	11	1
3	1	4	0.75
25	5	62	0.403226
1022	5	1141	0.895706
10	5	11	0.909091
7	1	9	0.777778
5	5	6	0.833333
0	2	3	0
2	4	3	0.666667
1	5	2	0.5
1	4	1	1
2	5	2	1
2	2	3	0.666667
1	2	3	0.333333
2	2	4	0.5
10	1	10	1
2	4	3	0.666667
0	3	1	0
0	3	0	0
2	4	3	0.666667
6	1	7	0.857143
6	4	7	0.857143
1	5	2	0.5
2	5	3	0.666667
9	1	9	1
1	5	1	1
24	1	30	0.8
0	3	1	0
0	3	0	0
2	4	3	0.666667
1	3	8	0.125
10	5	11	0.909091
0	5	1	0
1	4	2	0.5
9	1	11	0.818182
5	2	7	0.714286
1	2	3	0.333333
2	2	2	1
1	4	2	0.5
0	5	1	0
4	3	6	0.666667
9	1	12	0.75
1	4	3	0.333333
1	4	1	1
7	1	9	0.777778
0	4	0	0
0	4	2	0
5	4	7	0.714286
48	2	50	0.96
6	2	6	1
0	5	2	0
11	1	12	0.916667
6	1	6	1
2	2	5	0.4
13	5	16	0.8125
6	1	7	0.857143
14	2	19	0.736842
1	5	5	0.2
0	5	1	0
1	2	1	1
7	1	9	0.777778
1	5	2	0.5
2	5	3	0.666667
0	5	2	0
2	4	3	0.666667
1	4	1	1
2	2	2	1
6	4	6	1
0	4	0	0
0	5	0	0
3	4	5	0.6
0	5	1	0
0	4	0	0
1	5	1	1
0	4	0	0
0	5	1	0
0	2	0	0
0	3	0	0
0	4	0	0
0	5	0	0
0	4	0	0
0	5	3	0
3	4	5	0.6
4	4	4	1
26	1	31	0.83871
7	5	9	0.777778
3	5	5	0.6
4	5	6	0.666667
6	1	15	0.4
6	5	8	0.75
1	5	1	1
2	4	3	0.666667
1	5	1	1
32	5	33	0.969697
8	5	8	1
36	5	38	0.947368
2	4	3	0.666667
8	5	8	1
4	5	5	0.8
2	3	4	0.5
4	4	7	0.571429
1	5	4	0.25
0	5	3	0
7	5	19	0.368421
2	2	13	0.153846
3	5	3	1
9	4	9	1
1	2	5	0.2
5	4	7	0.714286
0	5	0	0
9	2	15	0.6
3	3	4	0.75
1	4	1	1
13	3	13	1
1	3	1	1
0	3	2	0
5	1	7	0.714286
26	2	30	0.866667
10	5	11	0.909091
6	1	12	0.5
0	4	0	0
0	4	0	0
0	3	0	0
3	2	4	0.75
6	1	10	0.6
1	4	1	1
9	5	9	1
4	5	6	0.666667
4	2	8	0.5
10	1	14	0.714286
3	4	6	0.5
3	2	7	0.428571
3	5	3	1
2	5	2	1
3	5	3	1
5	3	8	0.625
0	5	0	0
1	3	1	1
17	1	21	0.809524
8	1	14	0.571429
4	4	4	1
6	5	7	0.857143
0	4	1	0
1	3	3	0.333333
3	4	4	0.75
1	3	1	1
22	1	29	0.758621
2	2	3	0.666667
0	5	16	0
2	5	3	0.666667
1	4	1	1
1	5	1	1
1	5	3	0.333333
1	4	1	1
0	5	1	0
7	3	7	1
7	3	7	1
9	1	15	0.6
1	5	2	0.5
23	4	26	0.884615
1	4	3	0.333333
12	1	18	0.666667
2	4	4	0.5
3	4	4	0.75
0	4	5	0
2	4	2	1
30	1	37	0.810811
0	4	1	0
2	5	2	1
2	3	2	1
0	5	0	0
1	5	2	0.5
1	4	1	1
12	2	22	0.545455
1	4	3	0.333333
0	4	0	0
0	4	0	0
1	3	1	1
0	4	0	0
1	3	1	1
1	2	1	1
0	4	0	0
0	5	1	0
2	2	2	1
5	4	5	1
0	4	0	0
0	4	0	0
2	4	4	0.5
2	5	3	0.666667
2	3	4	0.5
2	5	2	1
0	5	2	0
0	5	1	0
0	5	1	0
0	5	0	0
0	3	0	0
0	4	0	0
0	3	0	0
0	5	0	0
1	5	1	1
1	3	1	1
0	4	0	0
0	2	0	0
1	4	2	0.5
18	5	19	0.947368
0	5	0	0
2	5	2	1
6	2	7	0.857143
0	5	0	0
3	5	3	1
5	2	7	0.714286
1	5	1	1
2	3	4	0.5
5	5	7	0.714286
5	1	11	0.454545
8	3	12	0.666667
6	1	7	0.857143
0	3	2	0
1	4	1	1
9	5	11	0.818182
1	5	1	1
3	2	5	0.6
3	4	4	0.75
14	1	17	0.823529
4	1	12	0.333333
12	3	14	0.857143
7	2	9	0.777778
2	2	2	1
3	4	5	0.6
57	5	60	0.95
1	5	3	0.333333
6	4	6	1
5	3	7	0.714286
10	3	10	1
3	4	3	1
1	4	2	0.5
4	5	8	0.5
25	5	26	0.961538
0	5	0	0
6	3	20	0.3
0	4	0	0
4	5	4	1
0	3	0	0
0	5	0	0
0	5	0	0
0	4	0	0
0	5	0	0
0	4	1	0
8	5	9	0.888889
1	4	1	1
3	2	7	0.428571
19	1	25	0.76
3	4	4	0.75
5	1	6	0.833333
0	4	0	0
1	5	4	0.25
3	5	7	0.428571
3	5	3	1
9	2	13	0.692308
4	5	7	0.571429
30	5	30	1
13	5	13	1
2	4	2	1
2	4	2	1
1	3	1	1
2	5	2	1
13	1	16	0.8125
6	4	7	0.857143
9	2	12	0.75
15	3	16	0.9375
1	5	1	1
1	5	1	1
5	5	5	1
4	2	5	0.8
1	5	2	0.5
1	5	1	1
8	1	15	0.533333
0	5	1	0
4	1	4	1
5	4	6	0.833333
0	5	14	0
0	5	4	0
2	4	2	1
5	2	7	0.714286
9	5	10	0.9
17	1	26	0.653846
15	1	29	0.517241
2	4	3	0.666667
1	5	5	0.2
0	5	1	0
0	5	2	0
2	5	4	0.5
11	1	21	0.52381
5	1	5	1
2	5	2	1
2	4	4	0.5
5	5	5	1
4	2	5	0.8
7	1	15	0.466667
8	4	9	0.888889
0	5	0	0
34	5	35	0.971429
0	4	0	0
2	3	3	0.666667
0	3	1	0
4	5	4	1
0	5	0	0
5	5	5	1
1	4	4	0.25
1	5	1	1
3	4	3	1
1	5	2	0.5
3	4	3	1
11	5	13	0.846154
2	5	2	1
6	5	7	0.857143
10	5	13	0.769231
17	1	25	0.68
0	5	0	0
5	2	11	0.454545
16	1	29	0.551724
2	4	2	1
0	5	6	0
9	3	9	1
6	2	9	0.666667
1	5	3	0.333333
14	3	18	0.777778
34	5	36	0.944444
15	1	19	0.789474
0	5	1	0
6	5	8	0.75
0	4	2	0
6	2	9	0.666667
16	1	22	0.727273
2	2	5	0.4
2	5	2	1
1	5	2	0.5
15	3	18	0.833333
21	2	30	0.7
2	4	3	0.666667
9	1	14	0.642857
50	5	52	0.961538
0	5	0	0
16	4	19	0.842105
8	3	8	1
25	3	28	0.892857
1	3	1	1
0	4	4	0
6	5	9	0.666667
1	5	2	0.5
5	3	8	0.625
0	5	1	0
4	5	5	0.8
4	2	5	0.8
4	4	5	0.8
9	5	16	0.5625
13	1	19	0.684211
3	5	5	0.6
0	4	1	0
28	3	29	0.965517
0	4	0	0
6	5	8	0.75
2	3	3	0.666667
47	5	48	0.979167
1	5	3	0.333333
3	3	5	0.6
19	5	23	0.826087
10	5	10	1
4	3	12	0.333333
38	4	41	0.926829
1	4	1	1
26	5	30	0.866667
1	5	1	1
5	3	5	1
2	5	2	1
2	5	2	1
5	5	5	1
5	5	6	0.833333
0	4	1	0
3	5	3	1
6	5	6	1
27	2	32	0.84375
6	5	7	0.857143
1	5	1	1
9	1	10	0.9
23	5	24	0.958333
64	3	74	0.864865
6	3	8	0.75
1	5	4	0.25
1	4	1	1
4	3	5	0.8
2	5	5	0.4
4	3	6	0.666667
6	3	9	0.666667
6	1	8	0.75
89	2	96	0.927083
4452	1	4936	0.901945
3	5	4	0.75
3	5	5	0.6
6	5	6	1
0	4	3	0
2	5	5	0.4
3	4	4	0.75
3	5	5	0.6
6	4	9	0.666667
22	4	25	0.88
7	4	8	0.875
1	4	3	0.333333
2	4	4	0.5
55	4	59	0.932203
2	5	4	0.5
10	5	11	0.909091
9	1	20	0.45
14	5	16	0.875
10	5	12	0.833333
3	1	4	0.75
4	5	5	0.8
1	5	2	0.5
2	5	2	1
51	5	54	0.944444
4	5	5	0.8
27	5	28	0.964286
4	5	8	0.5
1	5	1	1
4	5	4	1
3	5	4	0.75
26	4	29	0.896552
12	1	29	0.413793
7	5	9	0.777778
29	4	30	0.966667
3	4	4	0.75
15	2	23	0.652174
4	5	8	0.5
12	1	32	0.375
21	2	29	0.724138
16	5	19	0.842105
1	4	2	0.5
3	5	5	0.6
2	5	4	0.5
18	1	25	0.72
8	5	10	0.8
16	1	24	0.666667
4	5	8	0.5
3	5	7	0.428571
2	4	5	0.4
36	5	51	0.705882
3	3	3	1
11	1	14	0.785714
170	5	187	0.909091
2	5	5	0.4
26	2	32	0.8125
11	4	11	1
40	5	47	0.851064
5	5	15	0.333333
28	3	29	0.965517
1	5	6	0.166667
7	1	20	0.35
1	5	1	1
27	5	29	0.931034
4	3	18	0.222222
39	5	46	0.847826
32	5	34	0.941176
11	4	13	0.846154
6	3	6	1
31	4	32	0.96875
54	5	59	0.915254
4	5	6	0.666667
2	5	12	0.166667
6	5	6	1
87	1	127	0.685039
41	4	41	1
5	5	7	0.714286
11	2	15	0.733333
0	5	2	0
7	3	11	0.636364
28	4	33	0.848485
4	2	10	0.4
9	4	11	0.818182
53	3	75	0.706667
0	5	0	0
32	5	32	1
40	5	41	0.97561
1	4	1	1
0	5	0	0
9	5	11	0.818182
3	5	3	1
3	4	3	1
1	3	1	1
3	5	3	1
28	5	32	0.875
6	5	7	0.857143
32	5	33	0.969697
28	5	42	0.666667
63	4	86	0.732558
31	2	48	0.645833
2	5	2	1
5	5	7	0.714286
7	5	7	1
0	4	0	0
5	5	6	0.833333
8	3	9	0.888889
7	2	8	0.875
2	2	3	0.666667
57	5	62	0.919355
4	4	4	1
34	4	37	0.918919
6	5	6	1
7	3	8	0.875
24	1	44	0.545455
4	1	4	1
3	5	3	1
1	4	1	1
5	3	10	0.5
52	1	62	0.83871
29	5	34	0.852941
7	1	17	0.411765
10	5	13	0.769231
30	5	32	0.9375
23	5	33	0.69697
3	5	5	0.6
5	4	6	0.833333
12	2	22	0.545455
4	5	4	1
1	5	3	0.333333
14	5	15	0.933333
