8 1
8 5
7 1
2 4
12 1
7 4
5 5
6 1
5 1
10 1
9 1
5 4
5 3
9 3
4 4
12 5
3 5
15 1
11 1
15 5
10 1
11 4
10 1
7 5
5 4
9 1
5 3
9 1
12 1
9 5
5 3
12 5
12 5
8 4
14 1
13 1
7 5
10 4
11 1
14 5
11 5
9 1
3 3
6 1
16 5
5 4
7 5
7 4
5 1
7 1
5 2
2 2
12 5
8 5
9 5
4 1
13 5
6 1
20 1
11 1
11 5
14 5
27 5
5 1
10 5
3 2
2 1
1 1
8 5
0 3
8 5
8 1
15 5
12 5
6 5
14 4
9 4
7 1
4 5
3 1
10 5
9 4
4 5
27 5
11 5
9 5
12 1
13 2
15 1
5 4
2 3
4 4
8 3
4 5
4 5
22 5
4 5
3 4
2 3
15 5
3 1
4 4
6 1
2 5
9 4
4 2
6 1
7 4
2 3
4 5
7 2
2 3
9 1
31 1
8 4
27 5
10 5
9 5
7 2
6 2
20 4
4 5
8 5
5 5
1 5
8 1
7 5
5 1
2 5
6 4
5 4
4 4
2 5
9 1
4 5
5 5
4 5
4 4
2 5
7 2
1 2
4 1
6 1
11 1
9 1
2 5
3 5
3 3
5 1
6 1
4 1
5 1
5 1
8 1
4 1
6 5
11 5
9 5
9 1
6 2
3 4
8 1
8 1
3 2
9 4
6 5
6 5
8 5
7 2
4 5
7 1
4 3
3 5
8 5
6 5
6 4
7 1
4 3
5 4
3 3
2 4
9 2
12 1
7 1
3 3
10 4
3 5
9 5
4 4
10 1
5 5
4 5
5 5
5 4
4 5
7 5
6 4
13 1
9 2
8 4
8 1
5 3
10 1
11 5
10 5
5 5
8 5
8 1
6 3
5 5
3 5
37 4
31 5
18 1
9 1
7 5
15 5
6 3
4 5
4 5
8 4
3 5
3 5
6 3
2 5
6 1
3 5
6 1
3 5
9 1
4 5
1 5
10 5
5 5
2 4
2 4
4 5
16 4
10 5
6 4
3 4
7 5
7 1
3 4
5 5
3 4
3 4
3 4
3 5
14 5
5 5
1 2
8 5
2 4
7 3
7 3
6 4
1 3
4 5
2 2
6 5
3 5
5 5
1 5
4 5
3 4
9 5
7 5
5 2
11 5
6 3
5 1
7 5
7 5
13 1
3 4
12 5
19 1
7 5
13 1
5 5
7 5
6 4
5 4
11 5
10 5
5 1
7 1
7 2
9 1
9 2
11 1
11 5
10 5
4 2
10 4
1 1
6 5
7 3
9 1
0 2
6 1
7 5
1 5
7 5
19 1
9 4
2 3
9 5
10 5
1 5
26 1
12 1
12 5
18 2
9 1
16 1
12 5
4 2
12 5
7 4
11 2
10 5
13 1
10 5
9 1
9 4
1 4
7 1
4 5
10 1
9 5
14 5
10 1
3 1
3 4
3 5
8 5
6 4
1 4
9 5
10 1
6 1
16 1
1 4
12 1
3 4
5 1
5 5
7 5
8 5
19 1
12 5
2 5
2 1
7 3
7 5
4 5
8 2
9 5
11 3
7 1
7 5
14 1
6 3
4 1
13 5
10 1
3 4
3 5
10 1
14 3
0 5
9 1
0 3
2 5
10 1
7 5
8 3
8 5
12 1
6 5
16 3
28 2
9 1
7 5
16 5
2 5
0 5
3 5
3 4
0 4
13 1
3 5
13 5
6 5
10 1
9 1
15 5
8 1
10 1
0 4
5 1
15 5
8 5
5 2
3 4
8 3
11 1
6 5
7 5
12 1
11 2
3 1
20 3
12 5
10 5
5 5
8 5
1 3
4 4
3 1
3 1
9 1
7 1
12 5
7 1
9 4
3 4
4 1
3 5
1 5
5 5
0 5
6 4
3 5
5 1
4 1
8 4
2 4
6 2
14 1
35 1
1 2
6 4
7 3
13 1
15 1
290 5
1 5
2 4
4 2
3 5
2 5
3 1
18 1
9 5
6 5
12 2
7 1
9 1
7 1
8 5
3 5
9 5
9 4
7 1
12 5
7 1
6 5
5 4
3 4
12 1
0 5
12 5
6 4
7 5
0 2
14 1
17 1
19 5
17 1
17 1
12 1
10 4
7 4
92 5
17 1
6 5
5 4
4 5
7 2
4 5
1 4
4 4
4 1
1 5
10 3
4 5
8 1
9 5
11 5
94 5
8 5
12 5
9 5
8 5
8 2
4 1
2 5
4 1
6 1
10 4
6 3
24 5
8 5
5 2
4 5
7 1
7 1
85 5
4 5
9 1
7 5
8 5
4 1
6 4
12 5
7 4
8 4
23 4
4 4
9 1
3 5
0 4
3 4
5 5
5 2
6 4
12 3
20 5
4 1
9 1
15 5
13 1
12 5
11 5
9 4
0 1
7 4
28 5
9 5
15 4
13 5
24 5
13 4
16 1
13 1
5 5
12 4
21 5
9 5
0 5
7 4
9 5
7 5
6 5
0 5
12 5
43 5
30 5
5 1
16 1
10 1
15 5
18 1
37 5
19 1
15 5
10 1
3 3
8 4
19 3
22 5
8 5
17 5
20 2
6 5
28 5
11 5
3 3
7 5
12 5
13 2
13 5
11 5
4 4
2 5
23 1
13 5
7 5
8 5
15 4
10 5
10 4
12 5
21 5
14 5
22 4
20 5
14 5
2 3
12 5
12 5
10 5
39 3
6 5
120 5
28 5
9 5
12 1
30 4
37 1
6 5
17 5
24 5
10 5
8 1
21 5
10 1
22 2
7 5
14 5
13 5
6 4
29 5
11 2
11 5
17 5
12 5
18 2
12 5
16 4
15 1
16 5
22 4
0 5
16 5
19 5
19 2
41 4
0 5
20 4
5 3
15 3
31 5
12 1
26 4
6 4
3 5
12 5
14 5
13 1
11 5
3 5
2 5
32 5
11 3
5 5
8 5
15 5
0 4
1 5
4 2
46 5
3 5
20 3
5 5
2 4
2 4
2 1
13 4
5 5
3 5
7 5
3 4
5 1
3 5
93 5
3 5
5 1
21 5
2 5
19 5
34 5
1 5
3 5
1 5
2 5
4 1
37 1
2 5
3 1
1 5
1 5
3 1
4 5
200 4
6 4
1 5
1 1
27 1
38 5
2 1
37 5
1 5
1 5
1 5
3 1
40 5
1 5
1 4
1 5
1 5
0 5
152 5
0 5
1 5
1 5
1 5
1 5
1 5
1 5
1 5
0 4
3 1
2 5
1 3
3 4
1 5
1 5
1 4
1 5
1 5
2 1
0 5
18 1
1 5
2 1
4 1
1 5
1 5
4 1
4 1
1 5
2 1
2 1
1 5
3 1
4 1
6 1
46 4
29 4
1 5
2 1
2 2
0 5
2 1
0 5
51 5
2 4
3 4
1 5
4 1
1 5
2 5
0 5
4 1
0 5
0 4
1 5
0 5
4 3
2 5
2 2
46 5
1 5
1 5
1 5
2 5
3 5
56 5
1 5
