2 5
5 4
1 4
19 1
1 3
18 1
3 4
12 1
9 5
8 4
510 5
21 1
23 1
0 5
6 5
2 4
2 5
20 1
8 5
198 5
191 5
3 5
5 5
9 5
4 5
3 4
5 5
1 2
3 5
3 5
2 5
2 4
1 5
2 5
2 5
2 4
3 5
1 5
2 4
16 1
11 1
3 5
2 5
12 1
6 2
4 3
2 5
23 1
5 3
1 4
3 5
17 1
16 1
2 5
7 2
20 1
13 2
10 5
7 5
12 2
2 4
5 4
2 5
2 5
0 4
6 2
2 5
24 1
20 1
23 1
2 4
0 5
2 4
24 2
0 5
1 5
2 5
0 5
4 5
0 5
4 5
0 5
7 3
8 2
16 1
6 2
30 1
17 1
2 3
6 5
5 5
2 4
4 5
26 1
6 5
26 1
1 5
43 1
4 5
189 1
43 1
2 5
0 4
0 5
6 3
2 4
29 1
1269 1
7 5
3 5
1 4
28 1
23 1
20 1
4 4
2 3
16 1
2 5
2 5
2 4
4 4
5 5
4 4
23 1
5 4
10 3
9 3
4 3
3 4
21 1
1 5
1 5
18 1
44 1
1 5
12 1
0 4
4 3
8 2
4 5
37 2
15 2
21 1
3 4
25 3
10 1
29 1
10 5
0 5
7 3
4 5
5 3
7 5
5 5
4 5
1 5
0 2
10 3
1 5
1 3
3 5
0 4
0 5
3 5
16 1
19 2
0 5
0 4
16 1
2 5
6 3
27 2
17 3
0 5
4 3
30 1
17 1
2 4
17 1
8 3
29 1
4 4
11 2
9 3
7 5
1 4
0 5
2 5
0 5
1 5
1 3
0 4
0 4
0 5
1 4
18 1
0 4
2 5
3 4
2 4
16 1
15 5
1 4
2 5
3 2
2 3
3 5
17 1
3 5
4 4
1319 3
4 4
4 3
14 2
2 5
11 5
43 2
5 3
7 5
8 5
0 5
2 5
14 2
11 3
11 5
12 1
19 1
6 3
20 5
4 5
5 3
9 3
5 2
1 5
1 5
20 1
11 5
20 5
2 4
5 3
3 4
1 5
23 1
20 5
18 5
3 3
30 1
1 5
16 1
20 5
27 5
12 3
2 5
53 5
27 5
22 5
1 5
0 5
14 1
34 5
6 3
1 4
32 5
47 5
49 5
60 5
20 1
1 5
63 5
15 1
28 3
15 1
16 1
1 5
1 5
16 1
50 5
53 5
17 1
0 5
18 1
21 1
5 5
21 1
20 1
17 5
4 5
5 5
1 4
1 5
1 5
274 1
0 5
2 4
24 1
6 4
20 1
9 5
0 5
3 5
8 3
3 5
12 2
12 2
2 5
2 4
103 5
28 1
110 5
81 5
1 5
63 5
11 2
896 5
106 5
1 5
2 4
3 4
1 5
13 3
111 1
8 2
1 5
1 5
4 5
33 1
6 2
85 5
0 5
118 5
9 2
3 3
2 5
5 3
14 1
0 5
1 5
0 4
99 5
115 5
0 5
22 1
22 1
3 5
112 5
156 5
10 1
12 1
124 5
1 5
3 2
13 1
1 4
1 2
0 5
114 5
0 5
1 5
1 5
1 5
0 5
1 4
9 1
1 3
25 1
2 5
11 3
0 5
3 5
3 3
0 5
0 4
4 5
13 1
8 1
21 1
1 5
4 5
0 5
3 5
86 5
19 1
2 5
0 5
2 3
29 1
114 5
0 5
9 1
1 3
11 1
3 2
0 5
4 3
3 4
9 5
1 4
0 4
0 5
0 4
182 5
21 2
22 1
0 4
1 5
6 5
0 5
10 1
109 5
6 2
110 5
33 1
1 5
1 5
27 5
1 3
0 5
1 5
0 5
406 5
10 5
22 2
1 3
1 3
0 3
1 4
1 3
0 4
0 5
0 3
0 3
0 4
0 3
0 5
94 5
0 4
1 5
12 1
1 5
2 5
5 5
2 5
5 5
1 4
17 1
0 5
4 2
7 1
5 3
4 2
12 5
0 5
2 2
6 2
7 1
9 1
9 1
1 5
2 5
7 3
2 5
10 5
1 5
0 5
15 3
1 4
19 1
14 1
164 5
1 5
11 1
12 2
0 4
0 5
0 4
0 4
0 4
0 4
40 1
189 5
21 3
2 4
0 5
4 2
7 1
0 5
2 2
0 5
0 5
2 5
2 4
16 3
742 5
0 4
2 3
3 4
831 5
1 5
0 5
26 2
3 5
0 4
25 1
0 3
1 3
0 5
13 1
2 5
5 3
1 5
0 5
0 5
0 5
0 5
3 4
7 3
7 2
343 5
3 4
3 5
11 2
0 5
0 5
0 4
1 3
0 3
0 4
0 3
0 4
0 4
0 4
0 3
15 1
0 5
2 4
15 2
0 5
1 5
44 1
1 4
458 5
24 1
7 1
3 3
1 4
22 1
1 5
9 1
3 5
1 5
8 1
0 5
155 5
348 5
0 5
7 1
0 5
12 1
8 1
10 1
8 1
89 3
0 4
0 3
0 5
2 3
1 5
0 5
632 5
7 1
6 1
1 2
1 4
0 3
0 5
1 5
0 4
114 5
18 1
2 4
0 4
6 3
1 4
0 5
0 3
0 5
0 4
0 3
0 4
0 4
0 4
0 4
0 4
0 4
0 5
2 3
1 5
1 5
106 5
4 5
5 3
0 4
7 2
9 1
6 3
5 3
0 3
25 1
3 5
3 4
1 2
5 4
1 3
0 4
0 3
1 5
2 4
5 5
0 4
0 4
0 4
1 3
0 5
0 5
0 5
0 5
0 4
1 5
1 3
7 1
1 5
1 5
0 3
0 4
7 1
0 3
1 5
8 5
7 2
0 5
6 3
0 5
5 3
5 5
8 1
0 4
0 4
2 3
0 5
0 5
1 5
0 5
19 1
1 5
1 5
0 5
17 1
2 5
13 1
7 2
2 5
9 2
2 2
5 1
2 4
4 5
33 5
1 4
3 5
2 5
718 5
21 1
4 2
771 5
7 1
9 1
5 4
4 4
8 1
6 5
4 5
3 3
8 1
4 1
8 5
9 5
0 5
5 1
127 5
124 5
37 1
2 4
6 4
7 1
75 1
11 1
3 1
25 5
1022 5
10 5
7 1
5 5
0 2
2 4
1 5
1 4
2 5
2 2
1 2
2 2
10 1
2 4
0 3
0 3
2 4
6 1
6 4
1 5
2 5
9 1
1 5
24 1
0 3
0 3
2 4
1 3
10 5
0 5
1 4
9 1
5 2
1 2
2 2
1 4
0 5
4 3
9 1
1 4
1 4
7 1
0 4
0 4
5 4
48 2
6 2
0 5
11 1
6 1
2 2
13 5
6 1
14 2
1 5
0 5
1 2
7 1
1 5
2 5
0 5
2 4
1 4
2 2
6 4
0 4
0 5
3 4
0 5
0 4
1 5
0 4
0 5
0 2
0 3
0 4
0 5
0 4
0 5
3 4
4 4
26 1
7 5
3 5
4 5
6 1
6 5
1 5
2 4
1 5
32 5
8 5
36 5
2 4
8 5
4 5
2 3
4 4
1 5
0 5
7 5
2 2
3 5
9 4
1 2
5 4
0 5
9 2
3 3
1 4
13 3
1 3
0 3
5 1
26 2
10 5
6 1
0 4
0 4
0 3
3 2
6 1
1 4
9 5
4 5
4 2
10 1
3 4
3 2
3 5
2 5
3 5
5 3
0 5
1 3
17 1
8 1
4 4
6 5
0 4
1 3
3 4
1 3
22 1
2 2
0 5
2 5
1 4
1 5
1 5
1 4
0 5
7 3
7 3
9 1
1 5
23 4
1 4
12 1
2 4
3 4
0 4
2 4
30 1
0 4
2 5
2 3
0 5
1 5
1 4
12 2
1 4
0 4
0 4
1 3
0 4
1 3
1 2
0 4
0 5
2 2
5 4
0 4
0 4
2 4
2 5
2 3
2 5
0 5
0 5
0 5
0 5
0 3
0 4
0 3
0 5
1 5
1 3
0 4
0 2
1 4
18 5
0 5
2 5
6 2
0 5
3 5
5 2
1 5
2 3
5 5
5 1
8 3
6 1
0 3
1 4
9 5
1 5
3 2
3 4
14 1
4 1
12 3
7 2
2 2
3 4
57 5
1 5
6 4
5 3
10 3
3 4
1 4
4 5
25 5
0 5
6 3
0 4
4 5
0 3
0 5
0 5
0 4
0 5
0 4
8 5
1 4
3 2
19 1
3 4
5 1
0 4
1 5
3 5
3 5
9 2
4 5
30 5
13 5
2 4
2 4
1 3
2 5
13 1
6 4
9 2
15 3
1 5
1 5
5 5
4 2
1 5
1 5
8 1
0 5
4 1
5 4
0 5
0 5
2 4
5 2
9 5
17 1
15 1
2 4
1 5
0 5
0 5
2 5
11 1
5 1
2 5
2 4
5 5
4 2
7 1
8 4
0 5
34 5
0 4
2 3
0 3
4 5
0 5
5 5
1 4
1 5
3 4
1 5
3 4
11 5
2 5
6 5
10 5
17 1
0 5
5 2
16 1
2 4
0 5
9 3
6 2
1 5
14 3
34 5
15 1
0 5
6 5
0 4
6 2
16 1
2 2
2 5
1 5
15 3
21 2
2 4
9 1
50 5
0 5
16 4
8 3
25 3
1 3
0 4
6 5
1 5
5 3
0 5
4 5
4 2
4 4
9 5
13 1
3 5
0 4
28 3
0 4
6 5
2 3
47 5
1 5
3 3
19 5
10 5
4 3
38 4
1 4
26 5
1 5
5 3
2 5
2 5
5 5
5 5
0 4
3 5
6 5
27 2
6 5
1 5
9 1
23 5
64 3
6 3
1 5
1 4
4 3
2 5
4 3
6 3
6 1
89 2
4452 1
3 5
3 5
6 5
0 4
2 5
3 4
3 5
6 4
22 4
7 4
1 4
2 4
55 4
2 5
10 5
9 1
14 5
10 5
3 1
4 5
1 5
2 5
51 5
4 5
27 5
4 5
1 5
4 5
3 5
26 4
12 1
7 5
29 4
3 4
15 2
4 5
12 1
21 2
16 5
1 4
3 5
2 5
18 1
8 5
16 1
4 5
3 5
2 4
36 5
3 3
11 1
170 5
2 5
26 2
11 4
40 5
5 5
28 3
1 5
7 1
1 5
27 5
4 3
39 5
32 5
11 4
6 3
31 4
54 5
4 5
2 5
6 5
87 1
41 4
5 5
11 2
0 5
7 3
28 4
4 2
9 4
53 3
0 5
32 5
40 5
1 4
0 5
9 5
3 5
3 4
1 3
3 5
28 5
6 5
32 5
28 5
63 4
31 2
2 5
5 5
7 5
0 4
5 5
8 3
7 2
2 2
57 5
4 4
34 4
6 5
7 3
24 1
4 1
3 5
1 4
5 3
52 1
29 5
7 1
10 5
30 5
23 5
3 5
5 4
12 2
4 5
1 5
14 5
