17	5	23	0.73913
17	5	24	0.708333
14	4	16	0.875
10	5	14	0.714286
8	5	11	0.727273
10	5	11	0.909091
6	5	8	0.75
15	4	17	0.882353
12	5	13	0.923077
13	5	15	0.866667
4	5	5	0.8
5	5	6	0.833333
3	5	7	0.428571
25	1	40	0.625
5	5	9	0.555556
4	5	7	0.571429
21	1	28	0.75
17	1	27	0.62963
23	1	33	0.69697
9	5	15	0.6
3	5	8	0.375
7	5	13	0.538462
7	5	13	0.538462
4	5	10	0.4
4	4	8	0.5
6	5	8	0.75
5	5	7	0.714286
4	5	7	0.571429
2	5	5	0.4
5	5	7	0.714286
14	1	17	0.823529
5	5	7	0.714286
5	5	7	0.714286
6	5	10	0.6
6	5	9	0.666667
5	5	9	0.555556
3	5	5	0.6
3	4	6	0.5
4	5	6	0.666667
2	4	5	0.4
3	5	4	0.75
2	5	3	0.666667
3	5	5	0.6
4	5	7	0.571429
2	5	4	0.5
1	5	3	0.333333
2	5	4	0.5
3	5	6	0.5
3	5	5	0.6
3	5	4	0.75
3	5	5	0.6
2	4	4	0.5
2	5	4	0.5
2	5	5	0.4
3	5	4	0.75
2	5	4	0.5
2	5	4	0.5
2	5	4	0.5
3	5	5	0.6
2	5	4	0.5
3	5	6	0.5
2	5	4	0.5
3	5	4	0.75
2	5	4	0.5
3	5	5	0.6
2	5	4	0.5
3	5	5	0.6
3	5	5	0.6
7	1	19	0.368421
2	5	4	0.5
3	5	5	0.6
5	5	9	0.555556
1	3	4	0.25
4	5	5	0.8
3	5	5	0.6
5	5	6	0.833333
1	5	3	0.333333
4	5	6	0.666667
5	3	8	0.625
5	5	6	0.833333
6	5	7	0.857143
5	5	6	0.833333
6	5	7	0.857143
6	5	7	0.857143
4	5	5	0.8
5	5	6	0.833333
34	1	41	0.829268
5	5	6	0.833333
1	5	1	1
7	4	7	1
6	5	6	1
5	5	7	0.714286
28	1	35	0.8
4	5	6	0.666667
6	5	7	0.857143
6	5	6	1
4	5	5	0.8
18	1	29	0.62069
7	5	7	1
3	5	3	1
5	5	5	1
5	5	7	0.714286
5	5	7	0.714286
7	5	7	1
5	5	6	0.833333
5	5	5	1
4	5	5	0.8
6	5	7	0.857143
9	5	9	1
5	5	5	1
9	5	9	1
2	5	2	1
4	4	5	0.8
4	5	5	0.8
6	5	7	0.857143
3	5	4	0.75
2	5	3	0.666667
4	5	6	0.666667
3	5	4	0.75
3	5	4	0.75
4	5	5	0.8
4	5	6	0.666667
6	5	8	0.75
5	5	7	0.714286
4	5	7	0.571429
5	5	7	0.714286
4	5	6	0.666667
7	5	8	0.875
6	1	33	0.181818
4	5	6	0.666667
11	5	14	0.785714
9	5	11	0.818182
8	5	9	0.888889
6	5	8	0.75
9	5	11	0.818182
7	5	8	0.875
8	5	9	0.888889
6	5	7	0.857143
5	5	6	0.833333
5	5	7	0.714286
8	5	9	0.888889
2	5	4	0.5
11	3	15	0.733333
6	5	7	0.857143
5	4	6	0.833333
5	5	7	0.714286
8	5	9	0.888889
7	5	8	0.875
8	5	9	0.888889
20	5	21	0.952381
17	5	19	0.894737
6	1	40	0.15
6	1	46	0.130435
45	5	49	0.918367
15	1	67	0.223881
38	5	41	0.926829
46	5	51	0.901961
41	5	42	0.97619
25	5	30	0.833333
9	5	37	0.243243
29	5	31	0.935484
49	5	51	0.960784
40	5	41	0.97561
41	5	42	0.97619
39	5	40	0.975
26	5	28	0.928571
19	5	21	0.904762
18	5	19	0.947368
15	5	15	1
17	5	20	0.85
19	5	19	1
19	5	19	1
3	1	35	0.0857143
14	4	14	1
6	5	7	0.857143
9	5	9	1
12	5	12	1
6	5	6	1
9	5	9	1
8	5	8	1
0	5	16	0
7	5	7	1
6	5	6	1
3	5	3	1
4	5	4	1
2	5	2	1
8	5	8	1
5	5	5	1
7	5	7	1
8	5	8	1
4	5	4	1
3	5	3	1
5	5	5	1
6	5	6	1
5	5	6	0.833333
2	5	2	1
3	5	3	1
2	5	2	1
2	5	6	0.333333
3	5	4	0.75
2	5	2	1
11	1	25	0.44
2	5	2	1
2	5	2	1
16	1	27	0.592593
1	5	1	1
1	5	1	1
1	5	1	1
2	5	2	1
1	5	1	1
1	5	2	0.5
1	5	1	1
2	5	3	0.666667
1	5	2	0.5
1	5	1	1
1	5	1	1
6	1	18	0.333333
1	5	1	1
1	5	1	1
0	5	0	0
0	5	0	0
0	5	0	0
1	5	1	1
0	5	0	0
2	5	2	1
2	5	2	1
2	4	2	1
5	1	12	0.416667
1	5	1	1
0	5	1	0
1	5	1	1
1	5	1	1
1	5	1	1
1	5	1	1
3	5	3	1
1	5	1	1
1	5	1	1
4	1	10	0.4
3	5	3	1
2	5	2	1
0	5	0	0
1	5	1	1
1	5	1	1
0	5	0	0
0	5	1	0
6	1	8	0.75
2	5	2	1
1	5	1	1
1	5	1	1
1	5	1	1
1	5	1	1
0	5	0	0
3	5	3	1
0	5	0	0
1	5	1	1
1	5	1	1
0	5	0	0
1	5	1	1
1	5	1	1
1	5	1	1
0	5	0	0
0	5	0	0
1	5	1	1
0	5	0	0
0	5	0	0
0	5	0	0
0	5	0	0
11	5	13	0.846154
13	5	15	0.866667
14	5	15	0.933333
14	5	15	0.933333
12	5	12	1
7	5	11	0.636364
52	5	52	1
31	5	31	1
53	5	53	1
33	5	33	1
34	5	34	1
101	5	103	0.980583
98	5	100	0.98
124	5	128	0.96875
92	5	94	0.978723
21	1	103	0.203883
45	5	46	0.978261
54	5	54	1
60	5	60	1
51	5	52	0.980769
53	5	53	1
50	5	52	0.961538
55	5	55	1
48	5	50	0.96
62	5	62	1
64	5	65	0.984615
61	5	61	1
53	5	53	1
68	5	68	1
74	5	74	1
68	5	68	1
68	5	68	1
95	5	97	0.979381
76	5	78	0.974359
65	5	66	0.984848
91	5	92	0.98913
80	5	80	1
55	5	55	1
54	5	54	1
64	5	64	1
63	5	63	1
74	5	76	0.973684
64	5	66	0.969697
26	1	82	0.317073
50	5	51	0.980392
64	5	65	0.984615
82	5	83	0.987952
114	5	118	0.966102
69	5	73	0.945205
67	5	68	0.985294
71	5	72	0.986111
65	5	65	1
78	5	81	0.962963
75	5	77	0.974026
82	5	85	0.964706
82	5	88	0.931818
93	5	99	0.939394
228	5	249	0.915663
51	5	78	0.653846
84	5	90	0.933333
92	5	98	0.938776
83	5	86	0.965116
57	5	63	0.904762
76	5	78	0.974359
73	5	73	1
65	5	68	0.955882
55	5	57	0.964912
57	5	57	1
63	5	63	1
56	5	56	1
52	5	53	0.981132
52	5	53	0.981132
7	2	106	0.0660377
53	5	54	0.981481
48	5	49	0.979592
52	5	53	0.981132
39	5	40	0.975
38	5	39	0.974359
47	5	48	0.979167
43	5	45	0.955556
43	5	44	0.977273
55	5	56	0.982143
38	5	43	0.883721
31	5	32	0.96875
38	5	39	0.974359
44	5	45	0.977778
36	5	37	0.972973
51	5	52	0.980769
45	5	46	0.978261
45	5	46	0.978261
32	5	33	0.969697
37	5	38	0.973684
36	5	37	0.972973
35	5	36	0.972222
36	5	37	0.972973
30	5	33	0.909091
36	5	37	0.972973
36	5	37	0.972973
34	5	35	0.971429
30	5	31	0.967742
31	5	33	0.939394
18	1	96	0.1875
42	5	48	0.875
29	5	30	0.966667
13	1	79	0.164557
35	5	36	0.972222
9	2	73	0.123288
28	5	29	0.965517
14	1	69	0.202899
23	5	27	0.851852
14	5	20	0.7
29	5	31	0.935484
18	5	20	0.9
20	5	21	0.952381
26	5	27	0.962963
18	5	19	0.947368
15	5	16	0.9375
22	5	23	0.956522
18	5	20	0.9
23	5	24	0.958333
16	5	19	0.842105
22	5	23	0.956522
25	5	26	0.961538
27	5	28	0.964286
21	5	22	0.954545
16	5	17	0.941176
15	5	16	0.9375
16	5	17	0.941176
17	5	18	0.944444
15	5	16	0.9375
15	5	16	0.9375
15	3	17	0.882353
15	5	16	0.9375
16	5	17	0.941176
15	5	16	0.9375
17	5	18	0.944444
15	5	17	0.882353
1	2	24	0.0416667
16	5	18	0.888889
17	5	20	0.85
5	5	26	0.192308
17	5	18	0.944444
16	5	18	0.888889
15	5	16	0.9375
14	5	15	0.933333
15	5	17	0.882353
18	5	19	0.947368
3	4	16	0.1875
12	5	13	0.923077
14	5	14	1
15	5	15	1
5	5	12	0.416667
16	5	16	1
16	4	17	0.941176
21	5	21	1
14	5	15	0.933333
14	4	15	0.933333
12	5	12	1
11	5	11	1
1	3	13	0.0769231
12	5	13	0.923077
13	5	14	0.928571
12	5	12	1
14	5	14	1
14	5	14	1
14	5	14	1
14	5	14	1
12	5	12	1
12	5	12	1
14	5	15	0.933333
12	5	12	1
13	5	13	1
13	5	13	1
13	5	13	1
11	5	12	0.916667
13	5	13	1
12	5	12	1
13	5	13	1
14	5	14	1
13	5	13	1
14	5	14	1
11	5	12	0.916667
13	5	13	1
13	5	13	1
13	5	13	1
13	5	13	1
14	5	14	1
14	5	14	1
12	5	12	1
15	5	15	1
12	4	22	0.545455
16	5	16	1
13	5	14	0.928571
19	4	19	1
14	5	14	1
14	5	14	1
13	5	13	1
15	5	15	1
12	5	12	1
15	4	15	1
13	5	13	1
12	5	12	1
15	4	15	1
13	5	13	1
14	1	43	0.325581
13	5	13	1
17	4	17	1
16	5	16	1
11	5	11	1
13	5	13	1
11	5	11	1
14	4	14	1
12	5	12	1
9	5	9	1
14	4	14	1
14	5	14	1
10	5	10	1
13	5	13	1
12	5	12	1
9	5	9	1
12	5	12	1
10	1	37	0.27027
10	5	10	1
13	5	13	1
11	5	11	1
10	5	10	1
10	5	11	0.909091
12	5	12	1
12	5	12	1
13	5	13	1
14	5	14	1
9	5	9	1
10	5	11	0.909091
13	5	13	1
12	5	12	1
12	5	12	1
11	5	11	1
10	5	10	1
11	4	11	1
10	5	10	1
9	5	9	1
12	5	12	1
13	5	13	1
12	5	12	1
9	5	9	1
12	5	12	1
13	5	13	1
12	5	12	1
11	5	11	1
11	5	11	1
11	5	11	1
13	5	13	1
10	5	10	1
13	5	13	1
8	5	8	1
9	5	9	1
8	5	13	0.615385
8	5	8	1
12	5	12	1
7	5	7	1
7	5	7	1
8	5	8	1
8	5	8	1
9	5	9	1
9	5	9	1
10	5	11	0.909091
9	4	10	0.9
11	4	11	1
8	5	8	1
8	5	8	1
9	5	9	1
10	5	10	1
7	5	7	1
8	5	8	1
10	1	40	0.25
8	5	9	0.888889
9	5	9	1
8	5	9	0.888889
9	5	9	1
9	5	9	1
9	5	10	0.9
4	2	23	0.173913
7	5	7	1
4	3	8	0.5
9	5	10	0.9
10	5	11	0.909091
9	5	10	0.9
7	5	7	1
7	5	8	0.875
9	5	9	1
7	5	7	1
15	1	40	0.375
8	5	8	1
6	5	6	1
6	5	6	1
8	5	8	1
9	5	10	0.9
8	5	9	0.888889
9	5	10	0.9
8	5	8	1
9	5	11	0.818182
9	5	10	0.9
13	1	34	0.382353
6	5	7	0.857143
6	2	18	0.333333
8	5	8	1
10	5	10	1
6	5	7	0.857143
8	5	9	0.888889
10	5	10	1
11	5	11	1
10	5	11	0.909091
13	1	30	0.433333
8	5	9	0.888889
10	5	11	0.909091
11	5	13	0.846154
10	5	11	0.909091
20	1	28	0.714286
8	5	9	0.888889
9	5	10	0.9
8	5	10	0.8
11	5	12	0.916667
15	4	17	0.882353
14	1	40	0.35
10	5	12	0.833333
12	5	14	0.857143
6	4	8	0.75
10	5	12	0.833333
12	5	13	0.923077
12	5	14	0.857143
14	5	17	0.823529
7	5	7	1
9	5	9	1
11	5	11	1
9	5	9	1
8	5	9	0.888889
11	5	11	1
10	5	10	1
8	5	8	1
8	5	8	1
9	5	10	0.9
7	4	9	0.777778
11	5	11	1
8	5	8	1
9	5	9	1
10	5	10	1
7	5	9	0.777778
8	5	9	0.888889
9	5	11	0.818182
7	5	8	0.875
8	5	9	0.888889
7	5	8	0.875
13	5	13	1
13	5	13	1
10	5	10	1
12	5	12	1
14	5	37	0.378378
13	2	16	0.8125
9	5	9	1
8	5	8	1
13	5	13	1
11	5	11	1
10	5	11	0.909091
11	5	14	0.785714
10	5	10	1
8	5	8	1
10	5	10	1
9	5	9	1
8	5	8	1
11	5	12	0.916667
9	5	9	1
9	5	9	1
9	5	9	1
9	5	9	1
8	5	8	1
9	5	9	1
7	5	7	1
9	5	10	0.9
9	5	9	1
9	5	9	1
8	5	8	1
8	5	8	1
10	5	11	0.909091
9	5	9	1
8	5	8	1
7	5	7	1
8	5	8	1
8	5	8	1
10	5	10	1
11	2	14	0.785714
6	5	6	1
9	5	10	0.9
24	5	25	0.96
12	5	12	1
7	5	7	1
8	5	8	1
9	5	9	1
8	5	8	1
10	5	10	1
10	5	10	1
10	5	10	1
11	5	11	1
10	5	10	1
7	4	7	1
12	5	14	0.857143
11	5	11	1
10	5	10	1
6	1	27	0.222222
3	4	12	0.25
11	5	13	0.846154
9	5	10	0.9
9	5	10	0.9
8	4	10	0.8
8	5	10	0.8
8	5	8	1
9	5	9	1
9	5	10	0.9
173	5	343	0.504373
8	5	10	0.8
9	5	9	1
8	5	10	0.8
10	5	13	0.769231
8	4	13	0.615385
11	5	14	0.785714
46	5	49	0.938776
11	5	21	0.52381
10	5	14	0.714286
5	4	9	0.555556
10	5	13	0.769231
9	5	12	0.75
10	5	16	0.625
11	5	14	0.785714
12	5	15	0.8
8	5	11	0.727273
6	5	8	0.75
7	5	10	0.7
10	5	13	0.769231
6	5	8	0.75
5	5	6	0.833333
7	5	8	0.875
5	5	6	0.833333
6	5	7	0.857143
6	5	7	0.857143
12	5	15	0.8
5	5	6	0.833333
6	5	7	0.857143
6	5	8	0.75
7	5	8	0.875
6	5	7	0.857143
5	5	6	0.833333
6	5	7	0.857143
5	5	6	0.833333
5	5	6	0.833333
6	5	7	0.857143
7	5	8	0.875
8	5	11	0.727273
6	5	7	0.857143
4	5	5	0.8
5	5	5	1
7	5	8	0.875
8	5	9	0.888889
4	5	5	0.8
4	5	5	0.8
4	5	5	0.8
4	5	5	0.8
5	5	6	0.833333
4	5	5	0.8
4	5	6	0.666667
5	5	6	0.833333
5	5	6	0.833333
5	5	7	0.714286
4	5	7	0.571429
4	5	5	0.8
6	5	7	0.857143
5	5	6	0.833333
1	5	4	0.25
7	5	8	0.875
5	5	6	0.833333
4	5	7	0.571429
5	5	6	0.833333
6	5	8	0.75
5	5	5	1
6	5	6	1
7	5	8	0.875
7	5	7	1
5	5	5	1
7	4	7	1
6	5	6	1
4	5	4	1
7	5	7	1
6	4	6	1
8	5	9	0.888889
7	2	12	0.583333
7	5	7	1
6	4	6	1
5	4	5	1
3	5	4	0.75
5	4	5	1
4	5	4	1
8	5	8	1
5	5	6	0.833333
5	4	5	1
4	5	4	1
3	5	3	1
5	5	5	1
5	5	5	1
5	4	5	1
6	5	6	1
6	5	6	1
5	5	5	1
5	5	6	0.833333
5	5	5	1
3	5	3	1
6	5	6	1
6	5	6	1
5	5	5	1
4	5	5	0.8
7	5	7	1
5	5	5	1
5	5	5	1
6	5	6	1
4	5	4	1
6	5	6	1
7	5	7	1
6	5	6	1
6	5	6	1
7	5	8	0.875
6	5	6	1
4	5	4	1
5	5	5	1
9	1	24	0.375
4	5	4	1
4	5	4	1
4	5	4	1
6	5	6	1
5	5	5	1
4	5	4	1
5	5	5	1
3	5	3	1
7	5	7	1
5	5	5	1
4	5	4	1
3	5	3	1
3	5	3	1
4	4	4	1
4	5	4	1
4	5	4	1
4	5	4	1
5	5	5	1
6	5	7	0.857143
4	5	4	1
4	5	4	1
6	4	6	1
6	5	6	1
5	4	7	0.714286
5	4	5	1
4	5	4	1
5	5	5	1
7	5	7	1
3	5	3	1
5	5	5	1
4	5	4	1
4	5	4	1
3	5	3	1
8	5	8	1
5	5	5	1
5	5	5	1
5	1	17	0.294118
4	5	4	1
5	5	5	1
4	5	4	1
4	5	4	1
4	5	4	1
4	5	4	1
4	5	5	0.8
4	5	7	0.571429
3	3	8	0.375
5	5	8	0.625
3	5	6	0.5
19	1	29	0.655172
5	5	7	0.714286
5	5	6	0.833333
6	5	8	0.75
6	5	8	0.75
4	5	4	1
5	5	5	1
5	5	5	1
6	5	8	0.75
6	5	6	1
8	5	8	1
6	5	6	1
11	5	12	0.916667
10	5	11	0.909091
10	5	11	0.909091
7	5	7	1
5	5	5	1
10	3	13	0.769231
7	5	7	1
8	5	8	1
9	5	10	0.9
10	5	10	1
18	5	22	0.818182
6	5	6	1
6	5	6	1
7	5	7	1
5	5	6	0.833333
7	5	7	1
9	4	9	1
10	5	10	1
6	1	32	0.1875
6	5	7	0.857143
6	5	8	0.75
7	5	8	0.875
6	5	7	0.857143
8	5	8	1
12	1	30	0.4
9	5	10	0.9
9	5	9	1
4	5	9	0.444444
5	5	6	0.833333
8	5	9	0.888889
10	5	10	1
11	5	12	0.916667
8	5	9	0.888889
8	5	8	1
9	5	10	0.9
11	5	12	0.916667
5	5	5	1
3	4	3	1
5	5	6	0.833333
12	5	12	1
10	1	32	0.3125
5	5	5	1
6	5	6	1
7	5	7	1
12	5	12	1
5	5	5	1
9	5	10	0.9
8	5	8	1
5	5	5	1
4	5	4	1
12	5	14	0.857143
7	5	7	1
6	5	7	0.857143
11	5	11	1
5	5	5	1
10	5	11	0.909091
11	5	11	1
11	5	11	1
6	5	6	1
8	5	9	0.888889
11	5	11	1
4	3	7	0.571429
5	4	5	1
12	5	12	1
5	5	5	1
8	5	8	1
7	5	7	1
4	4	4	1
7	4	7	1
2	5	2	1
6	5	8	0.75
5	5	7	0.714286
12	1	26	0.461538
2	5	2	1
3	5	3	1
2	5	2	1
3	5	3	1
4	5	4	1
4	3	12	0.333333
2	5	2	1
3	5	4	0.75
3	4	6	0.5
20	1	35	0.571429
14	1	31	0.451613
5	5	5	1
6	5	6	1
5	5	5	1
4	5	4	1
6	5	6	1
5	5	6	0.833333
5	4	7	0.714286
6	5	8	0.75
8	5	12	0.666667
13	1	32	0.40625
5	5	6	0.833333
13	1	27	0.481481
22	1	35	0.628571
17	1	42	0.404762
18	5	23	0.782609
11	5	17	0.647059
7	5	8	0.875
11	5	15	0.733333
14	5	19	0.736842
13	1	31	0.419355
10	5	14	0.714286
8	5	10	0.8
9	5	10	0.9
9	5	11	0.818182
5	4	7	0.714286
9	5	11	0.818182
7	4	8	0.875
11	5	15	0.733333
11	5	12	0.916667
6	4	7	0.857143
7	5	11	0.636364
6	5	8	0.75
4	4	6	0.666667
6	5	7	0.857143
5	5	7	0.714286
10	5	13	0.769231
9	5	10	0.9
11	5	12	0.916667
6	5	7	0.857143
9	5	13	0.692308
12	5	14	0.857143
11	5	12	0.916667
5	5	6	0.833333
5	5	7	0.714286
10	5	12	0.833333
11	5	14	0.785714
11	5	14	0.785714
9	5	12	0.75
8	5	9	0.888889
4	4	11	0.363636
7	5	8	0.875
8	5	9	0.888889
8	5	9	0.888889
4	5	9	0.444444
7	5	8	0.875
8	5	12	0.666667
7	5	9	0.777778
9	5	11	0.818182
18	5	25	0.72
13	1	33	0.393939
8	5	11	0.727273
8	5	10	0.8
9	5	14	0.642857
9	5	14	0.642857
9	5	12	0.75
7	5	11	0.636364
32	1	46	0.695652
5	5	10	0.5
11	5	15	0.733333
3	5	8	0.375
10	5	13	0.769231
7	5	9	0.777778
6	5	9	0.666667
8	5	11	0.727273
10	5	13	0.769231
10	1	30	0.333333
11	5	18	0.611111
10	5	16	0.625
8	5	14	0.571429
6	5	11	0.545455
9	5	13	0.692308
6	5	10	0.6
5	5	8	0.625
53	1	404	0.131188
5	5	8	0.625
10	5	14	0.714286
10	5	19	0.526316
5	5	9	0.555556
5	5	9	0.555556
28	1	54	0.518519
7	5	12	0.583333
10	3	27	0.37037
11	5	19	0.578947
10	5	21	0.47619
26	1	55	0.472727
8	5	11	0.727273
9	5	20	0.45
7	5	12	0.583333
9	5	16	0.5625
14	5	23	0.608696
24	1	45	0.533333
12	5	18	0.666667
32	1	64	0.5
11	5	18	0.611111
10	5	14	0.714286
9	5	12	0.75
11	5	20	0.55
24	1	48	0.5
9	5	14	0.642857
9	5	15	0.6
10	5	22	0.454545
10	5	13	0.769231
9	5	14	0.642857
11	5	13	0.846154
9	5	14	0.642857
10	5	13	0.769231
12	5	17	0.705882
10	5	23	0.434783
11	5	16	0.6875
9	5	12	0.75
8	5	14	0.571429
9	5	14	0.642857
9	5	11	0.818182
9	5	16	0.5625
10	5	14	0.714286
33	1	63	0.52381
7	5	14	0.5
6	5	10	0.6
13	3	20	0.65
8	5	12	0.666667
5	5	7	0.714286
7	4	11	0.636364
5	5	8	0.625
8	2	15	0.533333
6	5	8	0.75
6	5	9	0.666667
6	5	13	0.461538
5	5	8	0.625
5	5	7	0.714286
5	5	10	0.5
6	5	10	0.6
5	5	9	0.555556
3	5	5	0.6
8	5	13	0.615385
5	5	8	0.625
3	5	6	0.5
6	4	8	0.75
6	5	12	0.5
6	5	8	0.75
5	5	8	0.625
7	5	11	0.636364
10	5	15	0.666667
7	5	11	0.636364
5	5	8	0.625
5	5	8	0.625
9	5	13	0.692308
4	5	7	0.571429
6	5	9	0.666667
4	5	8	0.5
4	5	6	0.666667
5	5	8	0.625
5	5	8	0.625
5	5	7	0.714286
5	5	8	0.625
6	4	9	0.666667
4	5	6	0.666667
5	5	7	0.714286
6	5	8	0.75
7	5	9	0.777778
8	5	11	0.727273
14	1	33	0.424242
7	5	9	0.777778
12	1	26	0.461538
5	5	7	0.714286
3	5	4	0.75
6	5	8	0.75
6	5	8	0.75
7	5	10	0.7
6	5	9	0.666667
6	5	8	0.75
5	5	6	0.833333
5	5	8	0.625
6	5	7	0.857143
5	5	6	0.833333
8	5	9	0.888889
6	5	8	0.75
7	5	9	0.777778
5	5	7	0.714286
6	5	8	0.75
5	5	6	0.833333
7	5	9	0.777778
6	5	8	0.75
6	5	8	0.75
9	5	12	0.75
5	5	6	0.833333
6	5	8	0.75
6	5	8	0.75
6	5	8	0.75
7	5	10	0.7
4	5	7	0.571429
6	5	8	0.75
6	5	7	0.857143
6	5	8	0.75
8	5	10	0.8
5	5	7	0.714286
5	5	7	0.714286
7	5	10	0.7
5	5	7	0.714286
4	5	6	0.666667
5	5	6	0.833333
4	5	6	0.666667
4	5	6	0.666667
4	5	6	0.666667
5	5	7	0.714286
4	4	6	0.666667
5	5	8	0.625
5	5	7	0.714286
5	5	7	0.714286
5	5	7	0.714286
5	5	7	0.714286
5	5	7	0.714286
6	5	14	0.428571
5	5	7	0.714286
5	5	7	0.714286
3	5	5	0.6
5	5	7	0.714286
7	5	9	0.777778
4	5	6	0.666667
6	5	8	0.75
4	5	6	0.666667
4	5	6	0.666667
3	5	5	0.6
5	5	7	0.714286
5	5	7	0.714286
6	5	8	0.75
7	5	9	0.777778
5	5	7	0.714286
6	5	8	0.75
3	5	5	0.6
5	5	7	0.714286
6	5	8	0.75
5	5	7	0.714286
4	5	6	0.666667
5	5	6	0.833333
7	5	10	0.7
5	5	7	0.714286
5	5	7	0.714286
7	5	10	0.7
7	5	10	0.7
5	5	8	0.625
5	5	6	0.833333
5	5	6	0.833333
7	5	9	0.777778
4	5	8	0.5
6	5	9	0.666667
4	5	5	0.8
9	4	12	0.75
5	5	7	0.714286
5	5	8	0.625
7	5	9	0.777778
5	5	8	0.625
6	5	8	0.75
6	5	9	0.666667
6	5	8	0.75
6	5	8	0.75
4	5	6	0.666667
6	5	8	0.75
5	5	7	0.714286
6	5	9	0.666667
7	5	10	0.7
6	5	9	0.666667
10	5	13	0.769231
9	5	12	0.75
6	5	8	0.75
6	5	8	0.75
8	5	11	0.727273
7	5	9	0.777778
7	5	10	0.7
7	5	10	0.7
10	5	13	0.769231
6	5	9	0.666667
8	5	10	0.8
5	5	8	0.625
14	1	36	0.388889
7	5	12	0.583333
9	5	12	0.75
7	5	10	0.7
6	5	9	0.666667
6	5	8	0.75
10	5	12	0.833333
7	4	11	0.636364
6	5	8	0.75
7	5	10	0.7
5	5	12	0.416667
93	5	134	0.69403
8	5	12	0.666667
5	5	7	0.714286
9	5	13	0.692308
10	5	16	0.625
8	5	12	0.666667
8	5	13	0.615385
10	4	15	0.666667
15	1	39	0.384615
8	5	11	0.727273
5	4	11	0.454545
7	4	14	0.5
11	5	17	0.647059
13	4	20	0.65
14	5	21	0.666667
14	5	21	0.666667
12	5	15	0.8
12	1	35	0.342857
7	5	11	0.636364
22	1	52	0.423077
57	1	76	0.75
5	5	10	0.5
6	5	10	0.6
14	5	19	0.736842
7	5	12	0.583333
11	5	16	0.6875
7	5	10	0.7
6	5	10	0.6
7	5	11	0.636364
9	5	14	0.642857
12	5	14	0.857143
7	4	12	0.583333
9	5	12	0.75
7	5	10	0.7
6	5	9	0.666667
6	5	9	0.666667
6	5	9	0.666667
8	5	10	0.8
8	5	10	0.8
8	5	11	0.727273
5	5	8	0.625
87	5	201	0.432836
6	5	11	0.545455
7	5	10	0.7
13	5	18	0.722222
6	5	9	0.666667
7	5	10	0.7
5	5	8	0.625
10	5	13	0.769231
7	5	10	0.7
7	5	10	0.7
9	5	11	0.818182
5	5	10	0.5
6	5	10	0.6
7	5	10	0.7
10	5	13	0.769231
6	5	9	0.666667
7	5	10	0.7
5	5	8	0.625
8	5	11	0.727273
10	5	13	0.769231
7	5	10	0.7
7	5	10	0.7
6	5	9	0.666667
7	5	10	0.7
7	5	10	0.7
7	5	11	0.636364
8	5	11	0.727273
7	4	12	0.583333
7	5	10	0.7
7	5	10	0.7
9	4	14	0.642857
7	5	10	0.7
9	5	12	0.75
12	5	15	0.8
5	5	8	0.625
6	5	9	0.666667
7	5	10	0.7
7	5	10	0.7
7	5	10	0.7
8	5	13	0.615385
8	5	10	0.8
8	5	11	0.727273
10	5	12	0.833333
7	5	10	0.7
6	5	9	0.666667
12	4	17	0.705882
6	5	8	0.75
7	5	10	0.7
9	5	11	0.818182
6	5	9	0.666667
4	5	7	0.571429
9	5	12	0.75
7	5	10	0.7
6	5	8	0.75
9	5	11	0.818182
6	5	9	0.666667
7	5	10	0.7
6	5	9	0.666667
7	5	10	0.7
9	5	15	0.6
16	5	24	0.666667
8	5	13	0.615385
5	5	8	0.625
7	5	11	0.636364
10	5	14	0.714286
6	5	9	0.666667
7	5	10	0.7
17	1	33	0.515152
7	5	10	0.7
7	5	10	0.7
8	5	12	0.666667
6	5	9	0.666667
7	5	10	0.7
6	5	9	0.666667
8	5	12	0.666667
8	5	11	0.727273
7	5	10	0.7
9	5	14	0.642857
13	1	41	0.317073
9	5	17	0.529412
5	5	8	0.625
7	4	12	0.583333
12	2	24	0.5
10	5	14	0.714286
8	5	14	0.571429
7	5	10	0.7
7	5	10	0.7
7	5	10	0.7
6	5	10	0.6
8	4	11	0.727273
9	5	14	0.642857
7	5	9	0.777778
25	1	43	0.581395
7	5	11	0.636364
6	5	9	0.666667
14	4	19	0.736842
12	5	14	0.857143
10	1	25	0.4
9	5	11	0.818182
11	5	14	0.785714
11	5	15	0.733333
11	1	35	0.314286
23	5	33	0.69697
12	5	14	0.857143
13	5	18	0.722222
10	5	12	0.833333
33	5	49	0.673469
22	1	75	0.293333
6	4	11	0.545455
37	1	108	0.342593
37	1	87	0.425287
37	5	61	0.606557
43	1	89	0.483146
30	5	63	0.47619
