1	5	3	0.333333
2	3	4	0.5
0	4	2	0
2	5	4	0.5
3	3	4	0.75
0	5	2	0
0	5	2	0
0	5	2	0
1	5	2	0.5
4	2	7	0.571429
1	5	2	0.5
1	5	2	0.5
1	5	2	0.5
9	1	14	0.642857
7	2	12	0.583333
3	2	6	0.5
5	5	6	0.833333
1	4	1	1
4	4	4	1
2	4	3	0.666667
1	4	2	0.5
2	4	3	0.666667
0	5	0	0
2	5	2	1
2	5	2	1
2	5	2	1
2	5	2	1
1	4	3	0.333333
2	5	2	1
1	5	3	0.333333
1	5	2	0.5
0	5	1	0
1	4	2	0.5
0	5	0	0
0	5	0	0
0	5	0	0
0	4	1	0
2	4	3	0.666667
0	3	0	0
0	4	0	0
1	4	1	1
0	5	1	0
1	4	1	1
0	5	0	0
0	5	0	0
0	4	0	0
0	2	1	0
0	4	0	0
0	5	1	0
1	5	2	0.5
5	1	20	0.25
1	5	2	0.5
7	1	11	0.636364
0	5	1	0
2	5	2	1
4	3	6	0.666667
0	5	1	0
1	3	1	1
1	3	2	0.5
2	5	3	0.666667
0	5	1	0
1	4	2	0.5
2	2	4	0.5
0	4	1	0
0	5	0	0
0	4	1	0
0	5	1	0
0	4	1	0
1	5	2	0.5
0	5	0	0
0	5	1	0
0	5	1	0
1	3	5	0.2
1	5	2	0.5
1	5	2	0.5
0	3	1	0
0	5	1	0
2	5	3	0.666667
0	4	1	0
0	5	2	0
0	5	1	0
0	5	1	0
0	5	1	0
0	5	1	0
0	5	1	0
0	5	2	0
0	5	1	0
0	5	0	0
0	5	1	0
2	3	2	1
0	5	1	0
0	5	1	0
0	4	0	0
0	5	1	0
0	5	1	0
0	5	0	0
0	5	0	0
0	4	1	0
0	5	0	0
0	4	1	0
1	5	2	0.5
0	5	0	0
0	4	2	0
0	2	6	0
1	5	3	0.333333
2	5	3	0.666667
1	5	3	0.333333
0	4	2	0
0	4	2	0
0	4	0	0
0	4	0	0
0	5	0	0
0	5	0	0
0	2	3	0
0	5	2	0
0	5	0	0
1	3	2	0.5
1	5	2	0.5
3	1	7	0.428571
0	5	1	0
0	5	0	0
0	4	1	0
1	2	3	0.333333
2	5	4	0.5
0	5	1	0
0	5	2	0
1	4	2	0.5
4	4	6	0.666667
1	4	2	0.5
1	5	2	0.5
1	4	2	0.5
0	5	1	0
0	5	1	0
0	5	1	0
0	5	1	0
1	5	1	1
0	5	1	0
1	5	1	1
3	2	7	0.428571
0	3	2	0
0	5	1	0
0	4	1	0
0	5	0	0
0	5	0	0
1	4	2	0.5
0	5	1	0
0	5	2	0
0	4	2	0
0	4	2	0
0	5	1	0
0	4	1	0
1	5	2	0.5
1	2	5	0.2
1	4	2	0.5
1	5	2	0.5
0	4	0	0
0	5	0	0
0	4	0	0
0	5	0	0
1	5	2	0.5
0	5	1	0
0	5	0	0
0	5	0	0
0	4	1	0
0	4	0	0
1	4	2	0.5
0	4	1	0
0	5	0	0
1	5	2	0.5
1	4	1	1
1	5	2	0.5
0	5	1	0
1	5	1	1
1	5	1	1
0	5	2	0
0	5	0	0
0	5	2	0
0	5	1	0
0	4	2	0
0	4	1	0
4	1	8	0.5
0	5	1	0
0	4	1	0
1	5	2	0.5
1	5	2	0.5
0	4	1	0
0	5	1	0
0	5	1	0
0	5	1	0
2	5	3	0.666667
0	5	1	0
0	4	1	0
0	4	0	0
0	5	0	0
0	5	1	0
0	5	1	0
0	4	0	0
8	1	13	0.615385
0	4	1	0
1	4	2	0.5
1	5	2	0.5
0	5	1	0
2	5	2	1
2	5	3	0.666667
0	5	0	0
0	5	0	0
1	4	1	1
1	4	3	0.333333
1	4	1	1
0	5	2	0
50	5	52	0.961538
1	5	1	1
0	5	0	0
0	5	0	0
1	5	1	1
0	5	0	0
0	5	0	0
2	3	3	0.666667
0	5	0	0
0	5	0	0
0	5	1	0
0	5	0	0
2	5	2	1
1	3	1	1
0	5	0	0
3	1	11	0.272727
2	5	2	1
0	5	0	0
1	4	1	1
0	5	2	0
0	5	0	0
0	5	0	0
8	1	13	0.615385
1	3	1	1
1	4	1	1
3	5	3	1
0	4	0	0
0	5	0	0
0	5	0	0
0	5	0	0
0	2	1	0
0	4	0	0
0	4	0	0
0	4	0	0
0	4	0	0
0	4	1	0
0	4	1	0
0	5	1	0
0	5	1	0
1	4	1	1
0	4	0	0
0	4	1	0
0	5	0	0
0	4	0	0
17	5	19	0.894737
0	4	0	0
2	3	3	0.666667
0	5	0	0
0	5	0	0
0	5	0	0
0	5	0	0
0	5	0	0
3	2	4	0.75
0	5	0	0
3	4	3	1
0	5	0	0
2	2	3	0.666667
2	2	4	0.5
3	4	3	1
1	5	1	1
1	4	1	1
4	1	6	0.666667
2	1	3	0.666667
0	4	1	0
1	5	2	0.5
1	4	1	1
0	3	0	0
0	5	0	0
0	5	0	0
0	5	1	0
0	5	0	0
2	5	2	1
0	5	0	0
0	5	0	0
1	4	2	0.5
0	5	0	0
0	5	0	0
0	4	0	0
0	3	0	0
1	5	1	1
1	5	1	1
1	5	1	1
0	5	0	0
2	5	2	1
31	4	32	0.96875
2	5	2	1
0	4	0	0
0	5	1	0
0	5	0	0
0	4	0	0
8	1	15	0.533333
0	3	0	0
0	5	0	0
0	5	0	0
0	3	0	0
0	4	0	0
0	5	0	0
0	5	0	0
0	5	0	0
0	5	0	0
0	5	0	0
2	5	3	0.666667
0	5	0	0
0	4	0	0
3	5	3	1
1	5	3	0.333333
0	4	0	0
1	4	1	1
0	5	0	0
0	3	0	0
0	5	0	0
0	5	0	0
0	5	0	0
2	5	2	1
0	5	0	0
1	5	1	1
0	3	1	0
0	5	0	0
2	5	2	1
0	5	0	0
1	4	1	1
1	5	1	1
0	5	1	0
3	5	3	1
0	5	0	0
0	4	0	0
2	4	2	1
0	2	1	0
0	5	0	0
0	3	0	0
0	3	0	0
0	5	0	0
0	5	0	0
0	5	0	0
0	5	0	0
3	1	9	0.333333
0	2	0	0
0	3	0	0
5	1	8	0.625
0	5	0	0
0	5	0	0
1	5	1	1
0	5	0	0
0	4	0	0
0	5	0	0
0	4	0	0
0	2	0	0
0	4	0	0
0	5	0	0
1	5	2	0.5
0	4	0	0
2	5	2	1
2	1	9	0.222222
2	5	2	1
3	5	3	1
0	5	0	0
0	5	3	0
0	5	0	0
0	5	0	0
0	5	0	0
0	5	0	0
0	4	0	0
0	5	0	0
0	5	0	0
0	5	0	0
1	4	2	0.5
0	5	0	0
0	3	0	0
1	5	1	1
1	2	3	0.333333
0	5	1	0
0	5	0	0
1	4	1	1
0	5	1	0
2	4	3	0.666667
1	4	1	1
0	5	0	0
0	5	1	0
1	4	1	1
0	4	0	0
0	4	0	0
6	1	9	0.666667
1	5	2	0.5
1	5	1	1
0	5	0	0
0	5	1	0
5	1	10	0.5
1	5	1	1
0	4	0	0
4	5	6	0.666667
1	5	1	1
1	5	2	0.5
0	4	0	0
1	4	4	0.25
0	4	0	0
1	5	1	1
0	5	0	0
0	4	0	0
3	4	3	1
0	4	1	0
0	5	3	0
0	4	0	0
1	5	2	0.5
4	3	6	0.666667
0	5	1	0
0	5	1	0
0	4	0	0
0	5	0	0
0	5	1	0
0	5	0	0
1	5	1	1
2	5	2	1
2	5	2	1
6	5	6	1
0	5	0	0
0	5	0	0
4	5	4	1
0	5	0	0
0	5	0	0
1	5	1	1
0	5	0	0
6	5	6	1
7	1	11	0.636364
0	5	0	0
2	5	2	1
4	5	4	1
0	5	0	0
0	5	0	0
3	4	3	1
1	5	1	1
0	5	1	0
11	1	31	0.354839
9	3	12	0.75
4	4	6	0.666667
5	5	5	1
7	1	13	0.538462
1	5	1	1
4	5	4	1
1	5	2	0.5
0	5	1	0
1	5	1	1
3	5	4	0.75
4	5	4	1
0	4	0	0
5	4	8	0.625
1	5	1	1
0	5	0	0
0	5	0	0
2	5	2	1
1	5	1	1
1	4	1	1
1	4	1	1
0	5	0	0
1	5	1	1
1	5	1	1
1	3	3	0.333333
1	5	3	0.333333
0	5	0	0
8	5	8	1
0	5	0	0
0	5	0	0
0	5	0	0
1	3	4	0.25
1	5	1	1
1	5	1	1
6	5	6	1
2	5	2	1
3	5	3	1
1	3	2	0.5
4	4	5	0.8
0	4	0	0
3	4	4	0.75
0	2	2	0
1	4	1	1
3	5	3	1
0	4	0	0
2	5	2	1
1	5	2	0.5
0	5	0	0
0	4	0	0
15	2	29	0.517241
1	5	6	0.166667
0	5	0	0
3	5	3	1
0	5	0	0
0	5	0	0
15	1	28	0.535714
4	4	5	0.8
1	4	1	1
0	3	0	0
5	1	8	0.625
1	5	1	1
8	1	12	0.666667
2	5	2	1
0	4	1	0
0	5	0	0
2	5	2	1
1	5	1	1
0	4	0	0
0	4	0	0
8	1	13	0.615385
2	5	3	0.666667
1	5	1	1
0	4	0	0
0	5	0	0
1	5	2	0.5
8	5	8	1
11	1	17	0.647059
1	5	1	1
0	4	0	0
0	5	0	0
2	5	3	0.666667
5	2	7	0.714286
1	3	1	1
2	5	2	1
4	1	8	0.5
1	5	2	0.5
0	4	0	0
0	5	1	0
14	1	19	0.736842
0	3	0	0
4	5	4	1
1	5	1	1
7	5	8	0.875
6	5	8	0.75
0	4	0	0
2	5	3	0.666667
3	1	6	0.5
1	5	1	1
3	2	5	0.6
7	5	9	0.777778
2	4	2	1
4	2	5	0.8
2	4	3	0.666667
14	5	15	0.933333
0	5	1	0
0	4	0	0
3	5	3	1
52	5	56	0.928571
2	5	3	0.666667
1	5	3	0.333333
0	5	1	0
0	4	1	0
0	4	1	0
1	5	2	0.5
0	5	1	0
1	5	2	0.5
2	4	5	0.4
8	1	12	0.666667
2	1	3	0.666667
2	5	3	0.666667
0	5	1	0
2	5	3	0.666667
3	5	7	0.428571
4	5	4	1
5	5	7	0.714286
0	5	1	0
0	5	0	0
0	4	0	0
0	5	0	0
0	5	0	0
0	5	0	0
0	5	0	0
0	5	1	0
1	5	2	0.5
0	4	0	0
0	5	0	0
0	3	0	0
0	4	0	0
0	5	0	0
0	4	0	0
1	2	2	0.5
2	3	2	1
0	4	0	0
0	5	0	0
0	5	0	0
2	2	3	0.666667
0	5	0	0
0	5	0	0
0	3	0	0
0	4	0	0
0	5	0	0
0	5	0	0
0	4	0	0
0	4	0	0
0	4	0	0
0	5	0	0
0	4	0	0
0	5	0	0
0	2	0	0
0	5	0	0
0	5	0	0
0	5	0	0
0	5	0	0
0	5	0	0
0	5	0	0
0	5	0	0
0	5	0	0
0	4	0	0
7	1	8	0.875
0	5	0	0
0	5	0	0
0	4	0	0
3	2	3	1
0	5	0	0
0	5	0	0
0	5	0	0
0	5	0	0
1	2	1	1
0	5	0	0
0	5	0	0
0	5	0	0
0	5	0	0
0	5	0	0
0	4	0	0
0	5	0	0
0	5	0	0
1	2	1	1
0	4	0	0
0	5	0	0
0	5	0	0
0	3	0	0
0	2	0	0
0	4	0	0
0	5	0	0
0	4	0	0
0	5	0	0
0	5	0	0
0	5	0	0
0	2	0	0
0	5	0	0
0	5	0	0
8	1	9	0.888889
0	4	0	0
0	5	0	0
0	5	0	0
0	4	0	0
0	4	0	0
0	5	0	0
0	4	0	0
0	5	0	0
0	5	0	0
0	5	1	0
0	5	0	0
2	5	2	1
1	5	2	0.5
0	5	0	0
0	4	0	0
0	3	0	0
0	4	0	0
0	5	0	0
0	5	0	0
0	4	0	0
0	5	0	0
0	5	0	0
0	5	0	0
0	5	0	0
0	5	0	0
0	5	0	0
0	5	0	0
0	5	0	0
0	5	0	0
0	5	0	0
0	5	0	0
0	3	0	0
0	4	0	0
0	5	0	0
0	4	0	0
0	5	0	0
1	4	1	1
0	5	0	0
0	5	0	0
0	5	0	0
0	4	0	0
0	2	0	0
0	5	0	0
0	5	0	0
0	4	0	0
0	5	0	0
0	5	0	0
0	2	0	0
0	5	0	0
1	2	2	0.5
0	5	0	0
0	5	0	0
0	5	0	0
0	4	0	0
0	5	0	0
0	5	0	0
0	5	0	0
0	4	0	0
0	2	0	0
0	3	0	0
0	4	0	0
2	1	3	0.666667
0	5	0	0
0	3	0	0
1	5	1	1
0	5	0	0
0	5	0	0
0	5	0	0
0	5	0	0
0	5	0	0
0	4	0	0
0	5	0	0
0	5	0	0
0	5	0	0
0	5	0	0
0	5	0	0
0	5	0	0
0	5	0	0
0	5	0	0
0	2	0	0
0	4	0	0
0	4	0	0
0	5	0	0
0	4	0	0
0	5	0	0
0	4	0	0
0	2	1	0
0	5	0	0
0	5	0	0
0	5	0	0
0	5	0	0
0	2	0	0
0	2	0	0
0	5	0	0
1	1	2	0.5
0	5	0	0
0	5	0	0
1	4	1	1
0	4	1	0
0	5	0	0
0	4	0	0
0	5	0	0
0	5	0	0
0	5	0	0
0	5	0	0
2	1	4	0.5
0	4	0	0
3	1	3	1
0	4	0	0
0	5	0	0
0	4	0	0
0	4	0	0
0	5	0	0
0	4	0	0
0	5	0	0
0	4	0	0
0	2	0	0
0	5	0	0
0	4	0	0
2	1	3	0.666667
0	5	0	0
0	3	0	0
0	4	0	0
0	4	0	0
0	5	0	0
0	5	0	0
0	3	0	0
0	3	0	0
0	5	0	0
1	3	1	1
4	1	6	0.666667
0	3	0	0
0	5	0	0
0	5	0	0
0	4	0	0
0	3	0	0
0	5	0	0
0	4	0	0
0	4	0	0
0	4	0	0
0	3	0	0
0	5	0	0
0	5	0	0
0	4	0	0
0	5	0	0
0	4	0	0
0	2	0	0
0	4	0	0
0	2	0	0
0	4	0	0
0	4	0	0
0	5	0	0
0	4	0	0
0	5	0	0
0	5	0	0
0	5	0	0
0	4	0	0
0	5	0	0
0	4	0	0
0	5	0	0
0	5	0	0
0	5	0	0
0	5	0	0
0	5	0	0
1	1	1	1
0	5	0	0
0	1	1	0
0	5	0	0
0	3	0	0
0	5	0	0
