8	1	28	0.285714
8	5	11	0.727273
7	1	24	0.291667
2	4	8	0.25
12	1	31	0.387097
7	4	11	0.636364
5	5	12	0.416667
6	1	21	0.285714
5	1	25	0.2
10	1	26	0.384615
9	1	26	0.346154
5	4	6	0.833333
5	3	7	0.714286
9	3	19	0.473684
4	4	12	0.333333
12	5	16	0.75
3	5	6	0.5
15	1	44	0.340909
11	1	28	0.392857
15	5	23	0.652174
10	1	47	0.212766
11	4	16	0.6875
10	1	44	0.227273
7	5	11	0.636364
5	4	10	0.5
9	1	39	0.230769
5	3	9	0.555556
9	1	36	0.25
12	1	40	0.3
9	5	16	0.5625
5	3	11	0.454545
12	5	20	0.6
12	5	18	0.666667
8	4	12	0.666667
14	1	58	0.241379
13	1	55	0.236364
7	5	13	0.538462
10	4	12	0.833333
11	1	43	0.255814
14	5	17	0.823529
11	5	23	0.478261
9	1	61	0.147541
3	3	4	0.75
6	1	53	0.113208
16	5	20	0.8
5	4	6	0.833333
7	5	11	0.636364
7	4	9	0.777778
5	1	47	0.106383
7	1	31	0.225806
5	2	12	0.416667
2	2	19	0.105263
12	5	15	0.8
8	5	9	0.888889
9	5	12	0.75
4	1	50	0.08
13	5	15	0.866667
6	1	23	0.26087
20	1	83	0.240964
11	1	60	0.183333
11	5	14	0.785714
14	5	20	0.7
27	5	33	0.818182
5	1	25	0.2
10	5	12	0.833333
3	2	13	0.230769
2	1	23	0.0869565
1	1	31	0.0322581
8	5	9	0.888889
0	3	2	0
8	5	10	0.8
8	1	39	0.205128
15	5	19	0.789474
12	5	14	0.857143
6	5	9	0.666667
14	4	16	0.875
9	4	12	0.75
7	1	28	0.25
4	5	9	0.444444
3	1	24	0.125
10	5	14	0.714286
9	4	14	0.642857
4	5	31	0.129032
27	5	35	0.771429
11	5	19	0.578947
9	5	14	0.642857
12	1	44	0.272727
13	2	40	0.325
15	1	66	0.227273
5	4	11	0.454545
2	3	11	0.181818
4	4	10	0.4
8	3	9	0.888889
4	5	7	0.571429
4	5	7	0.571429
22	5	26	0.846154
4	5	21	0.190476
3	4	15	0.2
2	3	3	0.666667
15	5	17	0.882353
3	1	33	0.0909091
4	4	4	1
6	1	31	0.193548
2	5	2	1
9	4	11	0.818182
4	2	11	0.363636
6	1	35	0.171429
7	4	9	0.777778
2	3	9	0.222222
4	5	5	0.8
7	2	14	0.5
2	3	6	0.333333
9	1	50	0.18
31	1	56	0.553571
8	4	11	0.727273
27	5	46	0.586957
10	5	17	0.588235
9	5	25	0.36
7	2	16	0.4375
6	2	15	0.4
20	4	26	0.769231
4	5	8	0.5
8	5	12	0.666667
5	5	9	0.555556
1	5	1	1
8	1	28	0.285714
7	5	8	0.875
5	1	20	0.25
2	5	4	0.5
6	4	6	1
5	4	5	1
4	4	6	0.666667
2	5	2	1
9	1	32	0.28125
4	5	10	0.4
5	5	6	0.833333
4	5	4	1
4	4	4	1
2	5	4	0.5
7	2	12	0.583333
1	2	7	0.142857
4	1	15	0.266667
6	1	23	0.26087
11	1	35	0.314286
9	1	20	0.45
2	5	4	0.5
3	5	6	0.5
3	3	4	0.75
5	1	13	0.384615
6	1	21	0.285714
4	1	16	0.25
5	1	16	0.3125
5	1	18	0.277778
8	1	32	0.25
4	1	24	0.166667
6	5	10	0.6
11	5	13	0.846154
9	5	14	0.642857
9	1	19	0.473684
6	2	14	0.428571
3	4	12	0.25
8	1	24	0.333333
8	1	21	0.380952
3	2	14	0.214286
9	4	12	0.75
6	5	12	0.5
6	5	10	0.6
8	5	11	0.727273
7	2	13	0.538462
4	5	8	0.5
7	1	27	0.259259
4	3	6	0.666667
3	5	7	0.428571
8	5	9	0.888889
6	5	12	0.5
6	4	9	0.666667
7	1	33	0.212121
4	3	5	0.8
5	4	7	0.714286
3	3	5	0.6
2	4	2	1
9	2	15	0.6
12	1	40	0.3
7	1	50	0.14
3	3	4	0.75
10	4	12	0.833333
3	5	4	0.75
9	5	10	0.9
4	4	8	0.5
10	1	41	0.243902
5	5	6	0.833333
4	5	5	0.8
5	5	5	1
5	4	5	1
4	5	6	0.666667
7	5	8	0.875
6	4	12	0.5
13	1	32	0.40625
9	2	17	0.529412
8	4	10	0.8
8	1	35	0.228571
5	3	9	0.555556
10	1	31	0.322581
11	5	13	0.846154
10	5	14	0.714286
5	5	9	0.555556
8	5	10	0.8
8	1	54	0.148148
6	3	11	0.545455
5	5	7	0.714286
3	5	4	0.75
37	4	50	0.74
31	5	51	0.607843
18	1	45	0.4
9	1	37	0.243243
7	5	14	0.5
15	5	21	0.714286
6	3	8	0.75
4	5	7	0.571429
4	5	5	0.8
8	4	11	0.727273
3	5	5	0.6
3	5	4	0.75
6	3	9	0.666667
2	5	7	0.285714
6	1	26	0.230769
3	5	8	0.375
6	1	25	0.24
3	5	6	0.5
9	1	19	0.473684
4	5	6	0.666667
1	5	4	0.25
10	5	13	0.769231
5	5	6	0.833333
2	4	3	0.666667
2	4	3	0.666667
4	5	7	0.571429
16	4	20	0.8
10	5	12	0.833333
6	4	7	0.857143
3	4	4	0.75
7	5	9	0.777778
7	1	38	0.184211
3	4	3	1
5	5	7	0.714286
3	4	3	1
3	4	5	0.6
3	4	5	0.6
3	5	5	0.6
14	5	18	0.777778
5	5	7	0.714286
1	2	14	0.0714286
8	5	10	0.8
2	4	3	0.666667
7	3	8	0.875
7	3	9	0.777778
6	4	7	0.857143
1	3	5	0.2
4	5	9	0.444444
2	2	11	0.181818
6	5	10	0.6
3	5	6	0.5
5	5	8	0.625
1	5	12	0.0833333
4	5	10	0.4
3	4	5	0.6
9	5	13	0.692308
7	5	13	0.538462
5	2	16	0.3125
11	5	16	0.6875
6	3	11	0.545455
5	1	23	0.217391
7	5	9	0.777778
7	5	17	0.411765
13	1	49	0.265306
3	4	15	0.2
12	5	15	0.8
19	1	38	0.5
7	5	11	0.636364
13	1	44	0.295455
5	5	6	0.833333
7	5	11	0.636364
6	4	7	0.857143
5	4	7	0.714286
11	5	33	0.333333
10	5	16	0.625
5	1	38	0.131579
7	1	23	0.304348
7	2	17	0.411765
9	1	28	0.321429
9	2	22	0.409091
11	1	39	0.282051
11	5	17	0.647059
10	5	17	0.588235
4	2	16	0.25
10	4	12	0.833333
1	1	11	0.0909091
6	5	8	0.75
7	3	12	0.583333
9	1	29	0.310345
0	2	1	0
6	1	35	0.171429
7	5	12	0.583333
1	5	1	1
7	5	8	0.875
19	1	79	0.240506
9	4	10	0.9
2	3	14	0.142857
9	5	21	0.428571
10	5	15	0.666667
1	5	1	1
26	1	106	0.245283
12	1	67	0.179104
12	5	19	0.631579
18	2	68	0.264706
9	1	100	0.09
16	1	69	0.231884
12	5	32	0.375
4	2	8	0.5
12	5	21	0.571429
7	4	9	0.777778
11	2	22	0.5
10	5	20	0.5
13	1	51	0.254902
10	5	21	0.47619
9	1	45	0.2
9	4	11	0.818182
1	4	4	0.25
7	1	47	0.148936
4	5	13	0.307692
10	1	29	0.344828
9	5	12	0.75
14	5	20	0.7
10	1	57	0.175439
3	1	23	0.130435
3	4	7	0.428571
3	5	7	0.428571
8	5	15	0.533333
6	4	9	0.666667
1	4	4	0.25
9	5	12	0.75
10	1	51	0.196078
6	1	47	0.12766
16	1	61	0.262295
1	4	3	0.333333
12	1	27	0.444444
3	4	9	0.333333
5	1	23	0.217391
5	5	13	0.384615
7	5	19	0.368421
8	5	17	0.470588
19	1	53	0.358491
12	5	23	0.521739
2	5	7	0.285714
2	1	9	0.222222
7	3	7	1
7	5	14	0.5
4	5	10	0.4
8	2	21	0.380952
9	5	15	0.6
11	3	14	0.785714
7	1	43	0.162791
7	5	11	0.636364
14	1	65	0.215385
6	3	11	0.545455
4	1	11	0.363636
13	5	26	0.5
10	1	48	0.208333
3	4	3	1
3	5	9	0.333333
10	1	61	0.163934
14	3	20	0.7
0	5	0	0
9	1	43	0.209302
0	3	0	0
2	5	10	0.2
10	1	44	0.227273
7	5	12	0.583333
8	3	13	0.615385
8	5	10	0.8
12	1	52	0.230769
6	5	12	0.5
16	3	26	0.615385
28	2	53	0.528302
9	1	67	0.134328
7	5	15	0.466667
16	5	24	0.666667
2	5	9	0.222222
0	5	0	0
3	5	13	0.230769
3	4	11	0.272727
0	4	16	0
13	1	51	0.254902
3	5	11	0.272727
13	5	19	0.684211
6	5	25	0.24
10	1	38	0.263158
9	1	52	0.173077
15	5	19	0.789474
8	1	33	0.242424
10	1	57	0.175439
0	4	0	0
5	1	17	0.294118
15	5	23	0.652174
8	5	15	0.533333
5	2	13	0.384615
3	4	6	0.5
8	3	11	0.727273
11	1	32	0.34375
6	5	11	0.545455
7	5	10	0.7
12	1	28	0.428571
11	2	47	0.234043
3	1	9	0.333333
20	3	23	0.869565
12	5	15	0.8
10	5	16	0.625
5	5	6	0.833333
8	5	14	0.571429
1	3	4	0.25
4	4	10	0.4
3	1	28	0.107143
3	1	14	0.214286
9	1	20	0.45
7	1	27	0.259259
12	5	17	0.705882
7	1	24	0.291667
9	4	11	0.818182
3	4	7	0.428571
4	1	24	0.166667
3	5	5	0.6
1	5	3	0.333333
5	5	9	0.555556
0	5	0	0
6	4	10	0.6
3	5	10	0.3
5	1	31	0.16129
4	1	19	0.210526
8	4	11	0.727273
2	4	5	0.4
6	2	16	0.375
14	1	65	0.215385
35	1	60	0.583333
1	2	3	0.333333
6	4	11	0.545455
7	3	17	0.411765
13	1	31	0.419355
15	1	36	0.416667
290	5	463	0.62635
1	5	5	0.2
2	4	6	0.333333
4	2	6	0.666667
3	5	7	0.428571
2	5	6	0.333333
3	1	12	0.25
18	1	66	0.272727
9	5	12	0.75
6	5	10	0.6
12	2	42	0.285714
7	1	28	0.25
9	1	30	0.3
7	1	44	0.159091
8	5	11	0.727273
3	5	6	0.5
9	5	13	0.692308
9	4	11	0.818182
7	1	24	0.291667
12	5	15	0.8
7	1	35	0.2
6	5	12	0.5
5	4	28	0.178571
3	4	7	0.428571
12	1	61	0.196721
0	5	0	0
12	5	29	0.413793
6	4	11	0.545455
7	5	10	0.7
0	2	0	0
14	1	66	0.212121
17	1	43	0.395349
19	5	27	0.703704
17	1	58	0.293103
17	1	98	0.173469
12	1	34	0.352941
10	4	14	0.714286
7	4	10	0.7
92	5	148	0.621622
17	1	46	0.369565
6	5	10	0.6
5	4	8	0.625
4	5	10	0.4
7	2	38	0.184211
4	5	9	0.444444
1	4	3	0.333333
4	4	5	0.8
4	1	28	0.142857
1	5	3	0.333333
10	3	12	0.833333
4	5	5	0.8
8	1	47	0.170213
9	5	11	0.818182
11	5	14	0.785714
94	5	126	0.746032
8	5	11	0.727273
12	5	16	0.75
9	5	13	0.692308
8	5	14	0.571429
8	2	9	0.888889
4	1	18	0.222222
2	5	7	0.285714
4	1	22	0.181818
6	1	45	0.133333
10	4	16	0.625
6	3	25	0.24
24	5	29	0.827586
8	5	11	0.727273
5	2	13	0.384615
4	5	7	0.571429
7	1	44	0.159091
7	1	23	0.304348
85	5	106	0.801887
4	5	11	0.363636
9	1	32	0.28125
7	5	10	0.7
8	5	12	0.666667
4	1	32	0.125
6	4	11	0.545455
12	5	18	0.666667
7	4	10	0.7
8	4	10	0.8
23	4	33	0.69697
4	4	5	0.8
9	1	46	0.195652
3	5	5	0.6
0	4	1	0
3	4	6	0.5
5	5	9	0.555556
5	2	11	0.454545
6	4	12	0.5
12	3	25	0.48
20	5	25	0.8
4	1	11	0.363636
9	1	41	0.219512
15	5	19	0.789474
13	1	98	0.132653
12	5	17	0.705882
11	5	17	0.647059
9	4	11	0.818182
0	1	4	0
7	4	11	0.636364
28	5	36	0.777778
9	5	12	0.75
15	4	23	0.652174
13	5	17	0.764706
24	5	38	0.631579
13	4	21	0.619048
16	1	51	0.313725
13	1	70	0.185714
5	5	8	0.625
12	4	20	0.6
21	5	29	0.724138
9	5	20	0.45
0	5	0	0
7	4	14	0.5
9	5	13	0.692308
7	5	9	0.777778
6	5	8	0.75
0	5	0	0
12	5	19	0.631579
43	5	52	0.826923
30	5	37	0.810811
5	1	28	0.178571
16	1	61	0.262295
10	1	56	0.178571
15	5	22	0.681818
18	1	53	0.339623
37	5	51	0.72549
19	1	98	0.193878
15	5	22	0.681818
10	1	39	0.25641
3	3	20	0.15
8	4	19	0.421053
19	3	26	0.730769
22	5	34	0.647059
8	5	12	0.666667
17	5	28	0.607143
20	2	39	0.512821
6	5	9	0.666667
28	5	38	0.736842
11	5	14	0.785714
3	3	5	0.6
7	5	19	0.368421
12	5	15	0.8
13	2	35	0.371429
13	5	20	0.65
11	5	24	0.458333
4	4	9	0.444444
2	5	6	0.333333
23	1	92	0.25
13	5	19	0.684211
7	5	9	0.777778
8	5	11	0.727273
15	4	23	0.652174
10	5	14	0.714286
10	4	18	0.555556
12	5	31	0.387097
21	5	32	0.65625
14	5	22	0.636364
22	4	30	0.733333
20	5	25	0.8
14	5	20	0.7
2	3	17	0.117647
12	5	20	0.6
12	5	17	0.705882
10	5	19	0.526316
39	3	46	0.847826
6	5	9	0.666667
120	5	159	0.754717
28	5	36	0.777778
9	5	14	0.642857
12	1	98	0.122449
30	4	38	0.789474
37	1	113	0.327434
6	5	15	0.4
17	5	26	0.653846
24	5	31	0.774194
10	5	14	0.714286
8	1	57	0.140351
21	5	32	0.65625
10	1	62	0.16129
22	2	44	0.5
7	5	19	0.368421
14	5	25	0.56
13	5	21	0.619048
6	4	11	0.545455
29	5	39	0.74359
11	2	22	0.5
11	5	15	0.733333
17	5	27	0.62963
12	5	21	0.571429
18	2	36	0.5
12	5	25	0.48
16	4	22	0.727273
15	1	100	0.15
16	5	23	0.695652
22	4	32	0.6875
0	5	0	0
16	5	27	0.592593
19	5	35	0.542857
19	2	45	0.422222
41	4	52	0.788462
0	5	0	0
20	4	31	0.645161
5	3	11	0.454545
15	3	20	0.75
31	5	39	0.794872
12	1	80	0.15
26	4	35	0.742857
6	4	7	0.857143
3	5	5	0.6
12	5	15	0.8
14	5	19	0.736842
13	1	74	0.175676
11	5	14	0.785714
3	5	4	0.75
2	5	4	0.5
32	5	36	0.888889
11	3	14	0.785714
5	5	9	0.555556
8	5	14	0.571429
15	5	19	0.789474
0	4	1	0
1	5	7	0.142857
4	2	16	0.25
46	5	63	0.730159
3	5	6	0.5
20	3	56	0.357143
5	5	8	0.625
2	4	6	0.333333
2	4	8	0.25
2	1	16	0.125
13	4	57	0.22807
5	5	8	0.625
3	5	6	0.5
7	5	9	0.777778
3	4	4	0.75
5	1	13	0.384615
3	5	6	0.5
93	5	116	0.801724
3	5	4	0.75
5	1	18	0.277778
21	5	35	0.6
2	5	5	0.4
19	5	31	0.612903
34	5	54	0.62963
1	5	4	0.25
3	5	6	0.5
1	5	3	0.333333
2	5	4	0.5
4	1	12	0.333333
37	1	158	0.234177
2	5	3	0.666667
3	1	9	0.333333
1	5	2	0.5
1	5	4	0.25
3	1	11	0.272727
4	5	6	0.666667
200	4	240	0.833333
6	4	8	0.75
1	5	3	0.333333
1	1	8	0.125
27	1	193	0.139896
38	5	47	0.808511
2	1	12	0.166667
37	5	50	0.74
1	5	5	0.2
1	5	3	0.333333
1	5	3	0.333333
3	1	11	0.272727
40	5	52	0.769231
1	5	3	0.333333
1	4	4	0.25
1	5	4	0.25
1	5	2	0.5
0	5	2	0
152	5	186	0.817204
0	5	2	0
1	5	2	0.5
1	5	4	0.25
1	5	4	0.25
1	5	3	0.333333
1	5	3	0.333333
1	5	4	0.25
1	5	4	0.25
0	4	2	0
3	1	14	0.214286
2	5	3	0.666667
1	3	1	1
3	4	5	0.6
1	5	3	0.333333
1	5	4	0.25
1	4	3	0.333333
1	5	3	0.333333
1	5	3	0.333333
2	1	9	0.222222
0	5	1	0
18	1	127	0.141732
1	5	3	0.333333
2	1	8	0.25
4	1	12	0.333333
1	5	3	0.333333
1	5	3	0.333333
4	1	11	0.363636
4	1	12	0.333333
1	5	3	0.333333
2	1	8	0.25
2	1	8	0.25
1	5	3	0.333333
3	1	10	0.3
4	1	12	0.333333
6	1	14	0.428571
46	4	62	0.741935
29	4	40	0.725
1	5	3	0.333333
2	1	8	0.25
2	2	4	0.5
0	5	2	0
2	1	7	0.285714
0	5	2	0
51	5	70	0.728571
2	4	4	0.5
3	4	4	0.75
1	5	3	0.333333
4	1	14	0.285714
1	5	2	0.5
2	5	5	0.4
0	5	2	0
4	1	12	0.333333
0	5	1	0
0	4	1	0
1	5	2	0.5
0	5	3	0
4	3	5	0.8
2	5	3	0.666667
2	2	4	0.5
46	5	71	0.647887
1	5	3	0.333333
1	5	3	0.333333
1	5	3	0.333333
2	5	3	0.666667
3	5	6	0.5
56	5	71	0.788732
1	5	5	0.2
