1 5
1 4
6 5
1 5
0 5
0 5
2 3
3 5
0 5
0 5
3 5
3 5
1 4
0 4
2 5
4 3
2 5
0 5
2 5
1 5
1 5
3 5
2 4
1 5
4 5
3 5
2 4
3 5
5 5
1 5
2 5
4 5
8 5
7 5
3 5
1 5
2 5
2 4
0 5
1 5
0 5
4 5
2 2
4 5
1 5
2 5
3 5
1 4
3 5
1 5
0 5
12 3
1 5
2 5
1 5
1 5
1 5
1 4
0 4
0 4
0 5
0 5
2 5
1 5
1 5
0 5
3 5
1 5
0 5
0 4
1 4
1 5
0 4
2 5
1 5
3 5
12 1
3 5
5 5
1 5
2 5
1 4
2 5
1 5
1 4
1 5
0 4
0 5
0 4
2 5
3 5
3 5
5 5
4 5
1 5
1 5
1 5
2 5
249 5
3 5
2 5
2 5
8 5
1 5
1 5
1 5
2 5
2 5
1 5
2 5
1 5
2 5
5 5
1 5
1 5
1 5
1 5
3 2
4 3
1 5
1 5
1 5
1 4
2 5
2 5
0 5
0 5
0 5
0 4
1 4
0 4
5 1
1 5
0 4
1 4
1 5
0 5
0 5
1 5
1 5
1 5
1 5
1 4
1 5
0 5
1 5
2 5
1 5
1 4
0 5
1 4
0 4
0 5
0 3
0 4
0 4
0 4
0 4
0 4
0 4
0 4
0 4
0 4
1 4
5 3
1 4
0 4
0 5
0 4
0 4
1 5
0 4
0 5
0 5
0 5
2 4
2 5
1 4
0 5
0 4
0 4
0 5
7 1
1 5
4 5
9 2
0 5
1 5
0 5
1 4
1 5
0 5
2 5
0 5
5 3
1 5
0 5
0 5
0 4
8 1
0 5
0 5
0 4
0 5
10 1
1 5
0 5
1 5
2 5
1 4
1 4
1 5
2 5
1 5
0 5
1 5
0 4
1 5
2 5
0 4
2 4
0 5
8 1
1 5
0 5
1 5
3 5
0 5
0 5
3 4
1 5
5 3
1 5
0 4
66 1
4 4
6 1
0 4
1 5
1 5
0 5
0 5
3 2
3 5
2 4
0 5
0 4
2 5
0 3
1 5
1 5
0 5
2 5
0 5
1 5
6 5
0 5
2 5
1 5
0 5
1 4
1 5
0 5
1 5
0 4
1 5
0 5
1 4
1 5
0 5
2 5
1 5
0 5
3 5
0 4
0 5
0 5
3 5
4 5
5 1
1 5
1 5
0 5
0 5
3 1
1 3
3 5
0 5
0 3
0 5
0 5
1 5
1 5
1 5
0 5
2 5
1 4
0 5
1 5
0 5
1 5
0 5
0 5
0 4
0 4
38 5
1 5
1 5
0 5
0 5
0 5
2 4
2 4
3 5
0 4
0 5
2 4
0 3
1 4
0 4
0 5
0 5
0 5
0 5
5 2
0 5
0 5
1 5
1 5
4 5
0 4
0 5
8 5
7 3
1 3
1 4
1 4
0 5
0 5
0 4
2 5
1 5
337 5
1 5
1 5
8 1
3 5
1 5
1 5
1 4
2 5
1 5
1 4
2 5
2 5
5 1
2 5
1 3
1 5
1 5
1 5
2 5
0 5
0 5
0 5
0 5
0 5
3 5
1 5
1 5
1 4
0 5
0 4
0 5
0 5
0 5
1 5
1 5
0 5
0 4
0 5
1 5
1 5
1 5
1 4
8 4
0 4
0 4
0 5
1 5
0 5
0 5
1 5
0 5
2 5
1 5
1 5
6 5
1 5
7 5
0 4
1 5
1 5
0 5
0 5
0 5
0 5
0 5
0 4
0 5
1 4
2 5
1 4
4 1
1 5
0 5
0 4
3 5
0 5
2 5
0 4
0 5
0 5
7 5
1 5
2 5
0 5
0 5
0 5
0 5
11 2
5 2
0 5
2 5
0 5
5 5
2 5
24 5
0 5
1 5
0 5
0 5
3 5
443 5
1 5
0 5
0 5
1 5
4 2
0 5
0 5
1 4
4 5
9 5
1 4
1 5
10 5
1 5
2 5
0 5
0 5
4 5
2 5
11 5
0 5
0 5
1 5
1 5
5 5
4 5
6 1
2 5
0 5
0 4
1 5
0 4
0 4
1 5
0 5
5 5
0 5
0 5
0 5
4 5
0 5
3 2
0 4
1 5
0 5
2 4
1 5
0 5
0 5
1 4
0 5
0 5
24 1
0 5
0 5
1 5
1 5
1 5
1 5
2 5
0 4
0 4
3 4
40 1
0 4
0 5
7 1
1 5
21 5
0 4
32 5
0 5
1 5
1 5
0 5
0 5
0 5
1 5
0 5
5 5
8 5
1 5
0 5
1 5
3 2
0 5
10 4
0 5
0 5
5 1
0 5
0 5
0 5
1 5
2 5
2 4
1 5
1 5
0 5
0 5
1 4
0 5
0 5
1 5
1 4
0 4
2 5
3 5
2 5
1 4
0 5
0 4
1 4
0 4
0 5
1 4
0 5
2 5
2 5
4 5
2 5
2 5
9 1
1 3
1 5
1 5
1 5
5 5
0 5
6 1
3 5
2 4
0 5
1 4
25 5
1 5
2 4
4 5
11 5
1 5
0 5
0 5
0 5
4 5
0 5
0 5
0 5
1 4
0 5
0 3
2 5
4 5
2 5
9 5
0 5
0 4
0 4
0 3
0 5
0 4
3 5
0 4
0 5
1 5
1 5
1 5
2 5
1 5
0 4
0 5
0 5
0 4
0 4
0 4
1 5
2 5
0 5
0 5
1 3
1 5
0 5
0 5
4 5
2 4
2 4
1 5
1 5
0 5
0 5
0 5
6 1
1 4
0 5
1 5
2 5
1 5
1 5
1 4
0 5
3 5
94 5
1 4
8 5
2 5
3 5
1 5
0 5
1 5
5 5
18 5
4 4
3 5
0 5
1 5
0 5
2 5
2 5
3 5
1 5
5 4
0 5
3 5
0 5
1 5
1 5
3 4
40 1
1 5
1 5
1 5
3 5
7 5
0 3
3 5
3 5
2 5
3 5
2 5
1 5
8 4
0 5
3 3
2 5
11 1
0 5
0 5
2 2
1 5
0 5
0 5
0 5
0 5
0 5
0 5
0 5
0 5
0 5
0 4
0 5
0 5
0 5
0 5
1 5
0 4
0 5
0 5
0 5
0 5
0 5
0 5
1 5
1 5
0 5
1 5
1 5
1 5
1 5
1 5
1 5
2 2
1 5
0 5
0 5
0 5
0 5
6 2
0 5
1 5
1 5
0 5
1 5
0 5
0 5
1 5
1 5
1 5
1 5
1 5
0 5
0 3
0 5
3 2
1 5
1 5
1 5
15 1
14 1
1 5
1 5
1 5
2 5
1 5
0 5
0 5
0 5
0 4
0 5
4 5
1 5
1 5
1 5
0 5
0 5
1 5
0 5
1 5
1 5
1 5
1 5
1 5
1 5
1 5
1 4
1 5
0 5
