1 4
4 3
3 5
3 5
0 4
0 4
1 4
0 5
1 5
1 4
5 2
7 2
6 2
1 5
1 5
0 5
1 5
3 5
2 5
0 5
0 5
0 5
0 5
0 5
0 5
11 1
1 4
2 5
0 5
0 4
0 5
1 5
0 5
0 4
0 5
0 5
1 5
1 5
2 5
1 3
6 1
0 4
0 4
6 1
1 3
5 3
24 3
0 5
3 2
2 5
0 5
0 5
1 5
0 4
0 5
0 5
0 5
2 5
2 1
1 5
1 5
0 5
1 5
2 5
4 1
0 5
3 5
0 5
2 5
5 1
0 4
0 5
0 5
2 5
0 5
0 5
1 5
0 5
0 5
0 5
0 5
0 5
0 5
0 5
0 4
0 5
0 5
3 2
0 4
1 1
1 5
0 4
0 4
0 5
1 5
0 5
0 5
1 5
0 5
0 5
1 5
0 5
0 5
0 4
1 5
3 1
0 5
2 1
0 5
0 5
0 5
2 2
1 5
0 4
0 3
0 5
0 4
0 5
0 5
0 5
0 1
0 5
0 5
0 5
0 4
0 5
2 2
0 5
2 5
0 5
0 5
0 5
0 5
1 5
0 5
3 1
0 5
0 5
0 5
1 1
0 5
2 2
0 5
3 5
0 5
0 5
0 5
2 1
0 5
0 5
0 5
0 5
1 5
1 5
0 5
1 4
0 5
0 4
1 5
1 5
0 5
1 5
0 4
0 5
3 1
0 5
0 5
0 5
1 5
0 5
0 5
0 5
9 1
0 5
0 5
0 5
0 5
0 5
0 5
1 5
0 5
0 5
0 4
0 4
0 5
0 5
1 5
1 5
1 5
2 5
0 4
1 4
2 5
1 4
0 5
3 5
2 4
0 5
2 5
0 3
0 3
0 5
1 2
3 1
1 5
1 5
0 5
0 5
0 5
0 5
0 5
0 5
0 5
0 4
0 5
0 5
0 5
1 4
0 2
0 5
0 5
1 4
3 1
0 5
0 5
2 5
0 5
4 1
0 5
0 5
0 4
0 5
0 3
0 5
1 5
0 5
1 5
0 4
1 5
0 5
2 1
1 1
4 1
1 5
0 5
1 5
0 5
0 5
1 2
0 4
0 5
0 4
0 5
0 5
1 5
0 5
0 5
0 4
0 5
0 5
0 5
0 5
1 5
0 5
1 3
2 5
1 5
0 5
2 5
0 5
0 5
0 5
0 3
0 5
0 5
1 4
2 5
0 5
0 5
0 5
0 4
0 5
4 5
0 5
0 5
0 5
0 5
0 4
1 5
0 5
0 5
0 4
0 5
0 5
0 5
0 5
0 5
0 5
0 5
0 5
0 5
0 5
0 5
0 5
0 5
0 5
0 5
0 4
0 4
0 4
0 5
0 5
0 5
0 5
0 5
3 5
1 5
0 5
0 5
0 5
0 5
0 3
0 5
0 5
0 3
0 5
0 5
0 5
0 5
0 5
0 5
3 5
0 4
0 4
0 5
0 5
0 5
1 3
0 5
0 5
0 5
0 5
0 5
3 5
0 5
0 5
0 5
0 5
0 5
0 4
0 5
0 5
3 5
1 5
0 5
1 3
1 5
0 5
2 5
0 4
2 5
0 5
0 5
1 5
0 5
0 5
0 5
1 4
0 5
1 2
1 2
1 5
4 5
0 1
2 1
0 4
0 4
0 3
0 5
2 4
2 2
2 2
0 5
2 5
0 5
0 3
2 4
1 5
0 5
10 5
0 5
0 5
1 5
0 5
0 5
0 5
0 1
1 5
0 5
4 4
0 5
0 5
0 5
0 5
0 5
0 5
0 5
0 5
4 4
1 5
3 5
0 2
0 5
0 5
0 5
0 5
11 4
0 5
0 5
0 5
1 1
0 5
5 5
0 5
0 5
0 4
0 4
0 5
0 5
1 5
0 5
0 5
0 5
0 4
0 4
0 5
0 5
1 2
1 4
4 5
1 5
0 5
1 2
15 5
2 5
0 5
3 5
3 1
0 5
2 2
0 5
0 4
0 4
0 5
0 5
0 5
2 5
1 5
1 4
1 5
0 5
0 5
0 5
1 4
0 5
0 5
12 4
0 5
1 5
0 5
2 3
0 5
1 5
0 5
0 4
0 5
0 5
0 5
3 4
0 5
0 4
0 4
0 4
0 4
0 4
0 4
0 1
1 4
0 4
1 5
0 5
2 4
0 5
0 5
1 5
9 4
18 3
0 5
20 4
0 5
0 5
1 5
1 5
0 5
2 5
1 5
1 4
1 5
0 4
0 5
1 4
5 5
152 5
32 5
2 5
0 5
0 3
0 4
3 4
0 4
0 3
2 2
2 5
0 5
0 5
1 5
0 5
0 5
0 5
0 2
0 4
2 5
0 4
2 1
2 2
0 5
0 5
0 5
1 3
1 5
1 5
6 5
1 5
2 1
1 5
2 1
7 5
2 5
0 5
0 5
1 5
1 5
17 1
0 5
0 5
1 5
4 4
0 4
2 1
2 5
0 5
0 5
3 2
0 5
0 5
0 4
1 5
1 5
0 5
0 4
1 4
2 1
0 5
20 5
1 5
0 5
5 2
2 4
0 4
2 5
0 5
1 3
0 5
0 5
0 5
0 4
0 5
0 5
0 3
0 5
0 5
0 5
9 1
