0 5
1 4
2 5
2 4
0 5
2 5
4 3
0 5
0 5
3 5
0 4
1 5
2 5
0 3
1 5
1 5
0 3
1 5
0 5
33 1
1 5
2 5
3 4
4 5
0 5
11 1
1 5
0 4
6 1
2 4
0 5
5 5
1 5
2 5
1 5
2 5
2 5
1 5
0 3
2 4
0 5
14 5
6 5
2 5
4 5
16 1
1 5
1 5
0 5
2 5
10 5
1 5
0 4
4 5
2 5
0 5
15 1
1 5
0 5
3 2
1 4
3 3
3 4
0 5
3 5
0 5
7 1
2 5
0 4
2 5
0 5
11 3
0 5
0 5
18 5
2 5
1 5
4 4
2 5
1 5
0 4
0 5
3 4
91 1
0 4
2 5
1 5
6 4
4 5
3 5
5 5
1 5
1 5
2 4
3 4
13 5
2 2
20 1
3 4
2 5
3 5
6 5
3 4
3 5
4 5
3 5
8 2
9 5
3 5
11 4
7 5
5 5
23 4
2 5
71 1
7 5
19 1
4 5
11 4
1 5
8 5
17 3
3 5
1 5
3 5
2 5
15 3
1 5
12 1
3 5
1 5
28 1
0 5
3 5
1 5
248 1
1 5
2 5
0 4
3 5
4 5
10 1
9 2
1 5
7 3
0 5
3 5
2 5
6 5
4 5
3 5
9 2
2 5
2 5
14 4
1 5
2 2
0 5
0 5
0 4
0 5
2 4
0 4
74 2
1 5
0 4
1 5
3 5
1 5
5 2
1 5
41 2
37 5
1 5
2 5
4 5
3 5
5 5
5 1
5 5
1 4
3 5
8 5
3 5
3 5
111 1
24 1
6 4
4 5
1 5
4 1
4 3
1 5
1 2
8 5
0 5
3 5
3 2
0 4
9 1
1 4
16 1
0 5
1 5
4 5
2 5
2 5
13 1
6 5
1 5
4 5
5 5
5 5
4 5
4 5
2 5
3 5
2 5
11 1
4 5
2 1
2 2
3 5
3 5
1 5
18 1
4 5
6 3
4 5
1 5
7 5
2 5
3 5
3 5
2 5
1 4
2 5
9 5
2 5
8 1
4 5
3 5
7 4
2 4
26 1
1 5
1 5
4 5
6 4
5 5
5 4
2 5
3 5
3 3
0 4
1 5
1 4
1 4
1 5
2 5
2 5
6 5
1 5
9 2
1 5
2 5
2 5
2 5
21 1
1 4
1 4
4 5
78 2
1 4
14 3
5 3
1 5
2 5
2 4
3 4
2 1
2 4
0 5
0 5
2 5
0 5
0 5
1 5
10 1
6 1
0 5
4 5
0 5
1 5
0 5
9 1
2 5
1 5
11 1
32 1
1 5
1 5
1 5
5 5
0 5
4 5
2 5
2 5
6 1
1 5
1 5
2 4
5 5
1 5
7 3
0 5
13 1
1 5
1 4
0 5
1 5
5 5
4 5
13 1
3 4
2 5
0 5
7 5
0 4
2 5
3 5
17 1
1 5
4 5
0 5
21 5
11 1
2 5
0 5
1 5
5 4
0 5
1 5
16 5
2 5
1 4
3 5
0 5
5 4
2 5
3 4
6 5
64 1
5 5
0 5
1 5
2 5
5 5
0 5
5 5
2 5
0 5
0 5
1 5
13 1
0 5
0 5
0 5
4 4
25 5
3 5
4 4
2 5
21 1
0 5
2 5
0 5
2 5
0 5
0 5
3 1
5 5
1 5
0 5
0 5
2 5
0 5
0 5
0 5
5 5
0 5
6 5
5 4
4 5
0 5
10 2
0 4
6 5
13 1
6 5
4 5
1 5
2 5
0 5
11 5
53 1
8 3
47 2
2 5
2 5
12 1
1 5
3 5
21 2
4 5
2 5
2 5
25 5
1 5
9 5
0 5
1 5
0 5
3 5
16 1
2 1
0 5
3 5
27 1
2 5
2 5
1 5
0 5
5 1
4 5
14 1
21 2
4 4
3 5
14 5
0 4
3 4
1 5
3 5
5 5
11 4
2 5
70 3
9 1
3 3
2 5
1 5
1 3
2 5
3 4
4 5
6 1
0 5
1 4
1 5
0 5
0 5
2 1
0 5
4 5
2 5
0 5
12 1
0 5
65 4
0 5
1 5
0 5
1 5
1 5
8 5
2 5
12 1
2 5
0 5
0 5
7 5
3 5
0 5
0 5
5 3
3 5
17 1
7 4
0 5
0 5
4 5
2 5
4 5
0 5
10 4
1 4
0 5
2 4
12 5
3 5
1 5
6 5
3 5
5 5
2 5
0 5
2 3
1 5
0 5
1 4
6 1
1 5
305 4
5 5
2 5
2 5
0 5
849 3
3 5
0 5
0 4
1 5
6 2
1 5
671 5
2 5
5 5
13 5
4 5
1 5
2 5
14 5
0 5
0 4
5 1
8 5
0 4
7 5
0 4
0 3
0 5
7 2
8 4
1 5
5 5
12 1
4 5
6 5
23 5
26 5
3 5
9 5
2 5
5 5
3 5
4 5
223 1
2 5
13 5
4 5
10 1
15 1
1 4
0 4
1 4
101 5
8 5
23 3
0 5
5 5
3 5
31 5
1 5
3 5
6 5
2 5
55 5
13 4
10 1
4 2
3 5
18 1
351 1
2 5
8 4
3 5
34 2
5 5
3 5
4 5
4 5
53 5
3 5
5 5
8 5
4 5
3 5
25 5
41 5
1 5
1 5
11 5
1 5
3 4
1 4
2 5
1 5
1 5
1 5
5 5
42 5
2 5
4 5
9 5
31 5
2 5
14 2
1 5
9 5
4 5
0 5
10 5
0 4
10 5
8 5
5 5
1 5
4 3
1 4
2 5
0 5
8 5
