2	4	2	1
0	4	1	0
0	5	0	0
0	5	0	0
1	5	3	0.333333
0	5	0	0
2	5	3	0.666667
2	5	3	0.666667
3	1	45	0.0666667
1	5	1	1
1	4	1	1
1	5	1	1
1	4	1	1
16	5	19	0.842105
1	5	1	1
2	5	2	1
2	5	3	0.666667
0	5	0	0
1	5	1	1
2	5	2	1
2	5	2	1
1	5	1	1
0	5	1	0
0	5	0	0
0	5	0	0
1	4	1	1
2	5	4	0.5
4	4	5	0.8
0	3	5	0
0	3	2	0
0	5	1	0
0	5	4	0
0	5	3	0
1	5	4	0.25
1	4	1	1
1	5	2	0.5
1	5	1	1
2	5	3	0.666667
1	4	3	0.333333
2	5	2	1
3	5	3	1
1	2	11	0.0909091
3	5	3	1
0	4	3	0
0	4	1	0
3	1	47	0.0638298
0	5	0	0
2	4	4	0.5
1	5	4	0.25
1	4	1	1
2	5	2	1
2	3	3	0.666667
1	4	2	0.5
162	5	183	0.885246
2	5	3	0.666667
5	5	9	0.555556
3	5	3	1
1	5	2	0.5
0	3	14	0
5	5	6	0.833333
385	5	435	0.885057
2	5	2	1
1	4	1	1
0	2	17	0
2	5	3	0.666667
2	1	51	0.0392157
0	4	2	0
5	5	8	0.625
2	5	2	1
2	5	5	0.4
3	5	4	0.75
8	4	10	0.8
3	5	4	0.75
1	5	3	0.333333
1	4	1	1
1	5	1	1
0	5	0	0
0	4	0	0
0	4	0	0
0	4	0	0
1	5	1	1
1	5	1	1
2	3	4	0.5
2	5	3	0.666667
1	4	1	1
1	5	1	1
1	5	1	1
2	5	3	0.666667
0	5	1	0
0	5	0	0
1	5	1	1
2	5	2	1
9	4	12	0.75
0	2	7	0
1	3	2	0.5
3	5	5	0.6
1	5	1	1
1	5	2	0.5
4	4	4	1
0	4	0	0
0	4	1	0
10	5	16	0.625
2	5	3	0.666667
1	5	1	1
5	3	7	0.714286
2	5	2	1
3	5	10	0.3
2	5	3	0.666667
2	5	2	1
1	5	1	1
1	1	50	0.02
0	4	2	0
7	5	8	0.875
0	5	0	0
0	4	0	0
0	4	0	0
0	4	0	0
0	5	0	0
0	4	0	0
4	3	5	0.8
0	4	0	0
1	5	3	0.333333
1	5	1	1
0	4	1	0
0	5	0	0
0	5	0	0
5	4	5	1
0	5	0	0
0	4	0	0
0	4	0	0
0	5	0	0
0	5	0	0
0	4	0	0
0	4	0	0
0	4	0	0
0	4	0	0
0	5	1	0
0	5	0	0
0	5	0	0
0	4	0	0
0	5	0	0
0	4	1	0
1	5	1	1
0	4	0	0
0	3	3	0
1	3	4	0.25
1	3	1	1
3	3	5	0.6
2	2	6	0.333333
0	5	0	0
1	3	4	0.25
0	5	2	0
0	5	1	0
0	5	1	0
0	5	1	0
1	3	3	0.333333
1	4	1	1
0	4	0	0
0	5	0	0
0	4	1	0
5	1	54	0.0925926
0	4	0	0
0	5	0	0
0	5	0	0
0	5	0	0
0	5	0	0
1	5	3	0.333333
0	3	8	0
0	5	1	0
0	5	0	0
1	4	1	1
0	5	1	0
6	4	7	0.857143
1	5	2	0.5
0	5	0	0
0	5	0	0
0	4	0	0
0	5	1	0
1	5	1	1
1	5	4	0.25
1	2	12	0.0833333
3	3	6	0.5
0	4	1	0
0	4	1	0
1	3	2	0.5
0	5	0	0
1	3	2	0.5
2	3	4	0.5
0	5	1	0
0	5	0	0
0	4	0	0
1	4	4	0.25
0	5	0	0
0	5	0	0
1	5	1	1
2	5	3	0.666667
0	5	1	0
1	4	2	0.5
7	5	7	1
2	5	3	0.666667
0	4	0	0
0	5	0	0
0	5	1	0
1	5	1	1
0	5	0	0
0	5	1	0
0	4	1	0
0	5	0	0
1	1	41	0.0243902
1	5	1	1
0	5	4	0
0	5	0	0
0	5	1	0
0	5	1	0
1	5	2	0.5
1	5	2	0.5
0	5	2	0
0	4	1	0
0	4	0	0
0	5	0	0
1	5	1	1
0	5	2	0
0	5	0	0
2	5	4	0.5
1	5	1	1
1	3	7	0.142857
4	5	6	0.666667
1	4	1	1
0	5	1	0
0	4	1	0
0	5	0	0
0	5	0	0
0	3	1	0
0	5	2	0
0	5	0	0
2	5	3	0.666667
0	5	0	0
1	3	2	0.5
0	5	0	0
0	3	2	0
1	3	2	0.5
0	4	0	0
3	5	3	1
0	3	1	0
0	4	0	0
3	3	12	0.25
1	5	1	1
3	1	47	0.0638298
2	5	3	0.666667
2	5	2	1
3	3	5	0.6
6	5	8	0.75
2	5	2	1
0	5	0	0
0	5	2	0
1	4	1	1
0	5	0	0
1	5	1	1
1	5	3	0.333333
1	5	1	1
2	4	2	1
1	5	8	0.125
1	5	2	0.5
1	5	2	0.5
3	2	15	0.2
1	4	3	0.333333
5	5	6	0.833333
1	1	41	0.0243902
1	4	3	0.333333
0	5	0	0
0	5	1	0
1	4	1	1
1	4	2	0.5
1	5	3	0.333333
0	5	0	0
0	5	2	0
1	5	2	0.5
0	5	0	0
0	5	0	0
0	5	0	0
2	5	2	1
0	4	0	0
0	5	1	0
0	4	0	0
0	5	0	0
0	5	0	0
0	5	2	0
0	4	2	0
0	5	1	0
0	5	3	0
0	4	1	0
0	5	4	0
0	5	1	0
0	3	3	0
0	3	5	0
0	3	3	0
1	2	17	0.0588235
5	5	8	0.625
0	5	7	0
5	5	6	0.833333
0	4	0	0
0	4	0	0
0	5	0	0
1	4	1	1
0	4	2	0
3	5	3	1
0	5	1	0
0	5	1	0
0	5	2	0
0	3	3	0
2	4	3	0.666667
0	5	0	0
1	5	2	0.5
0	5	1	0
5	5	7	0.714286
0	4	1	0
1	1	46	0.0217391
3	5	4	0.75
1	5	3	0.333333
0	5	1	0
0	3	0	0
0	2	6	0
0	4	1	0
0	4	0	0
0	5	0	0
1	5	2	0.5
0	4	2	0
0	4	1	0
0	4	3	0
2	3	4	0.5
0	4	1	0
1	2	4	0.25
0	4	0	0
0	3	3	0
2	3	5	0.4
5	5	8	0.625
0	5	0	0
0	4	0	0
1	4	1	1
1	5	1	1
1	5	1	1
1	4	1	1
0	3	1	0
1	3	2	0.5
0	4	0	0
0	4	1	0
0	4	0	0
0	5	0	0
0	4	0	0
0	4	0	0
0	5	0	0
0	3	2	0
1	3	2	0.5
0	5	0	0
0	5	0	0
1	4	1	1
0	5	0	0
2	5	2	1
0	5	1	0
0	4	0	0
0	2	5	0
1	4	2	0.5
0	4	0	0
0	3	3	0
0	4	1	0
0	4	2	0
0	4	1	0
0	4	0	0
1	5	2	0.5
1	3	2	0.5
0	3	1	0
2	3	4	0.5
0	4	0	0
0	4	2	0
0	4	3	0
0	4	1	0
0	4	0	0
0	3	1	0
0	5	0	0
0	5	1	0
0	5	1	0
2	2	9	0.222222
0	4	0	0
2	5	3	0.666667
1	5	2	0.5
0	5	0	0
0	4	1	0
0	5	1	0
3	3	3	1
0	4	0	0
0	4	0	0
0	4	1	0
2	5	3	0.666667
0	5	1	0
0	5	0	0
0	4	1	0
1	5	2	0.5
0	5	1	0
2	5	2	1
1	5	2	0.5
0	5	1	0
0	5	0	0
1	5	2	0.5
0	5	1	0
0	5	1	0
0	5	2	0
1	5	2	0.5
2	5	3	0.666667
1	4	1	1
1	5	2	0.5
15	5	18	0.833333
1	5	1	1
1	5	2	0.5
9	5	13	0.692308
0	5	1	0
0	5	2	0
0	5	1	0
0	5	1	0
3	4	5	0.6
0	5	0	0
0	5	2	0
3	4	4	0.75
2	5	3	0.666667
1	4	2	0.5
2	5	2	1
2	5	3	0.666667
0	5	1	0
0	5	0	0
0	4	0	0
0	4	0	0
0	4	0	0
0	4	0	0
0	5	1	0
1	4	2	0.5
1	5	2	0.5
5	5	6	0.833333
0	5	1	0
2	4	2	1
1	5	2	0.5
1	5	2	0.5
0	5	0	0
0	5	1	0
0	5	1	0
1	5	1	1
0	5	0	0
2	5	3	0.666667
0	5	1	0
1	5	2	0.5
10	1	69	0.144928
0	5	1	0
1	4	3	0.333333
0	4	3	0
0	5	0	0
0	5	1	0
1	4	2	0.5
0	5	1	0
1	5	2	0.5
0	5	1	0
0	5	1	0
2	5	2	1
1	5	2	0.5
0	5	2	0
0	5	1	0
0	5	1	0
1	5	4	0.25
27	5	36	0.75
2	5	5	0.4
0	5	0	0
5	5	10	0.5
3	4	3	1
0	5	1	0
1	4	1	1
0	4	2	0
2	5	4	0.5
0	5	2	0
1	5	2	0.5
0	4	1	0
0	4	1	0
0	5	2	0
0	5	0	0
0	5	1	0
1	5	2	0.5
32	5	40	0.8
2	4	2	1
0	4	0	0
2	5	6	0.333333
0	5	0	0
0	5	0	0
6	4	8	0.75
0	5	1	0
0	1	55	0
1	5	3	0.333333
7	4	11	0.636364
1	5	2	0.5
3	5	6	0.5
0	5	1	0
0	4	3	0
5	5	7	0.714286
4	5	4	1
2	5	9	0.222222
0	4	1	0
0	4	1	0
1	5	2	0.5
1	5	2	0.5
1	5	2	0.5
1	4	3	0.333333
2	5	3	0.666667
1	5	4	0.25
1	4	3	0.333333
3	4	3	1
1	5	3	0.333333
1	5	3	0.333333
0	4	1	0
2	5	2	1
1	5	4	0.25
1	5	4	0.25
4	5	7	0.571429
1	5	1	1
2	4	3	0.666667
2	5	4	0.5
140	5	156	0.897436
0	3	1	0
0	5	0	0
1	5	1	1
1	3	2	0.5
8	5	10	0.8
5	4	11	0.454545
0	5	1	0
0	5	1	0
0	3	1	0
0	5	0	0
0	5	1	0
0	5	0	0
0	2	4	0
0	5	1	0
0	5	1	0
0	4	1	0
0	4	0	0
0	5	0	0
0	4	1	0
0	4	1	0
0	5	0	0
2	5	4	0.5
0	4	1	0
0	5	0	0
0	4	0	0
0	5	1	0
0	5	0	0
0	1	34	0
0	5	1	0
0	5	1	0
0	3	1	0
0	5	0	0
0	5	1	0
0	5	1	0
0	5	0	0
0	3	1	0
0	4	0	0
0	5	0	0
0	4	1	0
0	5	0	0
0	4	0	0
0	5	1	0
0	5	0	0
0	5	1	0
0	5	1	0
0	5	0	0
0	5	0	0
0	5	0	0
0	5	0	0
0	5	1	0
1	5	2	0.5
