6 3
1 4
5 5
10 5
25 5
10 4
25 1
9 5
11 5
6 5
17 5
14 5
16 5
27 5
30 5
23 1
70 5
123 5
3179 5
20 5
8 4
17 3
14 4
7 3
18 5
15 5
11 5
32 5
10 3
10 2
15 5
8 5
15 5
12 5
11 3
6 4
19 5
7 4
9 5
12 5
18 5
9 5
6 4
8 5
9 4
19 5
16 1
14 5
23 2
17 5
14 5
16 2
7 5
24 3
7 3
23 5
20 1
22 1
30 2
26 1
4 4
14 5
27 2
16 2
7 5
5 3
9 4
14 5
10 5
7 4
16 2
5 5
2 4
6 4
6 5
17 1
29 1
4 5
3 3
26 1
21 1
21 3
6 5
5 5
7 5
4 5
9 5
4 4
15 2
7 4
13 4
7 5
11 5
7 5
2 5
21 4
5 3
6 3
11 5
702 1
2 5
4 5
5 5
4 5
2 4
5 5
6 5
7 5
70 1
13 4
10 5
18 4
9 5
15 3
8 5
38 1
24 5
20 5
7 5
19 2
2 4
3 5
6 3
1 5
8 5
76 5
1 4
0 5
17 1
16 2
2 5
3 5
6 1
6 4
8 1
3 5
41 2
16 1
15 1
10 5
9 3
6 5
3 4
9 5
3 3
5 5
3 5
176 1
12 5
7 5
6 3
18 5
16 5
9 5
15 2
21 5
18 2
19 1
5 5
3 4
6 2
6 5
18 2
15 4
10 1
16 5
6 5
10 1
3 5
4 4
2 4
2 5
5 5
6 5
4 3
8 5
13 1
4 5
5 4
4 4
3 5
7 5
6 5
2 4
16 5
15 3
28 5
24 5
11 5
14 1
17 5
7 5
25 1
8 4
11 5
6 5
78 1
9 3
6 3
10 5
11 3
30 1
6 5
7 2
8 4
11 5
20 2
18 5
20 1
6 5
1 4
3 5
4 5
6 5
3 5
3 3
20 3
7 4
4 3
14 2
17 1
34 1
9 5
23 1
9 4
6 3
10 2
1 3
3 5
4 5
2 5
13 2
9 5
13 4
14 3
11 3
4 4
10 5
2 5
9 5
4 5
3 4
21 5
8 5
6 5
12 5
3 5
35 5
6 4
9 5
5 5
9 5
2 3
23 2
1 5
11 5
2 5
12 2
4 4
3 5
12 4
5 5
4 4
2 5
15 5
3 5
0 5
2 5
5 5
1 5
2 5
0 4
4 5
14 2
2 5
5 5
3 5
9 3
5 5
5 5
0 5
7 2
3 5
53 2
4 3
1 5
4 5
19 1
3 5
5 5
2 5
3 4
9 5
2 5
14 2
23 1
1 5
14 2
3 5
4 5
19 1
19 5
15 1
15 5
11 2
6 4
63 1
8 5
6 5
20 4
10 5
1 5
1 5
0 4
6 4
1 3
25 1
8 5
8 4
5 5
23 1
2 5
22 3
17 1
2 5
11 5
63 2
3 4
1 5
8 3
6 2
0 2
2 5
2 1
10 1
11 5
19 2
1 4
0 4
2 5
0 5
9 5
14 5
21 2
6 5
2 5
60 1
0 4
0 3
1 3
0 3
14 1
4 4
44 1
0 3
2 2
2 3
2 1
1 3
4 3
5 3
1 4
7 3
0 4
1 3
2 4
1 4
1 3
1 3
0 4
0 4
1 4
0 5
0 3
0 3
1 5
0 4
0 2
1 4
1 3
2 4
1 5
22 5
6 4
23 2
2 1
3 5
0 4
3 3
2 4
9 5
37 1
4 5
7 5
29 5
8 5
212 2
4 3
27 5
5 5
2 3
1 5
4 5
0 5
1 5
2 5
3 5
2 4
2 5
5 5
4 5
4 4
2 4
1 4
3 5
10 5
2 5
5 5
11 1
2 3
5 5
1 4
5 4
21 1
18 4
3 5
2 5
179 1
11 2
13 1
3 5
1 4
1 5
0 5
0 5
33 5
0 5
9 5
1 5
2 5
3 4
15 3
14 5
1 5
2 4
14 1
1 4
13 4
2 3
5 3
1 4
25 1
2 5
3 5
3 5
31 2
14 2
4 4
6 2
2 5
3 5
223 1
4 5
6 5
8 4
9 2
2 5
3 5
5 5
1 5
17 2
3 4
2 4
0 5
5 5
3 5
677 5
7 5
6 5
2 4
1 5
4 3
11 5
5 5
8 5
7 5
11 5
6 5
57 1
8 5
14 1
4 5
0 5
7 2
2 5
4 3
3 5
5 5
3 5
10 5
0 5
32 1
0 5
7 3
8 5
19 1
1 4
10 5
7 3
6 5
3 5
3 5
5 5
2 5
5 5
4 5
4 5
12 5
1 4
2 3
23 5
16 5
0 4
0 2
14 1
9 5
15 2
1 4
1 4
20 1
20 5
7 5
7 5
17 2
14 5
14 3
2 3
2 4
832 3
18 3
5 5
7 5
23 1
4 4
2 5
5 4
4 5
13 1
8 5
4 5
30 1
6 5
14 1
6 5
2 5
14 1
16 2
22 5
29 2
3 5
2 5
2 5
4 5
6 5
5 5
977 5
2 5
2 5
1 5
4 5
1 5
39 5
4 4
2 5
3 5
12 2
3 5
5 5
18 5
9 5
7 5
30 1
10 5
60 1
4 5
19 1
17 5
3 5
93 1
1 5
19 2
17 2
11 5
8 5
2 3
5 5
17 2
12 5
8 5
1 5
16 1
15 2
9 5
4 5
11 5
7 3
17 5
7 5
5 5
2 3
19 2
2 2
12 5
39 4
6 2
17 5
6 5
6 5
12 1
22 5
8 5
23 5
15 5
8 1
17 5
17 5
11 5
15 5
5 4
1 4
17 2
7 5
5 5
11 1
3 5
13 2
12 5
3 5
11 5
15 1
15 1
9 5
11 5
22 5
3 5
3 5
7 5
1 3
17 1
4 5
5 5
9 5
10 4
8 5
6 3
0 4
2 5
20 5
23 5
0 3
12 5
10 5
34 5
13 5
3 5
10 1
9 5
5 5
1 4
3 5
1 5
1 4
16 5
11 1
12 1
3 5
3 4
7 5
2 4
0 4
6 1
3 5
3 1
7 1
0 4
2 5
0 4
3 5
2 5
2 2
1 5
13 5
1 5
0 4
10 1
0 4
1 4
4 5
1 4
6 5
2 5
0 5
1 4
6 5
1 4
4 4
15 2
1 4
2 5
4 3
4 5
0 4
17 1
0 3
2 2
2 5
3 5
20 2
2 5
4 5
1 5
3 5
1 5
4 5
2 2
4 4
