6	5	16	0.375
15	1	81	0.185185
15	5	22	0.681818
8	5	16	0.5
11	5	18	0.611111
15	4	22	0.681818
12	3	24	0.5
9	5	14	0.642857
14	4	20	0.7
17	5	28	0.607143
15	5	23	0.652174
4	5	10	0.4
4	4	13	0.307692
8	5	20	0.4
9	5	22	0.409091
6	5	13	0.461538
8	5	20	0.4
0	4	3	0
8	1	54	0.148148
7	5	9	0.777778
5	5	9	0.555556
6	1	72	0.0833333
8	4	12	0.666667
5	5	9	0.555556
11	4	13	0.846154
7	1	81	0.0864198
9	5	16	0.5625
4	3	20	0.2
14	5	19	0.736842
8	5	14	0.571429
15	5	18	0.833333
14	5	20	0.7
38	5	44	0.863636
24	5	27	0.888889
15	5	18	0.833333
8	5	10	0.8
4	3	7	0.571429
8	4	11	0.727273
6	1	78	0.0769231
6	4	14	0.428571
10	4	14	0.714286
6	5	11	0.545455
9	5	14	0.642857
13	1	107	0.121495
13	5	17	0.764706
13	5	19	0.684211
9	1	88	0.102273
13	5	20	0.65
20	5	25	0.8
5	4	16	0.3125
15	5	20	0.75
14	5	19	0.736842
6	1	75	0.08
12	5	17	0.705882
11	5	17	0.647059
11	5	23	0.478261
7	5	14	0.5
6	4	12	0.5
8	5	15	0.533333
7	3	12	0.583333
8	5	16	0.5
7	5	14	0.5
8	5	13	0.615385
14	5	21	0.666667
8	4	13	0.615385
16	4	21	0.761905
17	3	21	0.809524
10	3	16	0.625
8	4	13	0.615385
7	4	13	0.538462
14	4	19	0.736842
10	1	81	0.123457
6	4	12	0.5
7	5	14	0.5
8	5	11	0.727273
10	4	17	0.588235
10	1	75	0.133333
8	5	12	0.666667
6	5	11	0.545455
4	5	8	0.5
11	5	15	0.733333
12	5	16	0.75
9	5	13	0.692308
11	1	49	0.22449
6	3	10	0.6
9	2	42	0.214286
13	5	20	0.65
13	5	16	0.8125
4	4	9	0.444444
5	5	12	0.416667
13	5	19	0.684211
13	5	19	0.684211
10	5	12	0.833333
12	1	66	0.181818
14	5	18	0.777778
10	5	11	0.909091
8	5	12	0.666667
8	5	13	0.615385
9	2	70	0.128571
6	4	11	0.545455
5	3	10	0.5
9	5	13	0.692308
9	5	13	0.692308
9	3	13	0.692308
4	2	25	0.16
9	1	54	0.166667
5	4	7	0.714286
11	4	15	0.733333
12	1	51	0.235294
14	1	89	0.157303
5	4	8	0.625
8	1	53	0.150943
12	5	15	0.8
14	5	16	0.875
3	4	5	0.6
4	5	7	0.571429
6	5	7	0.857143
5	5	6	0.833333
5	5	6	0.833333
5	5	6	0.833333
4	5	6	0.666667
3	5	4	0.75
4	5	5	0.8
3	3	8	0.375
9	1	52	0.173077
11	1	51	0.215686
7	1	53	0.132075
5	4	7	0.714286
5	5	9	0.555556
8	1	64	0.125
7	5	10	0.7
3	2	16	0.1875
17	5	21	0.809524
14	1	59	0.237288
5	5	8	0.625
5	5	7	0.714286
13	5	16	0.8125
4	5	8	0.5
5	1	41	0.121951
9	5	10	0.9
10	5	11	0.909091
5	1	52	0.0961538
8	5	11	0.727273
10	5	14	0.714286
3	5	13	0.230769
6	5	10	0.6
12	5	17	0.705882
8	5	12	0.666667
13	5	16	0.8125
10	4	12	0.833333
19	1	79	0.240506
8	5	10	0.8
9	5	12	0.75
14	5	16	0.875
4	2	27	0.148148
8	1	54	0.148148
16	5	18	0.888889
9	1	55	0.163636
4	4	7	0.571429
4	5	4	1
9	1	51	0.176471
9	1	57	0.157895
3	1	19	0.157895
8	5	13	0.615385
2	4	4	0.5
3	5	12	0.25
6	4	12	0.5
18	1	66	0.272727
6	4	7	0.857143
8	5	9	0.888889
13	1	45	0.288889
1	5	1	1
6	5	7	0.857143
3	5	7	0.428571
6	5	6	1
12	1	35	0.342857
6	5	6	1
6	5	7	0.857143
5	3	27	0.185185
13	1	50	0.26
5	5	8	0.625
5	5	6	0.833333
4	5	6	0.666667
2	4	8	0.25
1	5	1	1
5	5	5	1
4	5	6	0.666667
3	5	3	1
11	1	87	0.126437
6	5	12	0.5
4	5	5	0.8
8	5	14	0.571429
11	1	47	0.234043
11	1	44	0.25
8	5	10	0.8
10	1	46	0.217391
7	5	11	0.636364
7	1	29	0.241379
6	3	28	0.214286
4	4	6	0.666667
5	5	9	0.555556
3	5	5	0.6
2	4	6	0.333333
5	5	7	0.714286
6	5	9	0.666667
5	5	11	0.454545
6	5	10	0.6
13	1	70	0.185714
6	5	11	0.545455
7	5	10	0.7
2	3	8	0.25
3	5	11	0.272727
2	5	8	0.25
8	3	23	0.347826
14	1	67	0.208955
14	1	71	0.197183
14	5	20	0.7
13	1	62	0.209677
5	5	10	0.5
3	4	11	0.272727
10	1	52	0.192308
4	5	9	0.444444
9	1	45	0.2
6	5	11	0.545455
9	1	41	0.219512
3	5	7	0.428571
6	5	10	0.6
4	5	8	0.5
11	1	47	0.234043
6	5	11	0.545455
11	1	39	0.282051
95	1	141	0.673759
12	1	67	0.179104
6	4	11	0.545455
9	4	12	0.75
9	5	14	0.642857
12	1	56	0.214286
12	1	43	0.27907
7	5	10	0.7
10	5	14	0.714286
6	5	11	0.545455
8	1	35	0.228571
8	5	12	0.666667
9	1	41	0.219512
6	5	9	0.666667
117	1	171	0.684211
4	5	7	0.571429
1	3	10	0.1
3	5	3	1
7	4	8	0.875
7	5	8	0.875
2	4	4	0.5
6	4	7	0.857143
2	4	3	0.666667
5	4	6	0.833333
6	4	7	0.857143
3	5	4	0.75
9	1	62	0.145161
7	4	9	0.777778
7	4	8	0.875
4	5	6	0.666667
11	1	45	0.244444
17	1	59	0.288136
10	5	14	0.714286
6	5	11	0.545455
5	3	21	0.238095
5	5	13	0.384615
12	5	18	0.666667
9	5	13	0.692308
8	5	12	0.666667
9	5	13	0.692308
10	5	16	0.625
13	5	15	0.866667
4	5	6	0.666667
6	1	21	0.285714
5	5	8	0.625
4	5	11	0.363636
16	1	86	0.186047
6	1	19	0.315789
10	1	75	0.133333
11	1	44	0.25
2	5	4	0.5
13	1	47	0.276596
6	5	12	0.5
3	5	7	0.428571
5	5	10	0.5
11	1	49	0.22449
13	1	49	0.265306
1	4	1	1
6	3	28	0.214286
5	2	51	0.0980392
7	3	12	0.583333
14	5	22	0.636364
14	1	64	0.21875
10	5	19	0.526316
8	4	13	0.615385
7	2	18	0.388889
10	5	16	0.625
8	1	28	0.285714
8	4	12	0.666667
10	5	17	0.588235
2	3	16	0.125
11	1	50	0.22
2	5	5	0.4
13	1	40	0.325
10	1	38	0.263158
10	5	15	0.666667
10	4	14	0.714286
1	5	4	0.25
5	5	20	0.25
6	5	10	0.6
18	1	78	0.230769
0	3	5	0
9	5	12	0.75
13	1	49	0.265306
6	1	16	0.375
12	5	16	0.75
4	5	7	0.571429
4	5	7	0.571429
18	1	78	0.230769
6	5	10	0.6
7	5	11	0.636364
13	1	63	0.206349
5	5	7	0.714286
7	2	37	0.189189
11	5	20	0.55
13	1	81	0.160494
5	5	9	0.555556
10	4	14	0.714286
5	2	12	0.416667
9	5	13	0.692308
4	5	9	0.444444
9	1	34	0.264706
9	1	40	0.225
14	1	36	0.388889
8	5	12	0.666667
5	5	9	0.555556
9	5	12	0.75
10	5	12	0.833333
12	1	54	0.222222
8	1	54	0.148148
13	1	58	0.224138
10	5	13	0.769231
8	5	11	0.727273
10	1	47	0.212766
90	1	144	0.625
4	1	44	0.0909091
5	4	10	0.5
1	3	13	0.0769231
9	2	23	0.391304
10	1	55	0.181818
7	5	12	0.583333
5	5	11	0.454545
5	4	7	0.714286
7	5	11	0.636364
13	4	20	0.65
10	5	14	0.714286
9	1	38	0.236842
6	1	43	0.139535
4	5	12	0.333333
15	5	22	0.681818
7	5	12	0.583333
7	5	14	0.5
4	5	8	0.5
8	5	12	0.666667
12	1	34	0.352941
8	1	31	0.258065
7	5	13	0.538462
7	1	32	0.21875
6	5	13	0.461538
10	1	33	0.30303
7	5	16	0.4375
4	1	21	0.190476
14	5	22	0.636364
13	1	34	0.382353
8	1	29	0.275862
15	4	23	0.652174
9	5	20	0.45
5	5	6	0.833333
15	5	27	0.555556
8	1	45	0.177778
5	3	15	0.333333
6	5	13	0.461538
10	5	22	0.454545
13	1	49	0.265306
9	2	28	0.321429
7	1	29	0.241379
6	1	41	0.146341
15	5	24	0.625
9	1	37	0.243243
381	4	596	0.639262
11	1	35	0.314286
8	1	38	0.210526
6	1	29	0.206897
20	4	26	0.769231
4	3	17	0.235294
17	5	21	0.809524
10	5	20	0.5
6	1	26	0.230769
5	1	29	0.172414
10	5	17	0.588235
6	1	50	0.12
5	1	44	0.113636
5	1	52	0.0961538
15	5	19	0.789474
12	5	18	0.666667
13	5	22	0.590909
76	1	115	0.66087
11	1	57	0.192982
22	4	31	0.709677
3	5	21	0.142857
12	5	16	0.75
9	1	57	0.157895
11	5	12	0.916667
10	5	11	0.909091
11	4	14	0.785714
11	5	12	0.916667
7	5	7	1
8	4	10	0.8
4	1	41	0.097561
12	5	12	1
15	5	21	0.714286
11	1	101	0.108911
11	4	15	0.733333
21	5	34	0.617647
7	5	10	0.7
12	5	15	0.8
5	1	38	0.131579
87	1	192	0.453125
17	5	20	0.85
4	1	45	0.0888889
11	5	14	0.785714
4	2	23	0.173913
1	5	1	1
5	1	31	0.16129
12	4	15	0.8
4	1	48	0.0833333
12	4	16	0.75
4	5	8	0.5
6	5	9	0.666667
7	5	12	0.583333
7	5	8	0.875
7	5	8	0.875
7	5	8	0.875
1	5	4	0.25
9	4	13	0.692308
4	5	6	0.666667
6	5	8	0.75
11	4	14	0.785714
4	1	81	0.0493827
6	5	9	0.666667
8	5	13	0.615385
6	5	10	0.6
6	5	8	0.75
9	5	15	0.6
5	5	7	0.714286
6	1	70	0.0857143
3	1	71	0.0422535
9	5	14	0.642857
17	5	26	0.653846
9	5	15	0.6
9	1	74	0.121622
20	5	30	0.666667
3	1	32	0.09375
15	5	19	0.789474
15	5	28	0.535714
9	4	9	1
12	5	16	0.75
12	5	18	0.666667
8	5	14	0.571429
3	1	19	0.157895
15	5	19	0.789474
14	5	19	0.736842
21	5	31	0.677419
8	5	11	0.727273
14	4	16	0.875
4	4	15	0.266667
8	1	75	0.106667
16	5	21	0.761905
5	1	38	0.131579
13	5	15	0.866667
16	5	20	0.8
12	1	64	0.1875
11	5	13	0.846154
9	5	12	0.75
10	4	17	0.588235
12	5	18	0.666667
17	5	20	0.85
8	1	57	0.140351
2	5	4	0.5
8	1	90	0.0888889
12	5	17	0.705882
14	5	18	0.777778
6	5	9	0.666667
11	5	19	0.578947
3	1	24	0.125
17	5	21	0.809524
14	5	16	0.875
12	5	14	0.857143
9	5	12	0.75
12	5	14	0.857143
20	1	102	0.196078
11	1	88	0.125
14	5	15	0.933333
1	5	3	0.333333
12	2	42	0.285714
5	5	11	0.454545
12	3	36	0.333333
14	1	91	0.153846
27	5	33	0.818182
19	5	22	0.863636
9	5	10	0.9
8	5	12	0.666667
13	5	17	0.764706
7	5	16	0.4375
12	5	14	0.857143
1	5	2	0.5
5	5	11	0.454545
9	5	15	0.6
17	4	24	0.708333
7	4	10	0.7
7	5	11	0.636364
8	3	11	0.727273
7	5	10	0.7
10	5	13	0.769231
23	2	74	0.310811
12	5	22	0.545455
18	5	23	0.782609
19	4	31	0.612903
24	5	31	0.774194
19	5	32	0.59375
17	1	98	0.173469
8	5	10	0.8
1	5	1	1
12	1	68	0.176471
4	5	5	0.8
10	5	15	0.666667
14	1	54	0.259259
9	5	11	0.818182
11	5	12	0.916667
7	5	8	0.875
12	5	14	0.857143
9	1	49	0.183673
8	5	8	1
4	1	47	0.0851064
11	5	12	0.916667
16	5	18	0.888889
10	5	13	0.769231
10	5	12	0.833333
11	1	54	0.203704
12	1	51	0.235294
9	1	41	0.219512
1	5	2	0.5
17	3	23	0.73913
5	2	27	0.185185
4	5	8	0.5
10	5	12	0.833333
13	5	21	0.619048
11	5	16	0.6875
1	4	2	0.5
7	5	7	1
5	5	7	0.714286
4	1	23	0.173913
9	5	14	0.642857
8	5	8	1
10	5	15	0.666667
6	5	6	1
6	5	7	0.857143
4	5	4	1
9	5	10	0.9
10	5	12	0.833333
6	2	23	0.26087
9	5	12	0.75
8	5	12	0.666667
14	5	17	0.823529
8	1	37	0.216216
5	5	8	0.625
6	4	10	0.6
5	5	9	0.555556
4	1	16	0.25
8	2	15	0.533333
9	5	13	0.692308
3	5	6	0.5
4	4	9	0.444444
4	5	5	0.8
6	5	9	0.666667
3	5	6	0.5
6	5	8	0.75
8	5	13	0.615385
6	4	9	0.666667
6	2	25	0.24
7	1	27	0.259259
6	5	8	0.75
7	5	10	0.7
3	5	16	0.1875
8	5	12	0.666667
4	4	9	0.444444
4	4	11	0.363636
74	4	87	0.850575
6	4	8	0.75
11	5	15	0.733333
8	5	12	0.666667
5	4	9	0.555556
11	5	15	0.733333
5	1	59	0.0847458
8	4	10	0.8
7	4	12	0.583333
14	5	24	0.583333
11	5	18	0.611111
6	5	7	0.857143
10	5	15	0.666667
12	4	34	0.352941
15	1	82	0.182927
14	5	21	0.666667
7	4	11	0.636364
16	1	57	0.280702
4	5	7	0.571429
4	5	7	0.571429
9	5	13	0.692308
8	4	15	0.533333
13	1	39	0.333333
3	5	6	0.5
3	4	7	0.428571
5	5	9	0.555556
4	3	8	0.5
10	1	66	0.151515
6	5	12	0.5
11	5	18	0.611111
11	1	51	0.215686
11	5	18	0.611111
9	5	14	0.642857
11	5	18	0.611111
7	1	26	0.269231
20	1	64	0.3125
11	4	16	0.6875
8	1	45	0.177778
11	1	45	0.244444
14	5	22	0.636364
3	3	21	0.142857
10	5	14	0.714286
12	4	16	0.75
10	5	23	0.434783
5	2	23	0.217391
17	1	87	0.195402
7	5	12	0.583333
11	1	96	0.114583
11	5	14	0.785714
12	5	17	0.705882
5	1	48	0.104167
8	5	14	0.571429
4	5	7	0.571429
6	2	19	0.315789
14	5	21	0.666667
8	5	14	0.571429
10	5	16	0.625
7	4	12	0.583333
8	5	14	0.571429
86	1	129	0.666667
6	5	11	0.545455
9	5	14	0.642857
5	4	7	0.714286
7	1	39	0.179487
10	2	22	0.454545
13	1	37	0.351351
53	1	79	0.670886
5	1	31	0.16129
8	4	15	0.533333
14	1	43	0.325581
17	1	50	0.34
6	1	31	0.193548
7	5	19	0.368421
5	5	16	0.3125
156	1	227	0.687225
16	5	21	0.761905
2	4	2	1
13	5	17	0.764706
2	4	6	0.333333
5	5	14	0.357143
10	1	39	0.25641
15	5	33	0.454545
22	4	33	0.666667
9	4	19	0.473684
8	1	53	0.150943
8	1	50	0.16
12	5	18	0.666667
12	4	16	0.75
18	1	58	0.310345
10	5	19	0.526316
11	5	16	0.6875
24	5	36	0.666667
18	5	26	0.692308
8	1	51	0.156863
12	1	61	0.196721
6	1	28	0.214286
11	4	17	0.647059
11	5	16	0.6875
10	1	45	0.222222
9	5	18	0.5
11	3	38	0.289474
15	5	23	0.652174
1	4	1	1
11	4	16	0.6875
7	5	15	0.466667
10	5	19	0.526316
16	4	23	0.695652
11	5	19	0.578947
20	5	29	0.689655
18	1	63	0.285714
8	1	38	0.210526
11	4	22	0.5
12	5	19	0.631579
14	1	37	0.378378
14	5	21	0.666667
2	5	10	0.2
11	5	15	0.733333
7	5	9	0.777778
8	1	46	0.173913
8	4	11	0.727273
15	5	21	0.714286
11	1	43	0.255814
6	5	8	0.75
9	5	11	0.818182
16	1	73	0.219178
16	5	24	0.666667
10	1	38	0.263158
10	5	18	0.555556
11	1	45	0.244444
8	5	15	0.533333
7	1	37	0.189189
11	2	42	0.261905
11	1	44	0.25
10	5	22	0.454545
11	1	50	0.22
13	1	57	0.22807
16	4	22	0.727273
9	5	16	0.5625
13	4	19	0.684211
7	4	12	0.583333
8	1	63	0.126984
10	1	44	0.227273
16	1	64	0.25
10	5	21	0.47619
9	5	16	0.5625
8	1	44	0.181818
6	2	21	0.285714
16	1	85	0.188235
8	5	17	0.470588
12	5	18	0.666667
10	5	18	0.555556
8	1	21	0.380952
8	1	51	0.156863
5	5	11	0.454545
8	1	43	0.186047
13	5	20	0.65
6	1	43	0.139535
6	5	11	0.545455
5	1	38	0.131579
11	5	16	0.6875
2	4	7	0.285714
10	1	45	0.222222
16	4	20	0.8
7	2	21	0.333333
9	5	16	0.5625
6	1	47	0.12766
8	5	15	0.533333
11	5	18	0.611111
6	5	11	0.545455
4	5	9	0.444444
14	5	20	0.7
13	5	18	0.722222
6	1	43	0.139535
4	3	40	0.1
4	1	24	0.166667
12	1	39	0.307692
3	1	25	0.12
15	5	19	0.789474
2	5	19	0.105263
10	4	14	0.714286
12	5	19	0.631579
11	1	44	0.25
5	1	37	0.135135
2	5	2	1
21	5	26	0.807692
12	5	18	0.666667
10	5	14	0.714286
14	5	16	0.875
8	4	10	0.8
4	3	12	0.333333
8	5	11	0.727273
8	5	11	0.727273
5	5	7	0.714286
5	1	38	0.131579
8	5	10	0.8
6	1	46	0.130435
4	5	6	0.666667
3	1	24	0.125
8	2	40	0.2
6	3	10	0.6
9	4	11	0.818182
5	1	61	0.0819672
2	1	19	0.105263
5	1	36	0.138889
7	5	10	0.7
10	5	13	0.769231
13	5	15	0.866667
10	5	13	0.769231
3	5	6	0.5
14	5	16	0.875
7	1	30	0.233333
8	1	66	0.121212
10	1	32	0.3125
7	5	12	0.583333
7	5	11	0.636364
1	5	1	1
10	1	44	0.227273
9	4	11	0.818182
11	1	57	0.192982
7	5	10	0.7
10	5	15	0.666667
9	5	11	0.818182
7	5	8	0.875
6	5	9	0.666667
12	5	16	0.75
9	3	13	0.692308
4	5	8	0.5
7	4	9	0.777778
6	5	13	0.461538
9	1	48	0.1875
6	1	38	0.157895
5	5	6	0.833333
377	5	641	0.588144
4	3	12	0.333333
11	1	31	0.354839
5	4	11	0.454545
5	1	24	0.208333
6	5	11	0.545455
6	5	10	0.6
8	2	27	0.296296
8	2	18	0.444444
9	1	37	0.243243
4	2	18	0.222222
6	1	26	0.230769
10	1	68	0.147059
8	5	12	0.666667
11	5	17	0.647059
5	4	9	0.555556
9	5	14	0.642857
8	5	11	0.727273
10	5	12	0.833333
1	5	2	0.5
8	1	47	0.170213
13	5	16	0.8125
7	4	8	0.875
6	5	7	0.857143
8	1	35	0.228571
5	5	5	1
11	4	16	0.6875
15	1	48	0.3125
8	5	12	0.666667
9	4	14	0.642857
10	1	36	0.277778
8	5	10	0.8
11	5	15	0.733333
12	4	14	0.857143
133	4	186	0.715054
11	2	40	0.275
23	5	31	0.741935
10	5	13	0.769231
10	5	13	0.769231
1	5	1	1
7	5	10	0.7
6	4	7	0.857143
11	1	47	0.234043
3	5	4	0.75
4	1	26	0.153846
1	4	2	0.5
9	5	11	0.818182
9	5	12	0.75
7	1	36	0.194444
11	5	17	0.647059
9	5	11	0.818182
5	5	8	0.625
7	1	32	0.21875
8	5	12	0.666667
7	4	11	0.636364
10	1	23	0.434783
10	1	53	0.188679
9	4	13	0.692308
11	5	13	0.846154
10	2	36	0.277778
5	5	6	0.833333
11	5	14	0.785714
9	4	12	0.75
5	5	6	0.833333
12	5	14	0.857143
10	1	37	0.27027
5	5	6	0.833333
2	1	20	0.1
901	5	1060	0.85
6	5	7	0.857143
5	1	50	0.1
6	1	35	0.171429
9	5	14	0.642857
3	5	12	0.25
4	5	9	0.444444
8	4	10	0.8
14	1	33	0.424242
4	1	49	0.0816327
5	1	43	0.116279
9	4	10	0.9
14	1	51	0.27451
5	1	41	0.121951
12	4	19	0.631579
15	5	23	0.652174
9	5	18	0.5
13	1	49	0.265306
11	5	20	0.55
10	4	11	0.909091
11	1	37	0.297297
16	5	21	0.761905
15	4	16	0.9375
2	5	5	0.4
9	5	13	0.692308
74	5	106	0.698113
11	1	50	0.22
6	5	8	0.75
11	5	13	0.846154
10	5	14	0.714286
9	5	16	0.5625
15	5	20	0.75
8	1	30	0.266667
4	3	17	0.235294
1	3	22	0.0454545
29	4	51	0.568627
0	3	0	0
4	3	7	0.571429
7	3	48	0.145833
3	5	8	0.375
7	1	30	0.233333
11	5	13	0.846154
14	5	17	0.823529
11	5	15	0.733333
9	4	15	0.6
6	5	10	0.6
15	1	48	0.3125
3	3	5	0.6
14	5	18	0.777778
6	1	36	0.166667
6	1	42	0.142857
10	5	11	0.909091
14	5	17	0.823529
15	5	18	0.833333
4	1	46	0.0869565
5	5	6	0.833333
35	4	46	0.76087
1	1	48	0.0208333
14	4	16	0.875
13	5	15	0.866667
7	5	9	0.777778
16	5	21	0.761905
3	1	44	0.0681818
4	1	31	0.129032
9	5	11	0.818182
8	5	11	0.727273
3	3	6	0.5
7	4	10	0.7
7	5	8	0.875
7	5	12	0.583333
8	1	32	0.25
11	4	13	0.846154
18	1	66	0.272727
14	5	19	0.736842
8	3	13	0.615385
4	1	41	0.097561
9	4	13	0.692308
7	5	9	0.777778
4	3	6	0.666667
8	1	34	0.235294
5	5	7	0.714286
5	5	8	0.625
9	5	14	0.642857
4	3	10	0.4
4	1	44	0.0909091
1	5	1	1
9	3	18	0.5
10	5	11	0.909091
4	5	6	0.666667
6	1	42	0.142857
10	5	15	0.666667
14	3	17	0.823529
1	5	1	1
5	1	46	0.108696
8	5	33	0.242424
12	5	18	0.666667
12	5	16	0.75
16	4	18	0.888889
2	3	22	0.0909091
6	1	26	0.230769
8	1	57	0.140351
8	5	11	0.727273
8	1	46	0.173913
11	5	13	0.846154
4	2	7	0.571429
9	3	48	0.1875
7	5	19	0.368421
8	5	10	0.8
12	5	15	0.8
4	4	4	1
51	3	60	0.85
7	1	50	0.14
12	4	14	0.857143
15	5	21	0.714286
7	5	9	0.777778
11	5	12	0.916667
4	5	4	1
9	5	11	0.818182
5	5	7	0.714286
8	1	55	0.145455
8	5	9	0.888889
4	5	8	0.5
15	4	20	0.75
5	1	26	0.192308
9	1	64	0.140625
9	5	14	0.642857
1	5	2	0.5
6	1	38	0.157895
8	1	47	0.170213
22	5	27	0.814815
1	4	3	0.333333
8	1	39	0.205128
11	1	36	0.305556
2	1	10	0.2
5	2	24	0.208333
1	5	1	1
7	5	9	0.777778
6	3	8	0.75
8	2	20	0.4
9	1	52	0.173077
17	4	18	0.944444
5	1	14	0.357143
3	5	4	0.75
13	5	18	0.722222
14	5	15	0.933333
7	5	10	0.7
8	5	13	0.615385
7	1	32	0.21875
11	1	54	0.203704
13	5	16	0.8125
1	5	2	0.5
8	5	12	0.666667
8	5	9	0.888889
1	5	3	0.333333
14	5	18	0.777778
8	5	16	0.5
9	5	12	0.75
10	5	15	0.666667
14	5	21	0.666667
2	5	3	0.666667
9	5	11	0.818182
15	4	19	0.789474
9	1	44	0.204545
2	5	2	1
3	1	23	0.130435
6	5	12	0.5
5	5	24	0.208333
12	5	17	0.705882
14	5	18	0.777778
1	5	1	1
9	4	12	0.75
3	3	19	0.157895
6	1	20	0.3
6	5	8	0.75
10	5	11	0.909091
12	2	25	0.48
9	5	14	0.642857
3	5	5	0.6
12	5	14	0.857143
5	5	8	0.625
11	5	15	0.733333
22	1	79	0.278481
3	4	5	0.6
6	1	32	0.1875
3	1	19	0.157895
9	5	12	0.75
5	5	7	0.714286
18	1	49	0.367347
6	5	7	0.857143
5	4	10	0.5
51	4	76	0.671053
16	1	40	0.4
2	5	3	0.666667
15	1	42	0.357143
8	5	12	0.666667
9	4	12	0.75
12	1	46	0.26087
13	5	20	0.65
4	4	6	0.666667
26	3	36	0.722222
14	1	52	0.269231
16	1	97	0.164948
20	1	123	0.162602
9	5	15	0.6
15	1	45	0.333333
17	1	98	0.173469
16	1	58	0.275862
14	1	47	0.297872
6	5	11	0.545455
9	5	17	0.529412
3	4	5	0.6
8	5	10	0.8
41	5	58	0.706897
6	5	9	0.666667
9	4	11	0.818182
10	5	13	0.769231
8	1	37	0.216216
5	5	10	0.5
12	5	16	0.75
24	5	30	0.8
1	5	4	0.25
14	5	17	0.823529
8	5	10	0.8
8	5	12	0.666667
6	5	9	0.666667
10	1	47	0.212766
14	4	17	0.823529
14	5	24	0.583333
11	5	15	0.733333
6	5	10	0.6
22	5	31	0.709677
12	1	51	0.235294
16	1	76	0.210526
11	5	20	0.55
4	3	20	0.2
11	1	38	0.289474
10	5	14	0.714286
7	1	51	0.137255
13	5	21	0.619048
12	5	22	0.545455
9	1	39	0.230769
13	4	19	0.684211
12	1	54	0.222222
6	2	23	0.26087
9	1	38	0.236842
8	5	15	0.533333
5	5	10	0.5
5	5	13	0.384615
9	5	17	0.529412
2	3	11	0.181818
15	1	47	0.319149
4	1	30	0.133333
3	5	10	0.3
57	5	98	0.581633
11	5	15	0.733333
8	5	11	0.727273
33	5	47	0.702128
10	3	18	0.555556
75	1	193	0.388601
9	1	28	0.321429
6	1	30	0.2
8	5	12	0.666667
12	4	14	0.857143
0	5	0	0
10	5	12	0.833333
20	5	35	0.571429
8	4	12	0.666667
19	2	58	0.327586
5	1	41	0.121951
6	5	9	0.666667
6	3	12	0.5
2	3	8	0.25
9	5	13	0.692308
5	5	10	0.5
3	5	4	0.75
6	4	9	0.666667
7	4	10	0.7
1	4	4	0.25
10	4	17	0.588235
5	1	30	0.166667
16	5	23	0.695652
5	1	30	0.166667
57	2	124	0.459677
28	5	45	0.622222
7	1	27	0.259259
3	1	19	0.157895
6	5	8	0.75
4	4	6	0.666667
8	5	15	0.533333
5	5	9	0.555556
4	1	13	0.307692
10	5	15	0.666667
4	1	32	0.125
7	1	27	0.259259
9	1	38	0.236842
5	5	9	0.555556
3	5	4	0.75
3	4	7	0.428571
20	5	29	0.689655
5	4	7	0.714286
5	5	7	0.714286
4	1	13	0.307692
29	5	44	0.659091
7	5	10	0.7
7	5	10	0.7
12	4	15	0.8
7	5	10	0.7
21	4	29	0.724138
9	5	12	0.75
8	5	11	0.727273
6	5	9	0.666667
38	5	53	0.716981
14	5	19	0.736842
6	1	25	0.24
21	1	107	0.196262
4	1	23	0.173913
11	5	14	0.785714
5	2	23	0.217391
9	4	15	0.6
8	1	41	0.195122
6	2	21	0.285714
12	5	15	0.8
7	1	36	0.194444
5	1	27	0.185185
5	5	8	0.625
16	3	21	0.761905
9	5	13	0.692308
4	5	4	1
38	4	52	0.730769
8	1	26	0.307692
14	1	34	0.411765
5	2	18	0.277778
5	5	8	0.625
8	2	16	0.5
15	5	19	0.789474
3	1	12	0.25
7	5	13	0.538462
8	1	25	0.32
9	1	26	0.346154
3	5	8	0.375
5	1	17	0.294118
4	1	17	0.235294
7	4	7	1
37	4	50	0.74
1	2	8	0.125
7	5	9	0.777778
37	5	56	0.660714
1	3	3	0.333333
18	1	125	0.144
13	4	17	0.764706
105	1	156	0.673077
7	5	12	0.583333
11	5	18	0.611111
9	5	12	0.75
1	1	8	0.125
4	5	7	0.571429
4	5	6	0.666667
6	1	34	0.176471
1	3	5	0.2
1	3	3	0.333333
8	5	15	0.533333
8	1	22	0.363636
4	5	5	0.8
9	4	11	0.818182
5	1	17	0.294118
5	1	18	0.277778
10	5	12	0.833333
5	5	6	0.833333
4	1	17	0.235294
6	1	28	0.214286
5	5	7	0.714286
4	5	6	0.666667
6	5	6	1
3	1	19	0.157895
92	1	221	0.41629
11	4	13	0.846154
15	5	17	0.882353
4	1	34	0.117647
17	5	20	0.85
5	1	36	0.138889
12	5	14	0.857143
17	5	22	0.772727
7	4	7	1
2	1	18	0.111111
11	5	16	0.6875
12	5	17	0.705882
18	5	20	0.9
11	5	15	0.733333
13	5	20	0.65
5	1	26	0.192308
14	5	19	0.736842
13	5	14	0.928571
12	5	15	0.8
1	1	25	0.04
18	2	68	0.264706
51	5	77	0.662338
19	1	120	0.158333
2	1	16	0.125
4	1	23	0.173913
28	5	32	0.875
18	1	100	0.18
2	1	42	0.047619
44	5	58	0.758621
78	1	191	0.408377
12	5	15	0.8
14	5	17	0.823529
20	5	22	0.909091
10	5	15	0.666667
9	5	11	0.818182
23	5	26	0.884615
2	4	8	0.25
3	1	49	0.0612245
25	5	29	0.862069
28	2	119	0.235294
0	5	0	0
21	5	25	0.84
7	5	9	0.777778
4	1	22	0.181818
13	5	14	0.928571
5	4	8	0.625
23	5	26	0.884615
5	5	7	0.714286
11	5	15	0.733333
3	1	23	0.130435
2	1	51	0.0392157
1	1	44	0.0227273
12	5	18	0.666667
18	5	20	0.9
28	5	31	0.903226
1	5	1	1
26	5	32	0.8125
28	4	33	0.848485
15	5	19	0.789474
4	1	54	0.0740741
7	1	44	0.159091
23	5	26	0.884615
2	1	48	0.0416667
10	4	13	0.769231
28	5	34	0.823529
26	5	30	0.866667
1	1	12	0.0833333
6	1	58	0.103448
10	1	65	0.153846
35	5	40	0.875
8	4	8	1
5	1	67	0.0746269
17	5	21	0.809524
3	1	30	0.1
4	1	91	0.043956
63	5	74	0.851351
15	5	17	0.882353
21	4	24	0.875
20	5	25	0.8
2	2	16	0.125
6	2	39	0.153846
23	5	27	0.851852
22	5	26	0.846154
17	5	22	0.772727
9	5	11	0.818182
8	5	9	0.888889
34	5	41	0.829268
16	5	19	0.842105
0	5	1	0
16	5	20	0.8
9	5	10	0.9
10	5	11	0.909091
17	4	22	0.772727
14	5	16	0.875
15	5	18	0.833333
11	5	14	0.785714
9	5	12	0.75
14	5	18	0.777778
0	5	0	0
5	4	5	1
14	5	20	0.7
17	1	102	0.166667
30	5	37	0.810811
10	5	18	0.555556
22	5	28	0.785714
8	5	15	0.533333
27	4	32	0.84375
10	5	14	0.714286
18	5	20	0.9
18	5	21	0.857143
5	3	13	0.384615
12	5	15	0.8
10	5	12	0.833333
11	5	14	0.785714
13	5	22	0.590909
9	4	12	0.75
1	5	1	1
0	5	0	0
11	5	17	0.647059
17	5	20	0.85
13	5	19	0.684211
4	1	53	0.0754717
3	5	3	1
17	5	24	0.708333
2	5	4	0.5
7	1	53	0.132075
8	4	10	0.8
1	5	2	0.5
21	5	26	0.807692
13	4	20	0.65
1	5	3	0.333333
14	4	16	0.875
8	4	14	0.571429
9	1	61	0.147541
19	5	24	0.791667
15	5	18	0.833333
4	1	30	0.133333
23	5	29	0.793103
17	5	22	0.772727
346	5	496	0.697581
96	1	142	0.676056
22	5	25	0.88
5	1	30	0.166667
10	1	44	0.227273
11	1	35	0.314286
2	4	2	1
24	5	27	0.888889
9	5	11	0.818182
8	3	15	0.533333
14	5	18	0.777778
9	5	12	0.75
8	1	32	0.25
11	5	17	0.647059
9	4	14	0.642857
15	5	17	0.882353
1	3	2	0.5
10	1	35	0.285714
18	5	28	0.642857
8	1	17	0.470588
9	1	70	0.128571
10	1	42	0.238095
9	1	73	0.123288
1	5	1	1
7	5	10	0.7
7	5	9	0.777778
12	1	55	0.218182
19	5	25	0.76
9	5	10	0.9
10	5	12	0.833333
19	5	22	0.863636
11	5	16	0.6875
25	4	34	0.735294
6	1	38	0.157895
11	4	15	0.733333
8	5	18	0.444444
20	4	23	0.869565
8	5	9	0.888889
13	5	16	0.8125
1	5	2	0.5
21	5	27	0.777778
9	3	11	0.818182
16	5	22	0.727273
13	5	18	0.722222
15	5	16	0.9375
30	5	33	0.909091
15	4	19	0.789474
9	4	10	0.9
28	5	33	0.848485
11	5	18	0.611111
19	5	27	0.703704
8	1	63	0.126984
13	5	20	0.65
11	5	12	0.916667
18	5	27	0.666667
7	1	64	0.109375
5	5	6	0.833333
11	1	51	0.215686
0	3	10	0
10	5	14	0.714286
15	5	20	0.75
12	5	16	0.75
15	1	85	0.176471
2	5	2	1
27	5	31	0.870968
11	5	12	0.916667
9	1	57	0.157895
9	5	11	0.818182
11	1	81	0.135802
25	5	31	0.806452
12	1	53	0.226415
2	5	2	1
11	4	20	0.55
11	5	17	0.647059
19	5	26	0.730769
16	5	19	0.842105
11	5	12	0.916667
10	5	13	0.769231
22	5	28	0.785714
6	1	32	0.1875
11	5	16	0.6875
10	5	15	0.666667
15	1	58	0.258621
15	4	20	0.75
14	5	18	0.777778
9	5	13	0.692308
18	5	23	0.782609
5	5	7	0.714286
11	5	13	0.846154
13	5	15	0.866667
25	4	32	0.78125
19	5	24	0.791667
9	1	34	0.264706
14	5	18	0.777778
15	5	20	0.75
11	5	13	0.846154
8	5	13	0.615385
13	5	18	0.722222
10	5	16	0.625
23	5	30	0.766667
16	5	22	0.727273
9	5	18	0.5
37	5	49	0.755102
7	1	46	0.152174
7	1	57	0.122807
26	4	31	0.83871
18	5	20	0.9
84	3	140	0.6
6	1	46	0.130435
10	5	14	0.714286
6	1	38	0.157895
12	5	15	0.8
12	5	15	0.8
9	1	70	0.128571
18	2	48	0.375
10	3	39	0.25641
10	5	13	0.769231
7	5	9	0.777778
9	2	15	0.6
10	1	40	0.25
14	5	20	0.7
7	3	28	0.25
14	5	18	0.777778
11	5	15	0.733333
2	1	10	0.2
10	5	15	0.666667
5	1	41	0.121951
13	5	16	0.8125
5	1	32	0.15625
25	5	36	0.694444
23	5	28	0.821429
9	1	40	0.225
13	4	16	0.8125
8	1	41	0.195122
11	1	60	0.183333
8	1	57	0.140351
26	5	33	0.787879
24	5	38	0.631579
6	1	39	0.153846
12	4	14	0.857143
30	4	41	0.731707
11	5	17	0.647059
33	5	38	0.868421
16	5	22	0.727273
9	5	14	0.642857
9	1	41	0.219512
5	5	6	0.833333
13	1	40	0.325
18	5	21	0.857143
14	5	17	0.823529
7	5	16	0.4375
11	5	13	0.846154
3	1	53	0.0566038
1	1	10	0.1
17	5	21	0.809524
17	5	21	0.809524
14	5	24	0.583333
4	1	17	0.235294
15	5	19	0.789474
10	1	35	0.285714
9	2	23	0.391304
9	1	56	0.160714
19	5	21	0.904762
15	5	18	0.833333
17	5	20	0.85
15	5	16	0.9375
11	1	52	0.211538
8	1	56	0.142857
19	5	22	0.863636
2	1	11	0.181818
42	2	156	0.269231
16	5	23	0.695652
15	5	30	0.5
15	5	17	0.882353
11	1	82	0.134146
14	5	17	0.823529
13	5	23	0.565217
5	1	56	0.0892857
12	5	16	0.75
6	1	53	0.113208
10	3	14	0.714286
14	1	81	0.17284
38	5	48	0.791667
17	5	21	0.809524
28	5	33	0.848485
4	1	48	0.0833333
30	1	89	0.337079
8	5	9	0.888889
10	5	13	0.769231
10	5	13	0.769231
14	5	20	0.7
12	5	14	0.857143
4	3	39	0.102564
8	5	11	0.727273
2	5	7	0.285714
10	3	16	0.625
20	5	27	0.740741
12	5	13	0.923077
14	5	22	0.636364
29	4	37	0.783784
1	5	1	1
31	5	38	0.815789
14	5	18	0.777778
9	5	12	0.75
6	1	52	0.115385
16	5	21	0.761905
18	5	25	0.72
6	5	15	0.4
12	4	17	0.705882
11	5	18	0.611111
15	5	22	0.681818
9	5	20	0.45
13	5	22	0.590909
14	5	24	0.583333
16	5	24	0.666667
12	4	15	0.8
8	5	11	0.727273
15	5	22	0.681818
28	5	33	0.848485
8	4	8	1
15	5	19	0.789474
10	5	14	0.714286
11	5	19	0.578947
4	5	4	1
24	3	55	0.436364
6	5	11	0.545455
4	4	9	0.444444
11	5	22	0.5
8	5	13	0.615385
11	5	16	0.6875
13	5	17	0.764706
14	5	22	0.636364
12	5	19	0.631579
2	5	5	0.4
23	5	31	0.741935
13	5	18	0.722222
12	4	16	0.75
12	3	24	0.5
1	5	4	0.25
14	5	25	0.56
15	5	22	0.681818
12	5	18	0.666667
14	5	22	0.636364
24	5	34	0.705882
100	5	126	0.793651
9	5	15	0.6
20	4	27	0.740741
8	1	65	0.123077
2	5	3	0.666667
8	1	44	0.181818
7	1	37	0.189189
25	5	31	0.806452
14	5	19	0.736842
20	5	24	0.833333
9	1	81	0.111111
13	5	17	0.764706
15	5	18	0.833333
8	1	58	0.137931
29	5	34	0.852941
7	1	30	0.233333
15	5	18	0.833333
11	4	14	0.785714
8	1	35	0.228571
16	5	18	0.888889
8	1	51	0.156863
1	5	2	0.5
9	5	13	0.692308
1	1	12	0.0833333
1	5	1	1
14	4	21	0.666667
1	1	13	0.0769231
5	1	33	0.151515
14	1	49	0.285714
10	1	79	0.126582
8	5	10	0.8
16	5	18	0.888889
6	5	23	0.26087
7	5	12	0.583333
1	5	3	0.333333
11	5	12	0.916667
15	5	17	0.882353
2	1	12	0.166667
6	5	8	0.75
14	5	20	0.7
14	5	23	0.608696
18	5	26	0.692308
6	1	60	0.1
22	5	27	0.814815
4	1	34	0.117647
3	3	8	0.375
6	1	16	0.375
12	5	15	0.8
22	5	28	0.785714
16	5	19	0.842105
19	4	26	0.730769
7	1	44	0.159091
20	5	30	0.666667
10	5	12	0.833333
20	5	29	0.689655
15	5	19	0.789474
15	5	17	0.882353
14	2	40	0.35
16	4	19	0.842105
3	5	4	0.75
14	5	18	0.777778
25	5	35	0.714286
12	5	13	0.923077
11	5	16	0.6875
18	4	23	0.782609
8	1	57	0.140351
6	1	62	0.0967742
16	1	133	0.120301
14	1	69	0.202899
1	3	13	0.0769231
9	4	11	0.818182
7	5	10	0.7
16	5	21	0.761905
18	5	25	0.72
17	5	21	0.809524
23	5	31	0.741935
8	1	85	0.0941176
14	1	76	0.184211
56	5	66	0.848485
24	5	31	0.774194
1	5	1	1
6	1	88	0.0681818
6	1	55	0.109091
19	3	20	0.95
13	4	15	0.866667
1	5	1	1
1	5	1	1
19	5	24	0.791667
36	4	43	0.837209
0	3	0	0
45	5	59	0.762712
14	5	17	0.823529
11	1	93	0.11828
27	5	31	0.870968
24	4	33	0.727273
19	1	136	0.139706
25	5	33	0.757576
16	5	19	0.842105
1	5	1	1
14	1	140	0.1
1	5	1	1
4	2	60	0.0666667
30	5	36	0.833333
4	5	4	1
29	5	43	0.674419
11	5	13	0.846154
10	1	114	0.0877193
15	5	18	0.833333
14	5	18	0.777778
1	1	8	0.125
31	4	40	0.775
12	1	95	0.126316
11	5	15	0.733333
10	2	81	0.123457
33	5	38	0.868421
39	5	47	0.829787
21	5	28	0.75
32	5	37	0.864865
2	1	14	0.142857
7	5	7	1
39	5	47	0.829787
14	5	16	0.875
15	5	16	0.9375
33	5	43	0.767442
10	1	94	0.106383
24	5	32	0.75
17	1	151	0.112583
9	5	11	0.818182
8	1	91	0.0879121
18	1	155	0.116129
20	4	22	0.909091
1	5	2	0.5
6	5	7	0.857143
12	5	13	0.923077
14	5	19	0.736842
20	5	23	0.869565
6	1	71	0.084507
10	5	11	0.909091
11	5	11	1
19	5	21	0.904762
16	5	18	0.888889
12	2	99	0.121212
23	5	26	0.884615
5	2	57	0.0877193
34	5	40	0.85
7	1	105	0.0666667
16	5	19	0.842105
6	1	65	0.0923077
14	5	17	0.823529
33	5	43	0.767442
5	1	83	0.060241
14	5	18	0.777778
17	5	20	0.85
2	5	2	1
16	5	21	0.761905
12	5	16	0.75
21	5	25	0.84
19	5	21	0.904762
19	5	20	0.95
24	5	28	0.857143
38	5	44	0.863636
38	5	44	0.863636
32	5	36	0.888889
12	4	14	0.857143
10	5	12	0.833333
206	1	303	0.679868
15	1	142	0.105634
26	5	31	0.83871
18	4	21	0.857143
3	5	4	0.75
24	5	30	0.8
13	5	14	0.928571
16	5	18	0.888889
38	5	47	0.808511
15	1	113	0.132743
25	5	29	0.862069
22	5	26	0.846154
25	4	32	0.78125
4	1	17	0.235294
35	5	41	0.853659
13	5	18	0.722222
34	5	39	0.871795
14	5	15	0.933333
10	5	13	0.769231
4	1	62	0.0645161
11	1	77	0.142857
37	5	43	0.860465
20	5	24	0.833333
5	2	31	0.16129
11	4	13	0.846154
14	5	17	0.823529
2	5	2	1
11	1	57	0.192982
25	5	36	0.694444
27	5	31	0.870968
14	5	16	0.875
7	1	50	0.14
13	1	58	0.224138
2	5	2	1
17	1	137	0.124088
17	5	19	0.894737
57	5	68	0.838235
14	5	17	0.823529
8	1	47	0.170213
21	5	24	0.875
18	5	20	0.9
20	5	22	0.909091
18	1	131	0.137405
29	5	39	0.74359
2	4	5	0.4
15	5	24	0.625
0	3	0	0
14	5	18	0.777778
21	5	26	0.807692
12	1	66	0.181818
27	5	35	0.771429
16	5	20	0.8
3	5	4	0.75
7	1	86	0.0813953
19	5	29	0.655172
26	5	32	0.8125
13	1	62	0.209677
6	5	6	1
18	5	27	0.666667
23	5	27	0.851852
6	1	70	0.0857143
11	1	88	0.125
37	4	44	0.840909
18	5	21	0.857143
16	5	20	0.8
8	5	10	0.8
45	5	57	0.789474
3	5	3	1
7	1	58	0.12069
18	5	21	0.857143
17	5	19	0.894737
3	1	12	0.25
15	4	17	0.882353
16	5	18	0.888889
17	1	112	0.151786
8	2	74	0.108108
11	1	54	0.203704
4	5	4	1
46	5	56	0.821429
0	5	0	0
0	5	0	0
21	5	25	0.84
13	5	17	0.764706
12	5	14	0.857143
1	3	2	0.5
27	5	34	0.794118
29	5	33	0.878788
36	4	80	0.45
31	5	38	0.815789
15	5	17	0.882353
11	1	70	0.157143
12	5	15	0.8
15	4	17	0.882353
16	5	24	0.666667
17	1	56	0.303571
12	1	53	0.226415
9	1	63	0.142857
20	1	106	0.188679
5	1	41	0.121951
9	5	12	0.75
6	5	7	0.857143
13	1	56	0.232143
7	5	7	1
23	5	32	0.71875
10	1	65	0.153846
14	4	18	0.777778
16	5	25	0.64
12	5	16	0.75
8	1	77	0.103896
10	5	13	0.769231
24	5	30	0.8
15	5	18	0.833333
2	2	8	0.25
13	5	17	0.764706
23	5	31	0.741935
16	5	22	0.727273
14	5	18	0.777778
31	5	44	0.704545
12	5	16	0.75
12	5	16	0.75
9	1	66	0.136364
5	5	15	0.333333
8	1	53	0.150943
7	5	13	0.538462
0	5	1	0
10	5	12	0.833333
7	5	18	0.388889
19	5	33	0.575758
8	1	99	0.0808081
16	5	19	0.842105
6	1	41	0.146341
11	5	15	0.733333
12	5	14	0.857143
6	1	49	0.122449
4	3	7	0.571429
10	5	13	0.769231
8	1	37	0.216216
2	3	3	0.666667
10	5	11	0.909091
6	5	9	0.666667
12	5	14	0.857143
11	5	15	0.733333
2	1	29	0.0689655
7	5	8	0.875
11	3	18	0.611111
3	5	3	1
10	5	11	0.909091
8	5	10	0.8
2	5	2	1
3	2	25	0.12
1	5	1	1
9	4	10	0.9
6	5	10	0.6
11	5	13	0.846154
10	5	13	0.769231
3	5	3	1
14	5	15	0.933333
8	5	10	0.8
1	1	26	0.0384615
9	5	10	0.9
2	5	2	1
5	3	10	0.5
3	1	37	0.0810811
1	1	23	0.0434783
6	5	6	1
9	5	9	1
4	5	4	1
3	5	3	1
2	2	14	0.142857
4	5	4	1
5	5	5	1
4	1	20	0.2
6	5	7	0.857143
3	1	24	0.125
4	5	4	1
4	1	28	0.142857
3	5	3	1
3	1	18	0.166667
2	5	2	1
3	1	23	0.130435
2	5	2	1
7	4	7	1
6	5	7	0.857143
2	5	2	1
3	5	3	1
2	5	2	1
5	5	5	1
4	1	20	0.2
5	5	5	1
2	4	2	1
2	5	2	1
4	4	5	0.8
4	5	4	1
79	5	102	0.77451
7	5	8	0.875
5	5	5	1
1	5	1	1
2	5	2	1
4	4	5	0.8
5	1	20	0.25
4	5	5	0.8
17	5	22	0.772727
4	5	5	0.8
5	5	6	0.833333
6	5	7	0.857143
3	4	3	1
3	5	3	1
3	4	3	1
3	5	3	1
16	5	22	0.727273
8	5	8	1
5	4	5	1
3	5	3	1
25	5	31	0.806452
3	5	3	1
4	5	4	1
2	5	2	1
23	5	26	0.884615
10	5	10	1
7	5	7	1
6	5	6	1
4	5	4	1
3	5	4	0.75
3	5	3	1
4	5	4	1
3	5	3	1
3	5	3	1
3	1	16	0.1875
5	5	6	0.833333
4	1	14	0.285714
9	5	9	1
5	5	5	1
4	5	4	1
3	4	3	1
10	4	13	0.769231
4	5	4	1
2	1	12	0.166667
2	5	2	1
3	5	3	1
219	5	270	0.811111
352	5	499	0.705411
269	5	352	0.764205
3	5	4	0.75
29	5	51	0.568627
50	5	63	0.793651
3	1	13	0.230769
1	1	13	0.0769231
4	5	4	1
3	5	3	1
4	1	13	0.307692
5	1	18	0.277778
4	1	13	0.307692
3	5	3	1
3	5	3	1
130	5	159	0.81761
3	5	3	1
3	1	15	0.2
142	2	1030	0.137864
4	5	4	1
3	5	4	0.75
2	3	5	0.4
3	1	15	0.2
4	5	4	1
1154	5	1342	0.859911
2	1	11	0.181818
7	4	7	1
26	5	29	0.896552
1	5	1	1
23	5	31	0.741935
60	1	195	0.307692
3	5	3	1
3	5	3	1
0	2	6	0
4	4	15	0.266667
60	1	219	0.273973
75	1	230	0.326087
36	2	76	0.473684
2	5	2	1
6	5	7	0.857143
28	5	34	0.823529
23	5	27	0.851852
14	5	18	0.777778
1	1	7	0.142857
2	5	2	1
3	5	3	1
14	3	42	0.333333
40	5	54	0.740741
50	5	61	0.819672
3	5	3	1
3	5	3	1
35	5	44	0.795455
36	5	50	0.72
4	5	4	1
2	5	2	1
72	5	96	0.75
49	5	71	0.690141
16	5	21	0.761905
15	1	155	0.0967742
4	1	24	0.166667
2	5	2	1
6	5	11	0.545455
11	5	16	0.6875
10	1	71	0.140845
16	5	28	0.571429
6	5	8	0.75
6	5	8	0.75
5	5	5	1
12	5	52	0.230769
14	5	18	0.777778
25	5	43	0.581395
10	1	82	0.121951
2	5	2	1
17	5	24	0.708333
9	5	12	0.75
26	5	33	0.787879
1	4	8	0.125
19	5	21	0.904762
4	5	4	1
2	4	2	1
2	5	2	1
6	1	15	0.4
2	5	2	1
15	5	24	0.625
22	4	29	0.758621
97	1	145	0.668966
1	1	8	0.125
25	5	32	0.78125
23	5	31	0.741935
2	4	2	1
5	5	7	0.714286
80	1	400	0.2
12	1	64	0.1875
3	5	3	1
9	5	11	0.818182
0	5	0	0
11	4	13	0.846154
6	3	48	0.125
4	4	6	0.666667
3	4	3	1
25	5	31	0.806452
13	1	138	0.0942029
10	5	12	0.833333
106	4	133	0.796992
25	5	39	0.641026
18	5	29	0.62069
14	5	15	0.933333
7	5	11	0.636364
3	5	3	1
7	5	13	0.538462
4	1	58	0.0689655
8	1	46	0.173913
2	1	31	0.0645161
12	5	14	0.857143
11	5	12	0.916667
4	5	4	1
9	1	55	0.163636
12	5	14	0.857143
14	5	15	0.933333
5	5	5	1
10	5	11	0.909091
11	1	91	0.120879
8	5	10	0.8
15	5	18	0.833333
7	5	8	0.875
9	5	10	0.9
4	3	26	0.153846
5	5	5	1
8	5	10	0.8
4	5	5	0.8
1	5	6	0.166667
4	5	5	0.8
12	5	13	0.923077
12	5	15	0.8
5	5	7	0.714286
9	4	10	0.9
5	5	6	0.833333
10	5	13	0.769231
7	5	9	0.777778
12	5	14	0.857143
2	1	31	0.0645161
7	5	11	0.636364
12	5	15	0.8
3	5	4	0.75
5	5	5	1
7	5	7	1
5	1	50	0.1
7	5	8	0.875
19	4	21	0.904762
3	5	6	0.5
9	5	9	1
5	5	6	0.833333
4	5	5	0.8
3	5	3	1
5	5	6	0.833333
6	5	10	0.6
4	5	6	0.666667
3	5	6	0.5
6	5	6	1
2	2	26	0.0769231
6	5	7	0.857143
5	4	6	0.833333
34	5	43	0.790698
6	5	7	0.857143
3	1	30	0.1
5	4	7	0.714286
5	5	8	0.625
6	5	8	0.75
16	5	18	0.888889
6	5	6	1
4	3	14	0.285714
5	5	9	0.555556
4	5	5	0.8
7	5	7	1
7	5	10	0.7
11	2	24	0.458333
2	5	3	0.666667
3	5	4	0.75
1	5	2	0.5
12	5	12	1
5	5	8	0.625
2	5	2	1
4	5	5	0.8
5	5	6	0.833333
2	5	2	1
5	5	5	1
9	5	10	0.9
3	5	4	0.75
9	5	10	0.9
6	5	8	0.75
3	5	3	1
2	5	2	1
3	5	4	0.75
3	5	3	1
2	5	3	0.666667
2	5	2	1
2	4	2	1
3	5	4	0.75
3	4	3	1
3	5	3	1
5	5	5	1
7	5	8	0.875
3	5	3	1
3	5	5	0.6
2	5	2	1
1	5	2	0.5
2	5	3	0.666667
2	5	2	1
2	5	2	1
2	5	2	1
3	5	3	1
3	5	3	1
3	5	4	0.75
1	4	1	1
2	4	2	1
2	5	3	0.666667
3	5	4	0.75
2	4	2	1
2	5	2	1
2	5	2	1
3	5	3	1
5	4	5	1
4	1	27	0.148148
2	4	2	1
4	5	6	0.666667
2	4	3	0.666667
7	2	16	0.4375
1	5	2	0.5
2	5	4	0.5
2	5	2	1
4	1	22	0.181818
3	1	21	0.142857
2	5	2	1
2	5	2	1
1	5	1	1
2	5	2	1
2	5	2	1
5	1	26	0.192308
1	5	1	1
3	3	7	0.428571
2	5	2	1
3	5	3	1
3	5	3	1
2	5	2	1
2	5	2	1
2	5	2	1
2	5	2	1
4	1	24	0.166667
2	5	2	1
2	3	6	0.333333
1	4	2	0.5
2	5	2	1
2	5	2	1
2	5	2	1
2	4	3	0.666667
3	5	4	0.75
2	5	2	1
3	1	20	0.15
4	5	4	1
2	5	2	1
4	5	4	1
2	4	2	1
2	5	2	1
3	5	3	1
12	4	14	0.857143
7	5	7	1
2	5	2	1
3	5	3	1
4	5	5	0.8
2	5	2	1
1	5	1	1
2	5	2	1
4	5	4	1
2	5	2	1
2	5	2	1
1	5	1	1
3	5	3	1
0	5	3	0
2	5	2	1
3	5	3	1
4	1	18	0.222222
1	4	1	1
2	5	2	1
9	5	10	0.9
3	5	3	1
2	5	2	1
1	5	1	1
2	5	3	0.666667
3	5	3	1
3	5	3	1
2	5	2	1
2	5	2	1
2	5	2	1
6	4	8	0.75
2	5	2	1
3	5	3	1
2	5	2	1
2	5	2	1
2	5	2	1
2	5	2	1
3	1	18	0.166667
2	5	2	1
1	4	1	1
2	5	2	1
2	5	2	1
2	5	2	1
2	5	2	1
7	1	39	0.179487
0	5	1	0
2	5	2	1
3	5	5	0.6
3	5	3	1
3	5	4	0.75
3	5	4	0.75
2	5	4	0.5
2	4	3	0.666667
2	5	4	0.5
2	5	2	1
1	5	1	1
2	5	4	0.5
2	5	2	1
4	5	4	1
2	4	3	0.666667
2	5	3	0.666667
5	5	7	0.714286
3	5	5	0.6
2	5	2	1
6	1	39	0.153846
2	5	3	0.666667
1	4	2	0.5
4	5	5	0.8
3	5	5	0.6
3	5	3	1
3	5	3	1
2	5	2	1
2	5	2	1
5	1	19	0.263158
2	5	2	1
2	5	2	1
3	1	16	0.1875
2	5	3	0.666667
2	5	4	0.5
3	5	3	1
2	5	3	0.666667
3	1	17	0.176471
2	5	3	0.666667
3	5	3	1
4	1	17	0.235294
2	5	4	0.5
2	5	2	1
3	1	15	0.2
2	5	6	0.333333
0	4	2	0
5	1	38	0.131579
2	5	3	0.666667
2	5	4	0.5
2	5	3	0.666667
2	5	4	0.5
2	4	3	0.666667
2	5	4	0.5
3	5	4	0.75
2	2	12	0.166667
2	5	4	0.5
2	5	3	0.666667
7	2	14	0.5
1	4	2	0.5
2	1	13	0.153846
3	4	4	0.75
2	5	3	0.666667
3	1	14	0.214286
2	5	4	0.5
2	5	3	0.666667
15	5	20	0.75
2	5	3	0.666667
3	5	4	0.75
3	5	4	0.75
4	5	5	0.8
3	4	4	0.75
2	5	3	0.666667
2	5	3	0.666667
4	5	5	0.8
2	5	3	0.666667
2	5	3	0.666667
2	5	3	0.666667
2	5	4	0.5
2	5	4	0.5
2	5	3	0.666667
2	1	12	0.166667
10	5	13	0.769231
1	5	2	0.5
2	5	3	0.666667
2	5	3	0.666667
3	5	4	0.75
2	5	3	0.666667
3	5	5	0.6
1	5	2	0.5
2	4	4	0.5
2	5	4	0.5
1	5	2	0.5
2	4	3	0.666667
2	5	3	0.666667
2	5	3	0.666667
2	5	3	0.666667
2	4	3	0.666667
1	4	2	0.5
2	5	4	0.5
2	5	3	0.666667
2	1	10	0.2
2	5	3	0.666667
2	1	10	0.2
2	5	3	0.666667
2	5	3	0.666667
2	5	3	0.666667
1	5	6	0.166667
3	5	4	0.75
2	1	10	0.2
2	5	3	0.666667
2	4	4	0.5
3	5	4	0.75
2	5	3	0.666667
3	5	4	0.75
2	5	3	0.666667
2	5	3	0.666667
2	5	3	0.666667
2	5	4	0.5
2	5	3	0.666667
2	5	3	0.666667
2	5	3	0.666667
2	5	3	0.666667
2	5	3	0.666667
2	5	4	0.5
2	5	3	0.666667
1	5	3	0.333333
3	5	4	0.75
3	5	5	0.6
2	5	3	0.666667
2	5	3	0.666667
2	5	3	0.666667
2	1	10	0.2
3	5	4	0.75
3	5	4	0.75
3	5	4	0.75
3	5	4	0.75
2	5	4	0.5
4	5	5	0.8
3	1	13	0.230769
3	5	4	0.75
2	1	10	0.2
2	5	3	0.666667
3	5	4	0.75
2	5	3	0.666667
4	5	5	0.8
3	5	4	0.75
3	5	4	0.75
2	5	3	0.666667
2	5	3	0.666667
2	4	3	0.666667
2	5	3	0.666667
3	1	12	0.25
2	1	10	0.2
3	5	4	0.75
2	3	9	0.222222
3	5	5	0.6
1	5	2	0.5
2	5	3	0.666667
5	1	36	0.138889
3	1	11	0.272727
4	1	17	0.235294
6	1	15	0.4
2	5	3	0.666667
3	1	11	0.272727
3	1	12	0.25
3	5	4	0.75
1	4	2	0.5
2	4	3	0.666667
11	5	12	0.916667
2	5	3	0.666667
2	5	3	0.666667
2	5	3	0.666667
2	5	3	0.666667
4	4	5	0.8
3	5	4	0.75
2	5	4	0.5
2	5	3	0.666667
2	5	3	0.666667
3	5	4	0.75
3	5	5	0.6
3	1	11	0.272727
2	5	3	0.666667
3	1	11	0.272727
2	5	3	0.666667
2	5	3	0.666667
2	5	3	0.666667
2	5	3	0.666667
3	5	3	1
2	5	3	0.666667
1	5	2	0.5
3	5	4	0.75
5	1	17	0.294118
2	5	3	0.666667
2	5	3	0.666667
2	5	3	0.666667
2	5	3	0.666667
3	5	5	0.6
2	5	3	0.666667
2	5	3	0.666667
2	5	3	0.666667
2	5	3	0.666667
4	1	31	0.129032
2	5	3	0.666667
3	5	4	0.75
0	5	2	0
2	5	3	0.666667
1	5	3	0.333333
2	4	3	0.666667
3	4	4	0.75
2	5	3	0.666667
19	1	34	0.558824
1	4	2	0.5
2	1	10	0.2
3	5	4	0.75
1	5	3	0.333333
2	5	3	0.666667
2	5	3	0.666667
3	4	4	0.75
5	4	6	0.833333
4	5	5	0.8
2	5	3	0.666667
2	5	3	0.666667
2	5	3	0.666667
2	5	3	0.666667
2	5	3	0.666667
3	4	5	0.6
3	5	6	0.5
3	5	7	0.428571
2	5	4	0.5
3	5	5	0.6
3	5	5	0.6
3	5	5	0.6
3	5	5	0.6
2	4	4	0.5
0	5	2	0
3	5	6	0.5
3	5	5	0.6
3	4	5	0.6
3	5	4	0.75
3	5	5	0.6
2	4	4	0.5
6	5	8	0.75
2	5	4	0.5
2	1	11	0.181818
3	5	4	0.75
2	5	4	0.5
4	5	6	0.666667
4	1	16	0.25
2	4	4	0.5
2	5	4	0.5
2	5	4	0.5
1	5	3	0.333333
3	5	5	0.6
3	5	6	0.5
5	5	7	0.714286
3	5	6	0.5
3	5	5	0.6
3	5	5	0.6
4	1	18	0.222222
18	5	31	0.580645
6	5	7	0.857143
3	5	5	0.6
6	5	9	0.666667
3	5	5	0.6
3	5	5	0.6
3	5	5	0.6
5	5	7	0.714286
2	2	8	0.25
2	5	5	0.4
3	5	5	0.6
4	5	7	0.571429
2	5	5	0.4
3	2	17	0.176471
2	5	4	0.5
3	5	6	0.5
1	5	4	0.25
3	5	5	0.6
3	1	19	0.157895
7	5	10	0.7
5	1	22	0.227273
4	5	7	0.571429
4	5	7	0.571429
6	1	24	0.25
3	5	5	0.6
4	2	16	0.25
3	5	7	0.428571
221	5	307	0.71987
6	1	21	0.285714
4	5	8	0.5
15	5	26	0.576923
3	4	5	0.6
6	1	19	0.315789
2	5	4	0.5
5	5	8	0.625
1	5	4	0.25
5	1	22	0.227273
7	5	11	0.636364
3	5	7	0.428571
7	4	11	0.636364
17	5	32	0.53125
4	5	7	0.571429
5	5	8	0.625
