6 5
15 1
15 5
8 5
11 5
15 4
12 3
9 5
14 4
17 5
15 5
4 5
4 4
8 5
9 5
6 5
8 5
0 4
8 1
7 5
5 5
6 1
8 4
5 5
11 4
7 1
9 5
4 3
14 5
8 5
15 5
14 5
38 5
24 5
15 5
8 5
4 3
8 4
6 1
6 4
10 4
6 5
9 5
13 1
13 5
13 5
9 1
13 5
20 5
5 4
15 5
14 5
6 1
12 5
11 5
11 5
7 5
6 4
8 5
7 3
8 5
7 5
8 5
14 5
8 4
16 4
17 3
10 3
8 4
7 4
14 4
10 1
6 4
7 5
8 5
10 4
10 1
8 5
6 5
4 5
11 5
12 5
9 5
11 1
6 3
9 2
13 5
13 5
4 4
5 5
13 5
13 5
10 5
12 1
14 5
10 5
8 5
8 5
9 2
6 4
5 3
9 5
9 5
9 3
4 2
9 1
5 4
11 4
12 1
14 1
5 4
8 1
12 5
14 5
3 4
4 5
6 5
5 5
5 5
5 5
4 5
3 5
4 5
3 3
9 1
11 1
7 1
5 4
5 5
8 1
7 5
3 2
17 5
14 1
5 5
5 5
13 5
4 5
5 1
9 5
10 5
5 1
8 5
10 5
3 5
6 5
12 5
8 5
13 5
10 4
19 1
8 5
9 5
14 5
4 2
8 1
16 5
9 1
4 4
4 5
9 1
9 1
3 1
8 5
2 4
3 5
6 4
18 1
6 4
8 5
13 1
1 5
6 5
3 5
6 5
12 1
6 5
6 5
5 3
13 1
5 5
5 5
4 5
2 4
1 5
5 5
4 5
3 5
11 1
6 5
4 5
8 5
11 1
11 1
8 5
10 1
7 5
7 1
6 3
4 4
5 5
3 5
2 4
5 5
6 5
5 5
6 5
13 1
6 5
7 5
2 3
3 5
2 5
8 3
14 1
14 1
14 5
13 1
5 5
3 4
10 1
4 5
9 1
6 5
9 1
3 5
6 5
4 5
11 1
6 5
11 1
95 1
12 1
6 4
9 4
9 5
12 1
12 1
7 5
10 5
6 5
8 1
8 5
9 1
6 5
117 1
4 5
1 3
3 5
7 4
7 5
2 4
6 4
2 4
5 4
6 4
3 5
9 1
7 4
7 4
4 5
11 1
17 1
10 5
6 5
5 3
5 5
12 5
9 5
8 5
9 5
10 5
13 5
4 5
6 1
5 5
4 5
16 1
6 1
10 1
11 1
2 5
13 1
6 5
3 5
5 5
11 1
13 1
1 4
6 3
5 2
7 3
14 5
14 1
10 5
8 4
7 2
10 5
8 1
8 4
10 5
2 3
11 1
2 5
13 1
10 1
10 5
10 4
1 5
5 5
6 5
18 1
0 3
9 5
13 1
6 1
12 5
4 5
4 5
18 1
6 5
7 5
13 1
5 5
7 2
11 5
13 1
5 5
10 4
5 2
9 5
4 5
9 1
9 1
14 1
8 5
5 5
9 5
10 5
12 1
8 1
13 1
10 5
8 5
10 1
90 1
4 1
5 4
1 3
9 2
10 1
7 5
5 5
5 4
7 5
13 4
10 5
9 1
6 1
4 5
15 5
7 5
7 5
4 5
8 5
12 1
8 1
7 5
7 1
6 5
10 1
7 5
4 1
14 5
13 1
8 1
15 4
9 5
5 5
15 5
8 1
5 3
6 5
10 5
13 1
9 2
7 1
6 1
15 5
9 1
381 4
11 1
8 1
6 1
20 4
4 3
17 5
10 5
6 1
5 1
10 5
6 1
5 1
5 1
15 5
12 5
13 5
76 1
11 1
22 4
3 5
12 5
9 1
11 5
10 5
11 4
11 5
7 5
8 4
4 1
12 5
15 5
11 1
11 4
21 5
7 5
12 5
5 1
87 1
17 5
4 1
11 5
4 2
1 5
5 1
12 4
4 1
12 4
4 5
6 5
7 5
7 5
7 5
7 5
1 5
9 4
4 5
6 5
11 4
4 1
6 5
8 5
6 5
6 5
9 5
5 5
6 1
3 1
9 5
17 5
9 5
9 1
20 5
3 1
15 5
15 5
9 4
12 5
12 5
8 5
3 1
15 5
14 5
21 5
8 5
14 4
4 4
8 1
16 5
5 1
13 5
16 5
12 1
11 5
9 5
10 4
12 5
17 5
8 1
2 5
8 1
12 5
14 5
6 5
11 5
3 1
17 5
14 5
12 5
9 5
12 5
20 1
11 1
14 5
1 5
12 2
5 5
12 3
14 1
27 5
19 5
9 5
8 5
13 5
7 5
12 5
1 5
5 5
9 5
17 4
7 4
7 5
8 3
7 5
10 5
23 2
12 5
18 5
19 4
24 5
19 5
17 1
8 5
1 5
12 1
4 5
10 5
14 1
9 5
11 5
7 5
12 5
9 1
8 5
4 1
11 5
16 5
10 5
10 5
11 1
12 1
9 1
1 5
17 3
5 2
4 5
10 5
13 5
11 5
1 4
7 5
5 5
4 1
9 5
8 5
10 5
6 5
6 5
4 5
9 5
10 5
6 2
9 5
8 5
14 5
8 1
5 5
6 4
5 5
4 1
8 2
9 5
3 5
4 4
4 5
6 5
3 5
6 5
8 5
6 4
6 2
7 1
6 5
7 5
3 5
8 5
4 4
4 4
74 4
6 4
11 5
8 5
5 4
11 5
5 1
8 4
7 4
14 5
11 5
6 5
10 5
12 4
15 1
14 5
7 4
16 1
4 5
4 5
9 5
8 4
13 1
3 5
3 4
5 5
4 3
10 1
6 5
11 5
11 1
11 5
9 5
11 5
7 1
20 1
11 4
8 1
11 1
14 5
3 3
10 5
12 4
10 5
5 2
17 1
7 5
11 1
11 5
12 5
5 1
8 5
4 5
6 2
14 5
8 5
10 5
7 4
8 5
86 1
6 5
9 5
5 4
7 1
10 2
13 1
53 1
5 1
8 4
14 1
17 1
6 1
7 5
5 5
156 1
16 5
2 4
13 5
2 4
5 5
10 1
15 5
22 4
9 4
8 1
8 1
12 5
12 4
18 1
10 5
11 5
24 5
18 5
8 1
12 1
6 1
11 4
11 5
10 1
9 5
11 3
15 5
1 4
11 4
7 5
10 5
16 4
11 5
20 5
18 1
8 1
11 4
12 5
14 1
14 5
2 5
11 5
7 5
8 1
8 4
15 5
11 1
6 5
9 5
16 1
16 5
10 1
10 5
11 1
8 5
7 1
11 2
11 1
10 5
11 1
13 1
16 4
9 5
13 4
7 4
8 1
10 1
16 1
10 5
9 5
8 1
6 2
16 1
8 5
12 5
10 5
8 1
8 1
5 5
8 1
13 5
6 1
6 5
5 1
11 5
2 4
10 1
16 4
7 2
9 5
6 1
8 5
11 5
6 5
4 5
14 5
13 5
6 1
4 3
4 1
12 1
3 1
15 5
2 5
10 4
12 5
11 1
5 1
2 5
21 5
12 5
10 5
14 5
8 4
4 3
8 5
8 5
5 5
5 1
8 5
6 1
4 5
3 1
8 2
6 3
9 4
5 1
2 1
5 1
7 5
10 5
13 5
10 5
3 5
14 5
7 1
8 1
10 1
7 5
7 5
1 5
10 1
9 4
11 1
7 5
10 5
9 5
7 5
6 5
12 5
9 3
4 5
7 4
6 5
9 1
6 1
5 5
377 5
4 3
11 1
5 4
5 1
6 5
6 5
8 2
8 2
9 1
4 2
6 1
10 1
8 5
11 5
5 4
9 5
8 5
10 5
1 5
8 1
13 5
7 4
6 5
8 1
5 5
11 4
15 1
8 5
9 4
10 1
8 5
11 5
12 4
133 4
11 2
23 5
10 5
10 5
1 5
7 5
6 4
11 1
3 5
4 1
1 4
9 5
9 5
7 1
11 5
9 5
5 5
7 1
8 5
7 4
10 1
10 1
9 4
11 5
10 2
5 5
11 5
9 4
5 5
12 5
10 1
5 5
2 1
901 5
6 5
5 1
6 1
9 5
3 5
4 5
8 4
14 1
4 1
5 1
9 4
14 1
5 1
12 4
15 5
9 5
13 1
11 5
10 4
11 1
16 5
15 4
2 5
9 5
74 5
11 1
6 5
11 5
10 5
9 5
15 5
8 1
4 3
1 3
29 4
0 3
4 3
7 3
3 5
7 1
11 5
14 5
11 5
9 4
6 5
15 1
3 3
14 5
6 1
6 1
10 5
14 5
15 5
4 1
5 5
35 4
1 1
14 4
13 5
7 5
16 5
3 1
4 1
9 5
8 5
3 3
7 4
7 5
7 5
8 1
11 4
18 1
14 5
8 3
4 1
9 4
7 5
4 3
8 1
5 5
5 5
9 5
4 3
4 1
1 5
9 3
10 5
4 5
6 1
10 5
14 3
1 5
5 1
8 5
12 5
12 5
16 4
2 3
6 1
8 1
8 5
8 1
11 5
4 2
9 3
7 5
8 5
12 5
4 4
51 3
7 1
12 4
15 5
7 5
11 5
4 5
9 5
5 5
8 1
8 5
4 5
15 4
5 1
9 1
9 5
1 5
6 1
8 1
22 5
1 4
8 1
11 1
2 1
5 2
1 5
7 5
6 3
8 2
9 1
17 4
5 1
3 5
13 5
14 5
7 5
8 5
7 1
11 1
13 5
1 5
8 5
8 5
1 5
14 5
8 5
9 5
10 5
14 5
2 5
9 5
15 4
9 1
2 5
3 1
6 5
5 5
12 5
14 5
1 5
9 4
3 3
6 1
6 5
10 5
12 2
9 5
3 5
12 5
5 5
11 5
22 1
3 4
6 1
3 1
9 5
5 5
18 1
6 5
5 4
51 4
16 1
2 5
15 1
8 5
9 4
12 1
13 5
4 4
26 3
14 1
16 1
20 1
9 5
15 1
17 1
16 1
14 1
6 5
9 5
3 4
8 5
41 5
6 5
9 4
10 5
8 1
5 5
12 5
24 5
1 5
14 5
8 5
8 5
6 5
10 1
14 4
14 5
11 5
6 5
22 5
12 1
16 1
11 5
4 3
11 1
10 5
7 1
13 5
12 5
9 1
13 4
12 1
6 2
9 1
8 5
5 5
5 5
9 5
2 3
15 1
4 1
3 5
57 5
11 5
8 5
33 5
10 3
75 1
9 1
6 1
8 5
12 4
0 5
10 5
20 5
8 4
19 2
5 1
6 5
6 3
2 3
9 5
5 5
3 5
6 4
7 4
1 4
10 4
5 1
16 5
5 1
57 2
28 5
7 1
3 1
6 5
4 4
8 5
5 5
4 1
10 5
4 1
7 1
9 1
5 5
3 5
3 4
20 5
5 4
5 5
4 1
29 5
7 5
7 5
12 4
7 5
21 4
9 5
8 5
6 5
38 5
14 5
6 1
21 1
4 1
11 5
5 2
9 4
8 1
6 2
12 5
7 1
5 1
5 5
16 3
9 5
4 5
38 4
8 1
14 1
5 2
5 5
8 2
15 5
3 1
7 5
8 1
9 1
3 5
5 1
4 1
7 4
37 4
1 2
7 5
37 5
1 3
18 1
13 4
105 1
7 5
11 5
9 5
1 1
4 5
4 5
6 1
1 3
1 3
8 5
8 1
4 5
9 4
5 1
5 1
10 5
5 5
4 1
6 1
5 5
4 5
6 5
3 1
92 1
11 4
15 5
4 1
17 5
5 1
12 5
17 5
7 4
2 1
11 5
12 5
18 5
11 5
13 5
5 1
14 5
13 5
12 5
1 1
18 2
51 5
19 1
2 1
4 1
28 5
18 1
2 1
44 5
78 1
12 5
14 5
20 5
10 5
9 5
23 5
2 4
3 1
25 5
28 2
0 5
21 5
7 5
4 1
13 5
5 4
23 5
5 5
11 5
3 1
2 1
1 1
12 5
18 5
28 5
1 5
26 5
28 4
15 5
4 1
7 1
23 5
2 1
10 4
28 5
26 5
1 1
6 1
10 1
35 5
8 4
5 1
17 5
3 1
4 1
63 5
15 5
21 4
20 5
2 2
6 2
23 5
22 5
17 5
9 5
8 5
34 5
16 5
0 5
16 5
9 5
10 5
17 4
14 5
15 5
11 5
9 5
14 5
0 5
5 4
14 5
17 1
30 5
10 5
22 5
8 5
27 4
10 5
18 5
18 5
5 3
12 5
10 5
11 5
13 5
9 4
1 5
0 5
11 5
17 5
13 5
4 1
3 5
17 5
2 5
7 1
8 4
1 5
21 5
13 4
1 5
14 4
8 4
9 1
19 5
15 5
4 1
23 5
17 5
346 5
96 1
22 5
5 1
10 1
11 1
2 4
24 5
9 5
8 3
14 5
9 5
8 1
11 5
9 4
15 5
1 3
10 1
18 5
8 1
9 1
10 1
9 1
1 5
7 5
7 5
12 1
19 5
9 5
10 5
19 5
11 5
25 4
6 1
11 4
8 5
20 4
8 5
13 5
1 5
21 5
9 3
16 5
13 5
15 5
30 5
15 4
9 4
28 5
11 5
19 5
8 1
13 5
11 5
18 5
7 1
5 5
11 1
0 3
10 5
15 5
12 5
15 1
2 5
27 5
11 5
9 1
9 5
11 1
25 5
12 1
2 5
11 4
11 5
19 5
16 5
11 5
10 5
22 5
6 1
11 5
10 5
15 1
15 4
14 5
9 5
18 5
5 5
11 5
13 5
25 4
19 5
9 1
14 5
15 5
11 5
8 5
13 5
10 5
23 5
16 5
9 5
37 5
7 1
7 1
26 4
18 5
84 3
6 1
10 5
6 1
12 5
12 5
9 1
18 2
10 3
10 5
7 5
9 2
10 1
14 5
7 3
14 5
11 5
2 1
10 5
5 1
13 5
5 1
25 5
23 5
9 1
13 4
8 1
11 1
8 1
26 5
24 5
6 1
12 4
30 4
11 5
33 5
16 5
9 5
9 1
5 5
13 1
18 5
14 5
7 5
11 5
3 1
1 1
17 5
17 5
14 5
4 1
15 5
10 1
9 2
9 1
19 5
15 5
17 5
15 5
11 1
8 1
19 5
2 1
42 2
16 5
15 5
15 5
11 1
14 5
13 5
5 1
12 5
6 1
10 3
14 1
38 5
17 5
28 5
4 1
30 1
8 5
10 5
10 5
14 5
12 5
4 3
8 5
2 5
10 3
20 5
12 5
14 5
29 4
1 5
31 5
14 5
9 5
6 1
16 5
18 5
6 5
12 4
11 5
15 5
9 5
13 5
14 5
16 5
12 4
8 5
15 5
28 5
8 4
15 5
10 5
11 5
4 5
24 3
6 5
4 4
11 5
8 5
11 5
13 5
14 5
12 5
2 5
23 5
13 5
12 4
12 3
1 5
14 5
15 5
12 5
14 5
24 5
100 5
9 5
20 4
8 1
2 5
8 1
7 1
25 5
14 5
20 5
9 1
13 5
15 5
8 1
29 5
7 1
15 5
11 4
8 1
16 5
8 1
1 5
9 5
1 1
1 5
14 4
1 1
5 1
14 1
10 1
8 5
16 5
6 5
7 5
1 5
11 5
15 5
2 1
6 5
14 5
14 5
18 5
6 1
22 5
4 1
3 3
6 1
12 5
22 5
16 5
19 4
7 1
20 5
10 5
20 5
15 5
15 5
14 2
16 4
3 5
14 5
25 5
12 5
11 5
18 4
8 1
6 1
16 1
14 1
1 3
9 4
7 5
16 5
18 5
17 5
23 5
8 1
14 1
56 5
24 5
1 5
6 1
6 1
19 3
13 4
1 5
1 5
19 5
36 4
0 3
45 5
14 5
11 1
27 5
24 4
19 1
25 5
16 5
1 5
14 1
1 5
4 2
30 5
4 5
29 5
11 5
10 1
15 5
14 5
1 1
31 4
12 1
11 5
10 2
33 5
39 5
21 5
32 5
2 1
7 5
39 5
14 5
15 5
33 5
10 1
24 5
17 1
9 5
8 1
18 1
20 4
1 5
6 5
12 5
14 5
20 5
6 1
10 5
11 5
19 5
16 5
12 2
23 5
5 2
34 5
7 1
16 5
6 1
14 5
33 5
5 1
14 5
17 5
2 5
16 5
12 5
21 5
19 5
19 5
24 5
38 5
38 5
32 5
12 4
10 5
206 1
15 1
26 5
18 4
3 5
24 5
13 5
16 5
38 5
15 1
25 5
22 5
25 4
4 1
35 5
13 5
34 5
14 5
10 5
4 1
11 1
37 5
20 5
5 2
11 4
14 5
2 5
11 1
25 5
27 5
14 5
7 1
13 1
2 5
17 1
17 5
57 5
14 5
8 1
21 5
18 5
20 5
18 1
29 5
2 4
15 5
0 3
14 5
21 5
12 1
27 5
16 5
3 5
7 1
19 5
26 5
13 1
6 5
18 5
23 5
6 1
11 1
37 4
18 5
16 5
8 5
45 5
3 5
7 1
18 5
17 5
3 1
15 4
16 5
17 1
8 2
11 1
4 5
46 5
0 5
0 5
21 5
13 5
12 5
1 3
27 5
29 5
36 4
31 5
15 5
11 1
12 5
15 4
16 5
17 1
12 1
9 1
20 1
5 1
9 5
6 5
13 1
7 5
23 5
10 1
14 4
16 5
12 5
8 1
10 5
24 5
15 5
2 2
13 5
23 5
16 5
14 5
31 5
12 5
12 5
9 1
5 5
8 1
7 5
0 5
10 5
7 5
19 5
8 1
16 5
6 1
11 5
12 5
6 1
4 3
10 5
8 1
2 3
10 5
6 5
12 5
11 5
2 1
7 5
11 3
3 5
10 5
8 5
2 5
3 2
1 5
9 4
6 5
11 5
10 5
3 5
14 5
8 5
1 1
9 5
2 5
5 3
3 1
1 1
6 5
9 5
4 5
3 5
2 2
4 5
5 5
4 1
6 5
3 1
4 5
4 1
3 5
3 1
2 5
3 1
2 5
7 4
6 5
2 5
3 5
2 5
5 5
4 1
5 5
2 4
2 5
4 4
4 5
79 5
7 5
5 5
1 5
2 5
4 4
5 1
4 5
17 5
4 5
5 5
6 5
3 4
3 5
3 4
3 5
16 5
8 5
5 4
3 5
25 5
3 5
4 5
2 5
23 5
10 5
7 5
6 5
4 5
3 5
3 5
4 5
3 5
3 5
3 1
5 5
4 1
9 5
5 5
4 5
3 4
10 4
4 5
2 1
2 5
3 5
219 5
352 5
269 5
3 5
29 5
50 5
3 1
1 1
4 5
3 5
4 1
5 1
4 1
3 5
3 5
130 5
3 5
3 1
142 2
4 5
3 5
2 3
3 1
4 5
1154 5
2 1
7 4
26 5
1 5
23 5
60 1
3 5
3 5
0 2
4 4
60 1
75 1
36 2
2 5
6 5
28 5
23 5
14 5
1 1
2 5
3 5
14 3
40 5
50 5
3 5
3 5
35 5
36 5
4 5
2 5
72 5
49 5
16 5
15 1
4 1
2 5
6 5
11 5
10 1
16 5
6 5
6 5
5 5
12 5
14 5
25 5
10 1
2 5
17 5
9 5
26 5
1 4
19 5
4 5
2 4
2 5
6 1
2 5
15 5
22 4
97 1
1 1
25 5
23 5
2 4
5 5
80 1
12 1
3 5
9 5
0 5
11 4
6 3
4 4
3 4
25 5
13 1
10 5
106 4
25 5
18 5
14 5
7 5
3 5
7 5
4 1
8 1
2 1
12 5
11 5
4 5
9 1
12 5
14 5
5 5
10 5
11 1
8 5
15 5
7 5
9 5
4 3
5 5
8 5
4 5
1 5
4 5
12 5
12 5
5 5
9 4
5 5
10 5
7 5
12 5
2 1
7 5
12 5
3 5
5 5
7 5
5 1
7 5
19 4
3 5
9 5
5 5
4 5
3 5
5 5
6 5
4 5
3 5
6 5
2 2
6 5
5 4
34 5
6 5
3 1
5 4
5 5
6 5
16 5
6 5
4 3
5 5
4 5
7 5
7 5
11 2
2 5
3 5
1 5
12 5
5 5
2 5
4 5
5 5
2 5
5 5
9 5
3 5
9 5
6 5
3 5
2 5
3 5
3 5
2 5
2 5
2 4
3 5
3 4
3 5
5 5
7 5
3 5
3 5
2 5
1 5
2 5
2 5
2 5
2 5
3 5
3 5
3 5
1 4
2 4
2 5
3 5
2 4
2 5
2 5
3 5
5 4
4 1
2 4
4 5
2 4
7 2
1 5
2 5
2 5
4 1
3 1
2 5
2 5
1 5
2 5
2 5
5 1
1 5
3 3
2 5
3 5
3 5
2 5
2 5
2 5
2 5
4 1
2 5
2 3
1 4
2 5
2 5
2 5
2 4
3 5
2 5
3 1
4 5
2 5
4 5
2 4
2 5
3 5
12 4
7 5
2 5
3 5
4 5
2 5
1 5
2 5
4 5
2 5
2 5
1 5
3 5
0 5
2 5
3 5
4 1
1 4
2 5
9 5
3 5
2 5
1 5
2 5
3 5
3 5
2 5
2 5
2 5
6 4
2 5
3 5
2 5
2 5
2 5
2 5
3 1
2 5
1 4
2 5
2 5
2 5
2 5
7 1
0 5
2 5
3 5
3 5
3 5
3 5
2 5
2 4
2 5
2 5
1 5
2 5
2 5
4 5
2 4
2 5
5 5
3 5
2 5
6 1
2 5
1 4
4 5
3 5
3 5
3 5
2 5
2 5
5 1
2 5
2 5
3 1
2 5
2 5
3 5
2 5
3 1
2 5
3 5
4 1
2 5
2 5
3 1
2 5
0 4
5 1
2 5
2 5
2 5
2 5
2 4
2 5
3 5
2 2
2 5
2 5
7 2
1 4
2 1
3 4
2 5
3 1
2 5
2 5
15 5
2 5
3 5
3 5
4 5
3 4
2 5
2 5
4 5
2 5
2 5
2 5
2 5
2 5
2 5
2 1
10 5
1 5
2 5
2 5
3 5
2 5
3 5
1 5
2 4
2 5
1 5
2 4
2 5
2 5
2 5
2 4
1 4
2 5
2 5
2 1
2 5
2 1
2 5
2 5
2 5
1 5
3 5
2 1
2 5
2 4
3 5
2 5
3 5
2 5
2 5
2 5
2 5
2 5
2 5
2 5
2 5
2 5
2 5
2 5
1 5
3 5
3 5
2 5
2 5
2 5
2 1
3 5
3 5
3 5
3 5
2 5
4 5
3 1
3 5
2 1
2 5
3 5
2 5
4 5
3 5
3 5
2 5
2 5
2 4
2 5
3 1
2 1
3 5
2 3
3 5
1 5
2 5
5 1
3 1
4 1
6 1
2 5
3 1
3 1
3 5
1 4
2 4
11 5
2 5
2 5
2 5
2 5
4 4
3 5
2 5
2 5
2 5
3 5
3 5
3 1
2 5
3 1
2 5
2 5
2 5
2 5
3 5
2 5
1 5
3 5
5 1
2 5
2 5
2 5
2 5
3 5
2 5
2 5
2 5
2 5
4 1
2 5
3 5
0 5
2 5
1 5
2 4
3 4
2 5
19 1
1 4
2 1
3 5
1 5
2 5
2 5
3 4
5 4
4 5
2 5
2 5
2 5
2 5
2 5
3 4
3 5
3 5
2 5
3 5
3 5
3 5
3 5
2 4
0 5
3 5
3 5
3 4
3 5
3 5
2 4
6 5
2 5
2 1
3 5
2 5
4 5
4 1
2 4
2 5
2 5
1 5
3 5
3 5
5 5
3 5
3 5
3 5
4 1
18 5
6 5
3 5
6 5
3 5
3 5
3 5
5 5
2 2
2 5
3 5
4 5
2 5
3 2
2 5
3 5
1 5
3 5
3 1
7 5
5 1
4 5
4 5
6 1
3 5
4 2
3 5
221 5
6 1
4 5
15 5
3 4
6 1
2 5
5 5
1 5
5 1
7 5
3 5
7 4
17 5
4 5
5 5
