1 5
2 5
4 5
6 5
3 5
11 2
5 4
9 2
5 5
5 5
5 4
3 4
1 5
3 4
4 5
12 5
1 4
3 4
0 5
0 5
1 4
0 5
5 5
2 5
1 4
4 5
6 5
3 5
1 5
2 4
2 5
2 5
2 5
0 3
2 5
1 5
4 5
2 3
2 5
6 5
3 5
3 5
5 5
1 5
4 5
1 4
5 5
5 4
7 5
24 2
7 5
3 5
3 5
4 5
1 5
0 5
1 5
1 5
4 3
18 1
9 4
1 5
3 4
1 4
3 4
1 4
1 5
7 5
1 5
6 5
5 4
5 3
7 5
3 5
19 1
5 5
9 2
2 5
5 5
2 5
4 5
4 4
1 5
4 5
4 5
2 5
2 5
15 1
4 5
4 5
8 5
11 5
1 5
3 5
3 5
1 4
3 4
23 2
0 5
1 5
3 5
2 5
0 5
2 3
157 3
21 1
2 4
0 5
31 1
3 5
2 4
4 5
2 5
11 5
6 4
3 5
3 5
1 4
2 5
2 5
1 5
0 5
2 4
25 1
1 5
3 4
44 1
2 5
3 5
6 5
13 2
2 5
13 5
4 3
2 5
3 5
2 4
6 5
2 4
0 5
3 4
2 5
2 5
1 5
4 5
1 5
0 5
9 3
0 5
16 1
1 5
12 5
2 4
1 5
11 1
5 5
3 4
3 5
1 4
1 5
1 5
1 5
1 5
1 5
2 4
5 5
1 4
27 1
6 5
2 5
3 3
1 5
4 5
3 5
2 5
2 5
23 1
6 5
2 5
6 5
0 5
19 5
25 1
7 5
12 5
8 5
3 5
4 5
2 5
3 5
2 5
1 5
1 5
64 3
3 5
2 5
18 5
3 5
2 5
2 4
17 1
3 5
5 3
21 4
5 5
5 4
5 5
3 5
3 5
11 2
1 4
1 5
3 5
35 1
4 4
2 5
1 5
1 5
10 5
1 5
1 5
1 4
2 5
2 5
3 5
17 1
3 5
4 5
0 4
5 5
3 5
0 5
1 5
4 5
2 5
2 5
3 5
4 5
2 4
3 4
1 5
1 5
0 5
3 5
1 5
1 5
0 5
6 3
1 5
745 5
2 5
3 5
0 5
4 5
12 3
27 1
1 4
3 3
2 3
6 3
2 5
2 5
1 5
0 5
5 5
1 5
3 5
1 5
1 5
1 5
0 5
1 5
1 5
0 5
1 2
0 5
1 5
0 5
13 4
12 5
1 5
1 5
18 2
13 2
15 2
1 5
4 4
3 5
32 2
12 2
3 5
12 1
3 5
3 4
5 5
3 5
13 5
3 5
2 4
1 3
0 5
0 5
0 5
0 4
0 5
2 5
0 5
9 5
4 5
0 5
3 5
0 5
0 5
1 5
20 1
10 5
1 4
4 4
13 5
3 5
1 5
4 5
0 5
0 5
0 5
3 5
76 5
13 2
7 5
0 5
0 5
3 5
1 4
9 5
3 4
26 5
1 5
9 2
4 5
2 5
18 5
2 5
0 5
1 5
4 5
1 5
18 2
30 1
5 5
2 4
0 5
8 5
4 5
2 5
17 5
1 5
16 1
4 5
2 4
0 5
0 4
2 5
4 5
1 5
1 5
2 5
0 4
1 5
3 5
1 5
2 5
1 5
4 5
7 5
0 5
1 5
2 5
1 4
1 5
2 5
12 2
4 4
1 5
2 5
1 5
1 4
3 4
2 5
1 5
3 5
1 4
2 4
2 5
5 4
24 1
8 5
3 5
23 3
1 5
1 3
39 1
3 5
7 1
9 5
2 5
3 5
6 5
24 2
4 5
59 2
1 5
15 4
4 5
8 5
2 5
8 2
2 5
1 4
0 5
15 1
3 5
7 3
0 5
0 5
4 5
4 5
14 2
3 5
5 5
1 5
4 5
1 5
1 5
11 2
3 5
0 5
1 5
0 5
4 5
1 5
0 5
1 5
4 5
1 5
1 5
2 5
6 5
4 5
0 5
0 5
1 5
6 5
1 4
21 1
5 5
5 5
0 4
1 3
0 4
1 5
0 5
2 5
0 5
0 5
0 5
1 5
1 4
0 5
2 5
0 5
1 5
1 5
18 2
6 5
6 4
0 5
1 5
0 5
1 5
2 5
13 5
0 5
52 3
1 5
0 5
1 4
4 5
6 5
0 5
0 5
0 4
0 5
1 5
2 5
5 5
55 1
4 5
1 4
1 4
0 5
1 5
1 5
4 5
0 5
11 5
0 5
0 5
3 5
4 5
3 4
8 5
0 5
3 5
31 1
5 5
3 5
31 1
0 5
0 5
11 3
0 5
16 2
910 4
17 5
6 5
6 5
0 5
20 1
15 4
5385 5
3 5
4 4
2 5
9 2
2 5
1 5
3 5
1 5
1 5
18 1
47 4
0 5
7 5
6 5
2 5
58 1
2 5
1 5
3 5
1 4
3 5
7 5
1 4
2 5
2 5
1 5
1 5
2 5
4 5
1 5
0 5
4 5
63 4
38 5
7 5
150 4
24 3
10 5
2 4
2 5
5 5
36 1
2 4
1 5
1 4
15 5
0 4
5 4
18 4
3 5
2 4
38 5
3 5
0 5
1 5
0 5
0 4
0 5
4 5
2 5
0 5
0 4
1 4
25 5
5 5
20 2
2 5
3 5
0 5
0 5
33 1
31 1
20 1
3 5
1 5
0 5
0 5
2 5
18 1
5 5
1 5
12 5
1 5
1 5
67 5
9 3
5 5
3 5
4 4
0 5
3 4
0 5
0 5
2 5
1 4
1 5
0 5
1 5
0 5
3 5
0 5
0 5
14 1
0 5
11 1
1 5
2 5
38 5
7 5
1 5
1 5
47 5
6 5
1 5
46 1
4 5
0 5
3 5
6 5
1 5
16 5
168 1
1 5
2 5
3 4
4 5
0 5
1 5
5 5
1 5
1 5
1 5
0 4
4 5
2 5
2 5
0 5
0 4
0 5
5 5
2 5
1 5
1 4
264 1
0 5
0 5
1 5
13 2
2 5
10 5
5 5
3 5
5 5
1 5
5 5
13 5
1 5
1 4
1 5
1 4
2 4
17 5
0 5
4 5
2 5
13 1
6 5
2 5
1 4
0 5
17 1
1 4
3 5
1 5
6 5
0 5
4 5
1 5
0 5
1 5
5 5
4 5
2 5
0 5
0 5
4 2
5 4
1 4
5 5
9 5
0 5
0 5
0 5
4 5
9 4
0 4
9 2
0 5
0 5
1 5
30 5
4 5
67 5
2 5
3 5
2 5
7 5
3 5
8 5
6 5
2 5
8 5
0 5
12 2
0 5
0 5
0 5
0 5
3 3
1 5
2 5
0 4
0 5
0 5
1 5
40 1
2 5
1 5
1 4
0 5
0 5
0 5
0 5
0 5
0 5
23 1
0 4
0 5
12 2
0 5
0 5
0 4
0 5
1 5
0 5
1 5
40 5
1 5
0 5
0 5
0 5
0 5
3 3
5 2
0 5
0 5
0 5
0 5
0 5
0 5
0 5
0 5
1 5
0 5
1 5
0 5
1 5
0 5
0 5
0 4
0 4
0 4
0 5
0 5
0 5
1 5
1 5
0 5
4 4
0 5
36 1
0 5
1 5
0 5
0 5
0 5
0 4
0 5
0 5
0 4
0 5
0 4
1 4
0 5
0 4
0 5
29 1
0 5
0 5
0 5
0 5
2 5
0 5
0 5
0 5
0 5
0 5
0 5
11 5
42 5
0 4
0 5
1 5
0 5
5 3
1 5
0 5
0 5
0 4
0 5
0 5
0 5
0 4
0 5
0 5
0 5
0 5
1 5
0 5
0 5
0 5
0 5
0 5
0 5
0 5
0 5
0 5
0 5
0 5
0 5
0 5
0 5
0 5
0 5
0 5
31 5
0 5
0 5
0 5
0 4
0 5
1 5
0 5
1 5
0 4
7 5
0 5
