13	5	15	0.866667
5	5	9	0.555556
7	5	11	0.636364
3	5	10	0.3
4	5	7	0.571429
3	5	6	0.5
6	5	7	0.857143
5	5	6	0.833333
3	5	4	0.75
3	5	4	0.75
3	5	6	0.5
3	3	9	0.333333
6	5	10	0.6
2	5	7	0.285714
7	1	20	0.35
3	5	5	0.6
2	5	2	1
4	5	4	1
3	4	10	0.3
1	4	4	0.25
4	5	8	0.5
3	5	3	1
1	5	2	0.5
4	5	4	1
20	3	31	0.645161
11	4	12	0.916667
4	5	5	0.8
7	4	10	0.7
9	5	11	0.818182
13	1	65	0.2
38	4	43	0.883721
35	5	37	0.945946
0	5	1	0
15	1	32	0.46875
9	2	15	0.6
0	5	3	0
16	2	26	0.615385
5	5	7	0.714286
1	3	8	0.125
2	4	3	0.666667
2	5	4	0.5
2	5	6	0.333333
4	5	7	0.571429
10	5	11	0.909091
4	5	5	0.8
8	4	9	0.888889
4	3	9	0.444444
4	5	5	0.8
10	1	24	0.416667
10	2	23	0.434783
2	5	8	0.25
9	5	12	0.75
11	5	12	0.916667
7	5	9	0.777778
4	5	10	0.4
3	5	7	0.428571
24	4	27	0.888889
5	1	58	0.0862069
20	4	23	0.869565
5	5	7	0.714286
10	1	35	0.285714
8	5	8	1
4	3	12	0.333333
5	5	6	0.833333
2	5	6	0.333333
14	1	29	0.482759
5	5	7	0.714286
6	5	7	0.857143
4	5	10	0.4
3	5	5	0.6
2	5	2	1
1	4	2	0.5
4	4	5	0.8
12	5	14	0.857143
4	5	7	0.571429
0	3	20	0
6	5	7	0.857143
21	1	45	0.466667
4	5	4	1
4	5	7	0.571429
3	5	3	1
5	4	7	0.714286
185	1	282	0.656028
7	1	45	0.155556
7	4	9	0.777778
8	5	9	0.888889
10	1	27	0.37037
107	1	159	0.672956
3	4	5	0.6
3	2	13	0.230769
5	5	9	0.555556
4	5	5	0.8
5	1	43	0.116279
6	5	7	0.857143
15	5	17	0.882353
4	4	6	0.666667
4	5	5	0.8
1	5	1	1
3	5	3	1
6	4	6	1
5	5	7	0.714286
8	2	16	0.5
0	5	0	0
4	4	5	0.8
2	4	4	0.5
0	4	1	0
0	4	0	0
0	4	1	0
5	4	7	0.714286
0	4	0	0
8	2	9	0.888889
1	4	1	1
1	5	1	1
0	3	1	0
1	5	2	0.5
2	5	2	1
3	1	23	0.130435
3	5	4	0.75
1	4	2	0.5
1	5	3	0.333333
1	5	2	0.5
0	5	0	0
1	5	2	0.5
1	5	3	0.333333
0	5	0	0
0	5	2	0
2	5	2	1
6	2	10	0.6
2	5	2	1
2	5	2	1
0	5	0	0
0	3	9	0
4	5	4	1
13	1	26	0.5
0	5	1	0
0	5	0	0
5	5	5	1
14	1	29	0.482759
6	2	17	0.352941
5	1	17	0.294118
6	2	10	0.6
7	5	8	0.875
3	2	14	0.214286
3	5	6	0.5
1	4	3	0.333333
4	5	5	0.8
2	5	4	0.5
17	3	21	0.809524
5	5	6	0.833333
6	5	10	0.6
0	4	13	0
4	5	5	0.8
3	5	4	0.75
7	1	28	0.25
1	4	3	0.333333
3	5	4	0.75
1	2	11	0.0909091
1	5	2	0.5
1	5	4	0.25
0	4	0	0
1	3	3	0.333333
1	5	2	0.5
1	3	2	0.5
0	3	0	0
2	5	4	0.5
3	1	13	0.230769
0	4	2	0
0	4	1	0
17	1	31	0.548387
0	4	1	0
28	4	55	0.509091
5	5	7	0.714286
2	5	5	0.4
5	3	8	0.625
0	5	1	0
1	4	2	0.5
2	5	3	0.666667
21	3	27	0.777778
6	4	8	0.75
1	5	3	0.333333
1	4	3	0.333333
3	4	3	1
1	5	4	0.25
1	5	3	0.333333
29	5	31	0.935484
3	5	5	0.6
1	5	4	0.25
0	3	7	0
2	5	2	1
3	5	4	0.75
3	5	7	0.428571
0	5	0	0
3	5	3	1
0	4	1	0
0	4	1	0
0	4	0	0
0	4	0	0
0	4	1	0
0	4	0	0
1	5	1	1
1	5	1	1
2	5	3	0.666667
1	1	20	0.05
6	5	10	0.6
0	5	0	0
1	4	1	1
15	1	35	0.428571
8	5	9	0.888889
0	4	1	0
2	5	2	1
1	5	1	1
108	1	229	0.471616
3	5	4	0.75
1	5	2	0.5
0	5	0	0
0	5	0	0
5	2	16	0.3125
5	5	5	1
9	1	29	0.310345
4	5	5	0.8
8	4	8	1
6	1	19	0.315789
13	3	21	0.619048
3	1	8	0.375
2	1	34	0.0588235
2	1	34	0.0588235
12	2	14	0.857143
0	5	0	0
0	5	0	0
0	5	0	0
1	5	1	1
4	5	6	0.666667
1	5	1	1
19	5	22	0.863636
3	1	9	0.333333
55	1	83	0.662651
0	5	0	0
3	1	11	0.272727
2	2	7	0.285714
1	5	2	0.5
7	5	9	0.777778
3	5	5	0.6
3	2	8	0.375
9	2	14	0.642857
11	5	13	0.846154
3	3	5	0.6
2	5	4	0.5
5	3	6	0.833333
6	2	17	0.352941
260	5	298	0.872483
2	5	3	0.666667
0	5	1	0
13	5	14	0.928571
1	3	4	0.25
7	1	20	0.35
1	5	2	0.5
1	5	2	0.5
1	5	2	0.5
1	5	2	0.5
1	5	2	0.5
1	5	2	0.5
4	1	14	0.285714
760	4	802	0.947631
2	5	3	0.666667
2	5	4	0.5
0	5	1	0
1	5	2	0.5
2	3	4	0.5
3	5	6	0.5
38	1	56	0.678571
7	5	7	1
7	1	16	0.4375
1	2	6	0.166667
1	5	3	0.333333
2	1	9	0.222222
0	4	0	0
0	5	3	0
2	5	2	1
0	5	1	0
0	5	1	0
1	5	3	0.333333
3	5	4	0.75
3	5	3	1
1	5	3	0.333333
1	5	3	0.333333
0	5	2	0
2	5	5	0.4
7	5	8	0.875
10	5	13	0.769231
1	5	3	0.333333
0	4	2	0
3	3	5	0.6
0	5	1	0
37	1	54	0.685185
1	5	2	0.5
0	5	1	0
0	5	1	0
0	5	1	0
0	5	1	0
1	5	1	1
4	3	7	0.571429
2	5	3	0.666667
4	5	4	1
2	5	2	1
3	5	3	1
0	5	1	0
1	5	1	1
0	5	2	0
0	5	1	0
0	5	1	0
0	4	2	0
0	5	1	0
0	5	1	0
2	5	3	0.666667
0	5	1	0
0	4	2	0
6	5	7	0.857143
4	5	5	0.8
6	5	8	0.75
9	1	41	0.219512
1	5	3	0.333333
2	5	3	0.666667
2	5	6	0.333333
44	1	104	0.423077
1	5	3	0.333333
28	5	41	0.682927
4	5	6	0.666667
0	5	2	0
2	3	4	0.5
2	5	3	0.666667
6	3	13	0.461538
4	5	5	0.8
4	5	5	0.8
3	5	4	0.75
2	5	2	1
2	4	3	0.666667
4	5	4	1
1	5	3	0.333333
1	5	5	0.2
28	1	47	0.595745
5	5	6	0.833333
2	5	5	0.4
2	5	7	0.285714
1	5	5	0.2
0	5	0	0
0	5	6	0
5	4	8	0.625
3	5	4	0.75
1	5	2	0.5
0	5	2	0
0	4	2	0
15	5	18	0.833333
8	5	11	0.727273
3	4	6	0.5
0	5	2	0
0	5	3	0
2	5	4	0.5
2	5	3	0.666667
1	5	3	0.333333
8	5	8	1
2	5	3	0.666667
2	5	3	0.666667
3	4	7	0.428571
2	5	4	0.5
12	5	13	0.923077
3	5	5	0.6
0	5	3	0
1	5	2	0.5
0	5	2	0
0	5	2	0
127	5	158	0.803797
2	5	6	0.333333
19	5	21	0.904762
2	4	4	0.5
0	5	4	0
8	3	9	0.888889
3	5	5	0.6
18	1	37	0.486486
2	5	3	0.666667
2	5	4	0.5
8	1	27	0.296296
1	5	1	1
1	5	3	0.333333
1	5	1	1
1	5	1	1
27	2	40	0.675
5	4	8	0.625
8	5	10	0.8
1	5	1	1
1	5	1	1
2	5	2	1
0	5	0	0
3	4	4	0.75
5	5	5	1
1	5	3	0.333333
7	2	16	0.4375
12	1	26	0.461538
3	4	4	0.75
4	4	6	0.666667
9	5	13	0.692308
2	5	4	0.5
0	4	3	0
16	1	34	0.470588
1	4	3	0.333333
2	3	10	0.2
1	5	2	0.5
1	5	1	1
3	5	4	0.75
7	4	9	0.777778
0	4	1	0
1	5	1	1
2	5	2	1
15	1	28	0.535714
1	5	1	1
2	3	3	0.666667
3	4	5	0.6
0	5	0	0
1	4	4	0.25
4	4	6	0.666667
3	5	3	1
4	5	8	0.5
4	5	4	1
1	5	2	0.5
4	3	11	0.363636
2	5	2	1
1	5	7	0.142857
28	1	45	0.622222
0	5	1	0
0	5	0	0
2	5	2	1
0	5	0	0
2	2	20	0.1
47	3	71	0.661972
3	4	6	0.5
2	5	3	0.666667
2	5	2	1
3	5	3	1
5	5	6	0.833333
7	1	18	0.388889
1	4	2	0.5
2	5	2	1
6	1	19	0.315789
11	1	30	0.366667
1	2	5	0.2
6	5	7	0.857143
4	5	6	0.666667
4	5	5	0.8
0	5	1	0
2	4	4	0.5
5	5	6	0.833333
6	5	7	0.857143
18	1	37	0.486486
0	5	0	0
20	1	43	0.465116
3	3	5	0.6
1	5	4	0.25
1	5	2	0.5
0	5	0	0
2	5	3	0.666667
12	1	47	0.255319
1	4	2	0.5
0	5	1	0
1	5	1	1
0	5	0	0
0	5	0	0
0	5	0	0
0	5	1	0
0	5	0	0
0	5	0	0
5	2	7	0.714286
6	5	6	1
1	5	1	1
6	1	13	0.461538
1	5	1	1
0	4	2	0
0	5	0	0
0	5	0	0
0	5	0	0
0	5	1	0
0	5	0	0
3	4	5	0.6
1	1	5	0.2
0	4	1	0
0	3	0	0
0	5	0	0
8	1	14	0.571429
3	5	3	1
0	5	0	0
0	5	0	0
3	5	4	0.75
0	5	0	0
0	5	0	0
0	5	0	0
0	3	0	0
7	1	13	0.538462
0	4	1	0
0	4	1	0
3	1	8	0.375
0	5	0	0
0	5	0	0
0	5	0	0
0	5	0	0
3	1	8	0.375
0	5	1	0
0	5	0	0
8	4	17	0.470588
0	4	1	0
2	5	5	0.4
0	5	0	0
0	5	0	0
5	5	5	1
0	5	0	0
0	5	0	0
0	5	0	0
0	5	0	0
0	3	0	0
0	5	0	0
4	5	6	0.666667
0	5	0	0
0	4	1	0
0	5	0	0
5	1	12	0.416667
0	5	0	0
1	3	2	0.5
0	4	1	0
0	5	0	0
0	5	0	0
0	5	0	0
4	2	6	0.666667
0	5	0	0
0	5	0	0
0	5	0	0
0	5	1	0
0	5	0	0
0	5	0	0
0	5	0	0
0	5	0	0
0	5	0	0
0	5	0	0
0	5	0	0
0	4	1	0
2	5	3	0.666667
5	1	11	0.454545
0	4	0	0
0	3	0	0
20	1	28	0.714286
0	5	0	0
0	5	0	0
0	5	0	0
0	5	0	0
0	5	0	0
0	5	0	0
0	5	0	0
0	5	0	0
0	5	0	0
0	5	0	0
1	5	2	0.5
0	3	0	0
0	5	0	0
0	5	0	0
