2 4
1 5
1 5
0 5
3 5
0 5
1 5
3 5
5 5
4 5
11 3
2 5
3 5
2 4
0 5
0 5
3 5
1 4
5 5
3 5
0 5
2 5
1 5
3 4
1 5
0 4
0 5
1 4
0 5
1 4
0 5
1 3
1 4
0 2
1 4
0 3
1 5
0 3
2 1
0 4
0 3
0 4
0 3
0 3
0 5
1 5
0 5
1 5
3 5
2 5
0 4
0 2
1 3
0 2
6 5
1 5
0 5
0 5
0 5
3 5
0 5
4 5
2 5
2 5
4 5
3 5
2 5
0 5
0 4
0 4
4 5
3 5
2 4
0 5
1 4
1 4
3 5
3 4
1 5
1 5
0 5
0 5
0 5
7 4
4 5
0 5
0 5
0 5
0 5
1 5
0 5
1 5
1 5
3 5
0 5
1 5
0 5
1 5
0 5
0 4
1 5
1 4
0 4
0 5
0 5
0 5
0 4
0 4
0 4
0 4
3 4
1 4
1 3
1 5
3 5
5 1
1 4
0 5
0 5
5 5
0 4
0 4
0 4
0 3
0 4
0 5
1 4
4 5
11 5
1 5
3 4
3 5
0 5
0 5
0 5
1 5
23 5
0 5
0 5
0 4
0 5
0 4
3 5
1 4
0 4
0 5
4 5
1 4
1 5
0 5
0 4
1 4
174 5
0 5
0 5
0 5
0 5
3 5
0 4
0 4
1 5
0 5
0 4
0 3
1 3
0 5
0 5
0 4
0 3
0 4
0 3
0 4
0 5
2 1
0 4
0 3
0 3
0 4
0 4
0 5
0 4
0 4
0 4
0 5
0 5
0 4
1 3
0 5
0 5
0 4
2 4
0 5
0 5
0 4
0 3
0 4
0 5
0 5
0 5
0 5
1 5
0 4
0 3
0 4
0 4
0 4
0 4
0 4
0 5
0 5
0 4
1 5
0 3
0 5
0 5
2 3
1 4
5 5
4 4
1 2
2 4
1 3
5 1
3 5
9 4
1 5
1 4
1 5
0 4
1 5
0 5
0 3
0 4
0 4
1 5
0 5
1 5
0 5
0 5
1 5
1 5
5 5
3 5
1 5
3 5
6 5
4 5
1 5
0 3
0 5
0 5
0 5
0 5
7 4
0 5
0 5
0 5
1 3
0 4
0 5
1 5
1 5
1 5
0 5
1 2
0 5
1 2
0 4
0 4
0 4
0 3
0 2
0 3
0 4
0 4
0 5
0 3
0 3
0 4
0 3
0 3
0 4
0 5
0 4
0 5
0 3
0 4
0 4
0 4
1 4
0 4
0 4
0 3
0 4
0 5
0 5
0 4
0 3
1 4
0 5
0 5
0 3
0 4
0 4
1 3
0 4
0 3
1 3
0 4
0 4
0 4
0 4
0 4
0 4
0 3
1 5
6 4
0 4
1 5
0 5
0 4
0 5
0 4
1 4
1 3
0 4
0 3
0 4
0 5
0 5
4 4
0 5
0 3
0 4
0 5
0 4
0 5
0 4
0 4
0 5
0 5
0 5
0 4
0 3
0 4
1 5
2 2
0 3
3 1
9 1
0 4
0 4
0 2
1 4
1 4
0 4
0 3
0 5
0 5
3 5
1 5
9 5
4 5
13 5
1 4
1 5
1 5
0 5
0 5
0 5
6 5
5 4
10 3
5 5
0 5
0 5
0 5
1 5
1 5
5 5
4 5
1 5
3 1
1 5
0 5
0 2
0 5
0 4
0 5
17 5
0 5
23 4
0 4
1 5
1 5
23 5
0 5
1 5
1 5
0 5
0 5
0 4
0 5
0 5
0 5
0 5
0 5
0 5
0 5
0 5
0 5
5 5
1 5
0 3
0 5
0 3
3 5
0 4
0 5
0 3
2 1
0 5
0 4
0 2
0 3
0 3
0 1
1 2
0 4
0 5
0 5
0 4
0 2
0 2
0 4
0 4
9 5
0 5
1 4
2 3
0 4
2 1
0 4
0 3
0 4
0 4
0 4
0 5
0 3
0 4
0 2
0 5
0 4
0 4
0 3
0 5
0 2
1 5
0 4
2 1
1 5
0 2
0 5
0 4
3 4
0 3
1 5
12 5
5 5
1 5
7 4
3 5
1 5
1 5
2 5
0 5
8 5
3 5
3 5
18 1
0 5
3 5
0 5
1 5
1 5
0 5
0 5
0 5
3 5
1 5
3 5
11 5
0 5
0 5
0 5
0 5
72 5
0 5
0 5
0 4
2 5
0 4
4 5
0 4
0 5
84 5
0 4
0 5
1 5
1 5
0 5
4 5
1 4
5 5
2 4
1 5
6 5
5 5
1 4
2 4
0 2
6 5
1 5
1 5
0 4
0 3
0 4
1 3
0 4
0 5
1 3
0 4
0 4
0 5
0 4
0 4
0 4
2 3
0 5
0 2
0 5
0 4
0 5
0 4
1 5
0 4
0 3
0 3
0 3
0 4
0 5
0 3
6 1
0 5
0 4
0 4
0 4
0 4
1 4
0 4
0 4
1 5
0 4
0 4
0 3
0 4
5 4
0 4
0 4
0 4
0 5
0 4
0 4
1 4
1 5
0 4
2 4
2 5
8 5
5 5
1 5
0 5
3 5
3 5
1 5
3 5
0 5
6 5
6 5
1 5
2 3
1 5
6 5
1 5
1 5
0 5
1 5
0 5
0 5
0 5
3 5
0 5
2 2
0 5
0 5
0 5
0 5
0 3
0 5
0 5
0 5
0 4
0 5
0 5
0 5
0 5
0 5
1 5
1 5
0 5
0 5
0 5
0 5
0 5
0 5
0 5
0 5
0 5
0 5
0 5
0 5
1 5
0 5
0 5
0 5
0 5
