13 5
5 5
7 5
3 5
4 5
3 5
6 5
5 5
3 5
3 5
3 5
3 3
6 5
2 5
7 1
3 5
2 5
4 5
3 4
1 4
4 5
3 5
1 5
4 5
20 3
11 4
4 5
7 4
9 5
13 1
38 4
35 5
0 5
15 1
9 2
0 5
16 2
5 5
1 3
2 4
2 5
2 5
4 5
10 5
4 5
8 4
4 3
4 5
10 1
10 2
2 5
9 5
11 5
7 5
4 5
3 5
24 4
5 1
20 4
5 5
10 1
8 5
4 3
5 5
2 5
14 1
5 5
6 5
4 5
3 5
2 5
1 4
4 4
12 5
4 5
0 3
6 5
21 1
4 5
4 5
3 5
5 4
185 1
7 1
7 4
8 5
10 1
107 1
3 4
3 2
5 5
4 5
5 1
6 5
15 5
4 4
4 5
1 5
3 5
6 4
5 5
8 2
0 5
4 4
2 4
0 4
0 4
0 4
5 4
0 4
8 2
1 4
1 5
0 3
1 5
2 5
3 1
3 5
1 4
1 5
1 5
0 5
1 5
1 5
0 5
0 5
2 5
6 2
2 5
2 5
0 5
0 3
4 5
13 1
0 5
0 5
5 5
14 1
6 2
5 1
6 2
7 5
3 2
3 5
1 4
4 5
2 5
17 3
5 5
6 5
0 4
4 5
3 5
7 1
1 4
3 5
1 2
1 5
1 5
0 4
1 3
1 5
1 3
0 3
2 5
3 1
0 4
0 4
17 1
0 4
28 4
5 5
2 5
5 3
0 5
1 4
2 5
21 3
6 4
1 5
1 4
3 4
1 5
1 5
29 5
3 5
1 5
0 3
2 5
3 5
3 5
0 5
3 5
0 4
0 4
0 4
0 4
0 4
0 4
1 5
1 5
2 5
1 1
6 5
0 5
1 4
15 1
8 5
0 4
2 5
1 5
108 1
3 5
1 5
0 5
0 5
5 2
5 5
9 1
4 5
8 4
6 1
13 3
3 1
2 1
2 1
12 2
0 5
0 5
0 5
1 5
4 5
1 5
19 5
3 1
55 1
0 5
3 1
2 2
1 5
7 5
3 5
3 2
9 2
11 5
3 3
2 5
5 3
6 2
260 5
2 5
0 5
13 5
1 3
7 1
1 5
1 5
1 5
1 5
1 5
1 5
4 1
760 4
2 5
2 5
0 5
1 5
2 3
3 5
38 1
7 5
7 1
1 2
1 5
2 1
0 4
0 5
2 5
0 5
0 5
1 5
3 5
3 5
1 5
1 5
0 5
2 5
7 5
10 5
1 5
0 4
3 3
0 5
37 1
1 5
0 5
0 5
0 5
0 5
1 5
4 3
2 5
4 5
2 5
3 5
0 5
1 5
0 5
0 5
0 5
0 4
0 5
0 5
2 5
0 5
0 4
6 5
4 5
6 5
9 1
1 5
2 5
2 5
44 1
1 5
28 5
4 5
0 5
2 3
2 5
6 3
4 5
4 5
3 5
2 5
2 4
4 5
1 5
1 5
28 1
5 5
2 5
2 5
1 5
0 5
0 5
5 4
3 5
1 5
0 5
0 4
15 5
8 5
3 4
0 5
0 5
2 5
2 5
1 5
8 5
2 5
2 5
3 4
2 5
12 5
3 5
0 5
1 5
0 5
0 5
127 5
2 5
19 5
2 4
0 5
8 3
3 5
18 1
2 5
2 5
8 1
1 5
1 5
1 5
1 5
27 2
5 4
8 5
1 5
1 5
2 5
0 5
3 4
5 5
1 5
7 2
12 1
3 4
4 4
9 5
2 5
0 4
16 1
1 4
2 3
1 5
1 5
3 5
7 4
0 4
1 5
2 5
15 1
1 5
2 3
3 4
0 5
1 4
4 4
3 5
4 5
4 5
1 5
4 3
2 5
1 5
28 1
0 5
0 5
2 5
0 5
2 2
47 3
3 4
2 5
2 5
3 5
5 5
7 1
1 4
2 5
6 1
11 1
1 2
6 5
4 5
4 5
0 5
2 4
5 5
6 5
18 1
0 5
20 1
3 3
1 5
1 5
0 5
2 5
12 1
1 4
0 5
1 5
0 5
0 5
0 5
0 5
0 5
0 5
5 2
6 5
1 5
6 1
1 5
0 4
0 5
0 5
0 5
0 5
0 5
3 4
1 1
0 4
0 3
0 5
8 1
3 5
0 5
0 5
3 5
0 5
0 5
0 5
0 3
7 1
0 4
0 4
3 1
0 5
0 5
0 5
0 5
3 1
0 5
0 5
8 4
0 4
2 5
0 5
0 5
5 5
0 5
0 5
0 5
0 5
0 3
0 5
4 5
0 5
0 4
0 5
5 1
0 5
1 3
0 4
0 5
0 5
0 5
4 2
0 5
0 5
0 5
0 5
0 5
0 5
0 5
0 5
0 5
0 5
0 5
0 4
2 5
5 1
0 4
0 3
20 1
0 5
0 5
0 5
0 5
0 5
0 5
0 5
0 5
0 5
0 5
1 5
0 3
0 5
0 5
