2 5
0 5
1 4
1 5
1 4
21 1
4 5
2 4
1 5
1 3
1 4
1 5
3 5
2 5
1 5
0 5
2 5
1 4
1 4
1 5
3 5
23 1
0 5
26 3
0 5
0 5
0 4
0 4
0 4
0 4
1 5
0 5
2 5
0 4
3 5
0 5
0 5
1 5
0 5
0 5
0 5
0 5
0 5
8 1
0 5
1 5
9 5
0 5
3 5
0 4
2 5
0 5
3 4
0 5
2 5
0 4
0 5
0 5
0 4
0 4
1 5
1 5
1 5
0 5
2 5
2 5
1 5
1 5
1 5
1 5
1 5
2 4
4 3
0 5
0 4
2 5
0 5
0 5
0 5
0 5
0 4
0 5
0 5
3 4
0 5
2 5
0 5
5 1
1 4
0 4
0 5
0 5
0 5
0 4
3 5
0 4
0 5
0 5
1 5
0 5
0 5
0 5
1 5
0 4
2 5
0 5
1 5
0 5
0 5
1 4
0 5
2 4
0 5
16 1
0 5
0 5
0 5
0 5
0 3
0 4
0 5
2 5
1 5
0 5
0 5
0 5
1 4
2 5
2 5
6 1
0 5
9 5
0 5
0 5
0 4
0 5
5 5
2 5
1 5
1 5
1 5
0 5
0 4
0 4
1 5
0 5
0 5
0 5
0 5
0 4
17 1
0 5
0 5
0 5
0 5
1 5
3 5
0 4
0 5
0 4
1 5
0 5
4 4
0 4
0 5
1 5
0 4
1 3
0 5
0 5
0 5
0 4
0 5
2 5
0 4
0 4
0 5
1 5
0 5
0 5
0 5
0 4
3 5
4 3
0 4
0 5
0 4
0 5
0 5
1 5
1 5
1 5
0 5
0 5
0 4
0 5
0 5
0 5
1 4
0 5
13 3
1 4
0 5
1 5
1 3
1 5
1 5
1 5
0 4
22 1
0 4
0 4
3 3
1 5
0 5
3 5
2 5
1 5
0 4
0 5
0 4
0 5
0 4
0 4
1 5
9 1
0 3
0 5
0 5
0 5
0 3
2 5
1 5
1 5
0 5
0 5
0 5
1 5
1 5
4 2
8 3
0 5
0 5
0 5
0 5
0 5
0 5
0 5
0 5
0 5
0 5
0 4
0 5
2 5
0 5
0 5
1 5
0 5
3 5
1 5
0 5
0 5
5 2
0 5
0 5
0 5
0 5
0 4
0 5
0 5
0 5
0 5
0 4
2 5
2 5
0 5
3 5
0 5
0 5
0 5
0 5
0 5
1 5
0 5
0 4
0 4
1 5
28 1
9 1
1 4
0 5
0 5
0 5
0 5
1 3
0 5
0 3
1 5
2 5
4 5
0 5
0 5
0 5
0 5
0 5
0 4
0 5
0 5
0 5
0 5
0 5
0 5
0 5
2 5
5 5
2 5
0 5
2 5
0 5
1 5
0 5
0 5
0 4
0 5
7 1
0 5
0 5
2 5
0 5
16 2
1 5
1 5
0 5
0 5
0 5
0 4
0 5
0 5
4 5
0 5
5 5
0 5
0 5
5 4
0 4
1 5
2 5
0 5
3 5
0 5
1 4
0 5
3 3
0 4
0 5
0 5
0 5
2 4
0 5
0 3
0 5
1 5
0 5
1 5
4 5
2 4
17 5
0 5
1 5
5 2
2 5
1 5
2 5
0 5
0 5
1 5
0 5
4 3
13 5
3 5
8 5
1 5
0 5
3 5
0 5
1 5
0 5
0 5
0 4
1 5
0 5
0 5
0 5
0 4
11 5
0 5
6 4
4 4
2 4
1 5
1 4
9 5
0 5
0 5
0 5
2 3
0 5
0 4
26 2
2 5
11 2
2 4
12 2
4 5
0 5
1 5
0 5
0 5
0 5
0 5
1 5
0 5
1 5
0 4
0 5
0 4
0 5
0 5
14 5
0 4
0 5
0 5
4 5
0 5
0 5
0 5
0 4
0 5
0 5
0 5
0 5
0 5
0 5
0 5
0 5
0 5
4 5
0 5
2 2
1 5
0 5
0 5
1 5
0 4
1 5
0 4
2 5
1 5
1 4
1 5
3 5
0 5
2 5
1 4
2 4
1 5
0 5
5 3
0 5
0 4
1 5
6 2
1 5
0 3
0 5
1 5
0 5
0 5
0 5
1 5
0 5
0 5
3 5
1 5
1 5
0 5
0 5
1 4
1 5
4 5
0 5
0 5
0 5
2 5
0 5
0 5
4 5
0 5
0 5
0 5
0 5
1 5
0 5
2 5
1 5
5 4
0 5
24 5
0 5
1 5
0 5
1 5
0 5
8 5
0 4
0 5
0 5
0 5
0 5
0 5
1 3
0 5
0 5
0 4
0 5
0 5
0 5
2 5
1 5
2 5
0 4
2 3
0 5
0 5
1 5
3 5
0 5
0 5
0 5
0 4
8 4
7 2
0 4
0 5
0 5
0 5
0 5
1 5
0 5
0 5
0 5
1 5
0 3
2 5
0 5
0 5
0 4
0 4
0 4
0 5
3 5
5 5
0 5
0 5
0 4
0 5
0 5
1 5
0 3
1 5
0 5
0 5
0 5
0 5
0 5
0 5
0 5
0 5
0 5
0 5
0 5
0 5
1 5
9 2
0 4
0 4
1 5
1 5
9 5
3 5
1 5
0 4
1 5
4 2
0 5
4 4
0 5
1 5
0 4
0 5
0 5
5 5
1 5
0 5
1 5
0 5
0 5
12 5
0 4
1 5
3 3
0 4
0 5
0 4
0 5
0 5
1 5
2 5
4 2
0 5
0 5
0 5
0 5
0 5
0 5
1 5
0 5
1 4
312 5
10 5
2 5
0 5
2 5
1 5
1 5
2 5
0 5
1 5
1 5
1 5
149 5
1 3
1 5
0 4
0 5
2 5
0 5
0 5
4 5
0 5
0 5
1 5
0 5
0 5
1 5
2 5
0 5
0 5
2 5
2 4
3 5
3 5
1 5
1 5
1 5
0 5
1 5
2 5
1 5
2 3
2 5
1 5
2 5
3 5
0 5
1 5
1 5
2 3
18 3
0 4
0 5
1 5
0 5
0 5
3 5
1 5
4 5
4 5
0 5
0 5
0 5
0 5
0 5
0 5
0 5
0 5
0 5
0 5
0 5
0 5
1 3
1 4
0 5
2 5
2 5
5 3
1 5
1 5
6 5
3 5
2 5
0 4
0 5
0 5
2 5
0 5
1 5
2 5
11 4
5 5
3 5
0 5
4 5
0 5
1 5
0 5
1 5
1 4
0 5
0 5
0 4
0 5
5 5
2 5
1 4
1 5
1 5
2 5
0 5
12 5
3 5
2 5
141 5
1 5
0 5
0 5
0 5
0 5
0 5
0 5
0 5
0 5
0 5
0 5
0 5
0 5
0 5
1 5
0 5
0 5
0 5
0 5
0 5
0 5
0 5
0 5
0 5
0 5
0 5
0 5
0 5
0 5
0 5
0 5
0 5
0 5
0 5
0 5
0 5
0 5
0 4
0 5
0 5
0 5
0 5
0 5
0 5
0 5
1 5
