0	5	0	0
1	5	1	1
1	5	1	1
2	2	6	0.333333
0	5	0	0
1	5	2	0.5
1	5	1	1
3	5	3	1
1	5	1	1
2	5	3	0.666667
2	5	2	1
0	5	0	0
0	5	0	0
1	5	2	0.5
0	5	0	0
1	5	1	1
1	5	1	1
0	5	0	0
0	5	0	0
0	4	0	0
2	4	3	0.666667
1	4	4	0.25
0	5	0	0
1	4	1	1
0	5	0	0
1	5	1	1
1	4	1	1
9	5	9	1
0	5	0	0
1	5	2	0.5
3	5	5	0.6
0	5	1	0
1	5	2	0.5
4	5	5	0.8
3	3	10	0.3
0	5	0	0
0	5	0	0
1	5	2	0.5
1	5	1	1
3	5	5	0.6
1	5	1	1
3	5	4	0.75
52	1	157	0.33121
3	5	3	1
3	3	8	0.375
3	5	4	0.75
2	5	2	1
3	5	3	1
1	5	3	0.333333
4	5	4	1
4	5	4	1
6	5	6	1
1	5	4	0.25
6	2	17	0.352941
7	2	25	0.28
1	5	4	0.25
3	5	6	0.5
3	5	4	0.75
1	5	2	0.5
2	5	3	0.666667
0	3	6	0
3	5	3	1
1	5	1	1
2	5	2	1
4	5	4	1
0	5	0	0
0	5	1	0
1	5	1	1
1	4	2	0.5
3	5	4	0.75
3	5	3	1
3	5	3	1
1	5	2	0.5
3	5	3	1
4	5	4	1
2	5	3	0.666667
0	5	0	0
1	5	1	1
1	5	1	1
1	5	2	0.5
2	5	2	1
1	5	1	1
1	4	4	0.25
0	4	1	0
1	5	1	1
3	4	3	1
0	3	2	0
2	5	2	1
0	5	0	0
1	5	1	1
1	4	2	0.5
1	4	1	1
1	5	1	1
1	5	1	1
0	5	0	0
2	5	2	1
1	3	5	0.2
1	5	1	1
0	5	0	0
1	5	1	1
0	3	7	0
0	4	0	0
2	4	2	1
1	5	2	0.5
1	5	2	0.5
1	5	2	0.5
1	5	1	1
0	3	2	0
1	5	2	0.5
0	4	0	0
0	5	0	0
2	5	2	1
1	4	1	1
0	5	0	0
2	5	2	1
3	5	4	0.75
1	5	1	1
1	5	2	0.5
2	5	2	1
2	5	4	0.5
6	5	7	0.857143
2	5	2	1
1	5	1	1
1	5	1	1
1	5	1	1
0	5	0	0
0	5	0	0
0	5	0	0
1	5	1	1
0	5	4	0
1	5	4	0.25
2	5	4	0.5
58	1	170	0.341176
2	5	3	0.666667
15	1	64	0.234375
0	5	1	0
1	5	3	0.333333
2	5	4	0.5
1	5	4	0.25
0	4	2	0
1	4	2	0.5
2	4	4	0.5
11	2	16	0.6875
2	5	3	0.666667
7	4	7	1
2	5	3	0.666667
1	5	2	0.5
1	5	3	0.333333
0	5	0	0
0	5	0	0
0	5	2	0
1	5	1	1
1	5	2	0.5
1	4	1	1
0	5	2	0
0	5	0	0
0	5	0	0
0	5	0	0
4	5	4	1
0	5	0	0
0	5	0	0
0	5	0	0
0	5	0	0
0	4	0	0
0	4	0	0
0	5	0	0
0	5	0	0
8	1	52	0.153846
2	5	2	1
1	5	1	1
0	4	0	0
3	5	3	1
3	5	3	1
0	4	0	0
0	4	0	0
0	5	0	0
10	1	50	0.2
0	5	0	0
0	4	2	0
1	5	1	1
0	5	0	0
15	1	61	0.245902
0	5	0	0
0	4	0	0
0	5	0	0
0	5	0	0
0	5	0	0
0	5	6	0
0	5	0	0
0	5	0	0
0	5	0	0
0	5	0	0
0	2	2	0
0	5	0	0
0	5	0	0
0	5	0	0
9	1	46	0.195652
0	5	0	0
0	5	0	0
0	5	0	0
0	5	1	0
0	4	0	0
0	5	0	0
0	5	0	0
0	5	0	0
0	5	0	0
0	4	0	0
0	5	0	0
28	1	91	0.307692
0	5	2	0
1	4	1	1
1	5	2	0.5
0	5	0	0
0	5	1	0
7	1	45	0.155556
1	3	7	0.142857
0	4	1	0
0	5	1	0
0	5	0	0
0	5	2	0
0	5	0	0
11	1	49	0.22449
0	5	0	0
0	4	0	0
25	3	33	0.757576
1	5	1	1
2	3	8	0.25
0	5	1	0
1	5	1	1
0	5	0	0
0	5	2	0
0	5	2	0
0	5	0	0
0	4	0	0
1	5	1	1
0	4	0	0
0	4	1	0
0	5	0	0
2	4	3	0.666667
1	4	1	1
11	1	51	0.215686
0	5	0	0
2	5	2	1
0	4	0	0
1	5	1	1
6	2	12	0.5
0	5	1	0
0	4	0	0
0	5	0	0
0	5	1	0
0	5	1	0
0	5	0	0
0	5	0	0
0	5	0	0
0	5	1	0
0	5	0	0
9	1	41	0.219512
0	5	0	0
0	5	0	0
0	5	0	0
1	5	1	1
1	5	1	1
5	1	39	0.128205
0	4	0	0
1	4	1	1
4	5	4	1
2	5	2	1
1	4	1	1
0	5	0	0
2	5	2	1
1	5	1	1
0	5	1	0
1	5	1	1
13	5	17	0.764706
0	5	0	0
1	5	1	1
1	5	1	1
0	5	0	0
0	5	1	0
1	5	2	0.5
0	5	0	0
0	5	0	0
0	5	0	0
0	5	1	0
2	4	3	0.666667
2	5	3	0.666667
0	5	0	0
0	3	2	0
0	4	0	0
0	5	1	0
1	5	2	0.5
0	5	0	0
3	4	5	0.6
32	1	107	0.299065
0	3	0	0
0	3	1	0
42	1	128	0.328125
1	5	1	1
1	5	3	0.333333
1	5	2	0.5
2	5	2	1
1	5	1	1
2	5	2	1
4	5	5	0.8
1	4	1	1
1	5	1	1
2	3	9	0.222222
1	5	4	0.25
0	4	0	0
2	4	2	1
2	4	2	1
0	5	0	0
0	5	1	0
0	5	0	0
1	5	1	1
0	5	1	0
0	5	0	0
0	5	1	0
0	5	3	0
2	5	3	0.666667
0	5	1	0
1	5	2	0.5
3	5	8	0.375
0	5	2	0
0	5	1	0
0	5	2	0
0	5	1	0
0	3	1	0
0	5	1	0
0	5	0	0
0	5	0	0
0	5	0	0
0	5	0	0
0	4	0	0
0	4	0	0
0	5	1	0
0	5	1	0
0	5	2	0
2	5	4	0.5
5	2	13	0.384615
384	5	462	0.831169
0	5	1	0
12	5	12	1
0	5	1	0
3	5	4	0.75
2	5	2	1
1	5	1	1
0	5	1	0
0	5	1	0
0	5	2	0
0	5	1	0
0	5	0	0
0	5	0	0
0	5	0	0
0	5	0	0
1	3	2	0.5
0	5	0	0
0	5	0	0
1	5	1	1
0	5	1	0
0	4	0	0
0	4	0	0
0	5	0	0
0	5	0	0
0	5	0	0
0	4	0	0
2	5	2	1
0	5	0	0
0	5	0	0
0	5	1	0
1	5	1	1
2	5	2	1
1	5	1	1
0	5	0	0
0	5	0	0
1	5	1	1
0	5	0	0
0	5	0	0
0	5	0	0
3	5	3	1
0	5	0	0
0	4	1	0
1	5	1	1
0	4	0	0
0	5	0	0
2	5	4	0.5
2	5	2	1
1	5	2	0.5
0	5	1	0
0	3	1	0
1	5	1	1
1	5	1	1
0	5	0	0
0	5	0	0
0	5	0	0
0	4	0	0
0	5	0	0
0	5	0	0
0	5	0	0
0	5	0	0
0	5	0	0
0	5	0	0
0	5	0	0
0	5	0	0
0	5	0	0
0	5	0	0
1	5	1	1
2	5	3	0.666667
1	5	1	1
0	5	0	0
0	4	0	0
4	5	5	0.8
5	5	8	0.625
0	5	0	0
0	5	0	0
3	5	4	0.75
58	4	84	0.690476
1	5	1	1
11	5	14	0.785714
1	5	1	1
0	4	0	0
2	4	2	1
0	5	0	0
15	2	45	0.333333
4	5	9	0.444444
0	5	0	0
0	5	1	0
0	5	1	0
0	5	0	0
2	5	2	1
0	5	0	0
0	5	0	0
0	5	0	0
0	5	0	0
0	5	0	0
0	5	0	0
2	3	2	1
0	5	0	0
21	4	24	0.875
0	3	0	0
0	5	0	0
0	5	0	0
0	5	0	0
1	5	2	0.5
1	5	1	1
1	5	1	1
0	5	0	0
1	5	1	1
1	5	1	1
5	5	6	0.833333
1	5	1	1
0	5	0	0
0	5	0	0
1	5	1	1
0	5	0	0
0	5	0	0
11	5	13	0.846154
0	5	0	0
6	5	6	1
1	5	1	1
0	5	0	0
3	2	34	0.0882353
0	5	0	0
0	5	0	0
0	5	0	0
0	5	0	0
0	5	0	0
0	5	0	0
2	5	2	1
0	5	0	0
0	5	1	0
0	5	0	0
0	5	0	0
0	5	0	0
3	5	3	1
0	5	0	0
1	5	2	0.5
0	5	0	0
4	5	4	1
1	5	3	0.333333
6	5	7	0.857143
0	5	1	0
0	5	0	0
0	4	0	0
0	5	0	0
0	4	1	0
0	5	0	0
0	5	0	0
0	5	0	0
0	5	0	0
1	5	1	1
0	5	0	0
0	5	1	0
1	5	2	0.5
1	5	1	1
6	5	12	0.5
0	5	0	0
0	5	0	0
1	5	1	1
1	5	1	1
1	5	1	1
0	5	0	0
1	5	1	1
1	5	1	1
15	2	25	0.6
1	5	1	1
0	5	0	0
0	5	0	0
0	5	1	0
0	5	0	0
0	5	0	0
0	4	1	0
1	5	1	1
0	5	0	0
1	5	1	1
2	5	2	1
0	5	1	0
2	5	2	1
1	5	2	0.5
0	5	0	0
2	3	6	0.333333
0	3	0	0
0	5	0	0
1	5	2	0.5
1	5	2	0.5
0	5	0	0
0	4	1	0
1	5	1	1
0	5	0	0
0	5	0	0
0	5	0	0
0	4	5	0
3	5	3	1
1	5	1	1
0	5	0	0
0	5	0	0
1	4	2	0.5
2	5	2	1
0	4	0	0
0	5	0	0
0	5	1	0
0	5	0	0
2	3	9	0.222222
0	5	0	0
0	5	0	0
1	5	1	1
0	5	0	0
2	5	2	1
0	5	0	0
0	4	0	0
1	3	9	0.111111
2	5	2	1
2	5	2	1
4	5	5	0.8
0	4	0	0
0	5	0	0
0	5	0	0
6	5	8	0.75
1	5	2	0.5
0	5	0	0
0	5	0	0
0	5	0	0
0	4	1	0
1	4	2	0.5
1	5	2	0.5
1	5	2	0.5
0	5	0	0
0	5	0	0
2	5	2	1
0	3	2	0
0	5	0	0
3	2	8	0.375
0	5	0	0
2	5	2	1
0	5	1	0
0	5	0	0
24	2	48	0.5
1	4	1	1
0	3	4	0
1	5	2	0.5
0	5	1	0
1	5	1	1
0	5	0	0
2	4	2	1
1	5	1	1
0	5	0	0
3	5	3	1
2	5	2	1
0	5	0	0
0	3	1	0
0	4	0	0
0	5	0	0
0	5	0	0
1	5	1	1
0	5	0	0
6	4	7	0.857143
3	5	3	1
0	4	1	0
0	5	0	0
0	5	0	0
0	5	0	0
0	5	0	0
5	5	8	0.625
0	4	1	0
0	5	0	0
1	5	1	1
0	5	0	0
0	5	0	0
1	5	1	1
0	5	0	0
0	4	0	0
0	5	0	0
0	5	0	0
0	4	0	0
0	5	0	0
0	5	0	0
0	5	0	0
5	5	5	1
0	5	0	0
0	4	0	0
0	3	1	0
0	4	0	0
1	4	2	0.5
1	4	1	1
0	5	0	0
0	4	0	0
1	5	1	1
0	5	0	0
0	5	0	0
0	5	0	0
0	5	1	0
1	5	4	0.25
2	4	5	0.4
0	5	0	0
0	5	1	0
4	5	4	1
4	5	6	0.666667
1	5	3	0.333333
0	5	1	0
0	5	0	0
0	5	1	0
0	5	0	0
0	5	0	0
0	4	0	0
0	5	0	0
0	5	0	0
15	4	18	0.833333
0	5	1	0
0	5	0	0
0	5	0	0
1	5	1	1
5	5	6	0.833333
0	5	0	0
0	5	0	0
0	5	0	0
0	5	0	0
0	5	1	0
0	5	0	0
0	5	0	0
2	5	4	0.5
1	5	1	1
0	5	0	0
1	5	1	1
0	5	0	0
0	5	0	0
0	5	0	0
0	4	0	0
0	5	0	0
0	5	0	0
0	5	0	0
2	5	2	1
26	5	29	0.896552
0	5	0	0
3	5	3	1
0	5	0	0
1	5	1	1
6	5	6	1
4	5	5	0.8
64	5	76	0.842105
1	4	2	0.5
5	5	8	0.625
8	5	9	0.888889
1	5	2	0.5
2	5	5	0.4
12	5	15	0.8
8	5	8	1
1	4	2	0.5
0	5	0	0
4	5	4	1
0	5	0	0
1	5	1	1
8	5	9	0.888889
9	3	14	0.642857
0	4	0	0
0	5	0	0
1	4	2	0.5
0	5	0	0
0	5	1	0
2	4	2	1
0	5	2	0
0	5	0	0
6	2	13	0.461538
0	5	0	0
0	5	1	0
0	5	1	0
1	5	1	1
0	5	1	0
6	5	7	0.857143
0	5	0	0
1	5	2	0.5
2	5	2	1
2	5	3	0.666667
0	5	1	0
0	4	1	0
0	5	1	0
2	5	2	1
1	3	1	1
2	5	3	0.666667
1	4	2	0.5
5	4	6	0.833333
0	5	0	0
3	1	34	0.0882353
2	5	2	1
0	4	0	0
1	4	1	1
0	5	0	0
0	5	0	0
3	5	4	0.75
0	5	0	0
5	5	5	1
0	5	0	0
7	5	9	0.777778
0	5	0	0
0	5	0	0
1	5	1	1
0	5	0	0
0	5	0	0
2	2	5	0.4
22	5	23	0.956522
0	5	0	0
0	5	1	0
0	5	0	0
4	4	7	0.571429
5	5	6	0.833333
0	5	0	0
0	5	0	0
3	5	3	1
2	5	2	1
2	4	2	1
0	5	0	0
0	5	0	0
0	5	1	0
0	5	0	0
0	5	0	0
0	5	0	0
1	5	2	0.5
2	5	3	0.666667
0	5	0	0
0	5	1	0
0	5	0	0
0	5	0	0
0	5	0	0
2	5	2	1
0	4	0	0
0	5	0	0
0	4	0	0
0	5	0	0
1	5	1	1
0	5	0	0
0	5	0	0
0	5	0	0
0	4	0	0
0	5	0	0
0	4	0	0
12	5	14	0.857143
0	5	0	0
0	5	0	0
7	5	8	0.875
0	5	0	0
0	5	1	0
8	2	11	0.727273
0	4	0	0
3	5	3	1
1	5	2	0.5
0	5	1	0
1	4	2	0.5
0	5	0	0
1	4	1	1
1	4	2	0.5
0	5	0	0
0	5	0	0
0	5	0	0
0	5	0	0
0	5	1	0
1	3	3	0.333333
12	5	12	1
2	5	4	0.5
0	5	0	0
4	5	5	0.8
11	5	12	0.916667
0	5	1	0
1	5	2	0.5
0	5	0	0
0	5	0	0
3	2	8	0.375
0	5	0	0
1	5	1	1
0	5	0	0
0	4	0	0
0	5	1	0
0	5	0	0
9	5	9	1
0	5	1	0
8	5	10	0.8
1	5	1	1
3	5	4	0.75
4	5	5	0.8
1	5	1	1
2	5	2	1
1	5	1	1
0	5	0	0
0	5	0	0
1	4	1	1
2	5	3	0.666667
6	4	7	0.857143
1	5	1	1
0	5	0	0
1	5	1	1
0	5	0	0
0	5	0	0
0	5	0	0
0	5	0	0
0	5	0	0
0	4	3	0
0	5	0	0
0	5	0	0
2	5	2	1
0	5	0	0
0	5	0	0
1	5	1	1
1	5	1	1
0	5	1	0
0	5	1	0
0	5	0	0
0	5	0	0
2	2	6	0.333333
0	5	0	0
0	5	0	0
2	5	2	1
0	4	0	0
0	5	0	0
0	5	0	0
4	5	4	1
0	5	0	0
0	5	0	0
0	5	0	0
0	5	0	0
0	3	2	0
2	5	2	1
2	5	3	0.666667
1	5	2	0.5
0	5	0	0
4	3	5	0.8
0	4	0	0
1	5	1	1
0	5	0	0
0	3	2	0
0	5	0	0
0	4	0	0
1	5	1	1
0	5	0	0
0	5	0	0
0	5	0	0
0	5	0	0
1	5	2	0.5
0	5	0	0
1	5	1	1
0	4	0	0
0	5	0	0
0	5	0	0
0	5	0	0
3	3	10	0.3
0	5	0	0
0	5	0	0
0	5	0	0
8	5	9	0.888889
0	5	0	0
5	5	5	1
1	5	1	1
3	5	3	1
14	5	14	1
2	5	2	1
2	5	2	1
4	5	5	0.8
0	5	1	0
0	5	0	0
0	5	0	0
0	5	0	0
0	5	0	0
0	5	0	0
0	5	0	0
0	5	0	0
1	5	2	0.5
0	5	0	0
3	3	7	0.428571
7	5	9	0.777778
1	5	1	1
1	5	1	1
4	5	4	1
2	5	2	1
1	5	1	1
17	2	31	0.548387
0	4	0	0
9	5	11	0.818182
2	5	2	1
2	3	2	1
0	5	0	0
1	5	1	1
5	3	7	0.714286
0	5	0	0
0	5	0	0
0	5	0	0
0	4	0	0
0	5	0	0
1	4	1	1
1	5	1	1
0	5	0	0
1	4	1	1
0	5	0	0
0	5	0	0
0	5	0	0
0	5	0	0
0	5	0	0
8	4	10	0.8
30	3	63	0.47619
1	5	1	1
0	5	0	0
0	5	0	0
1	5	1	1
1	4	1	1
0	5	0	0
0	5	0	0
0	4	0	0
0	5	0	0
0	5	0	0
1	5	1	1
0	5	0	0
0	5	0	0
1	5	1	1
1	5	1	1
1	5	1	1
1	5	1	1
0	5	0	0
1	5	1	1
25	5	32	0.78125
0	5	0	0
20	1	73	0.273973
2	5	2	1
1	5	1	1
0	5	0	0
0	5	0	0
1	5	2	0.5
0	5	0	0
0	4	0	0
0	5	0	0
19	1	72	0.263889
1	4	1	1
0	5	0	0
3	5	3	1
0	5	1	0
0	5	0	0
0	5	0	0
3	5	9	0.333333
0	5	0	0
0	5	0	0
1	5	1	1
3	4	3	1
1	5	1	1
6	5	6	1
503	5	548	0.917883
2	5	2	1
2	5	2	1
5	5	6	0.833333
30	5	33	0.909091
1	5	1	1
1	5	1	1
0	5	0	0
0	5	0	0
1	5	2	0.5
1	4	1	1
0	5	0	0
0	5	0	0
1	5	2	0.5
0	5	0	0
0	5	0	0
1	5	1	1
0	5	0	0
0	5	0	0
0	5	0	0
4	5	5	0.8
0	5	0	0
0	5	1	0
0	5	0	0
0	5	0	0
0	5	0	0
0	5	0	0
1	5	1	1
0	5	0	0
0	5	0	0
2	5	2	1
0	5	0	0
0	4	1	0
1	5	1	1
1	5	2	0.5
1	5	2	0.5
0	5	0	0
1	5	1	1
1	5	3	0.333333
0	5	1	0
1	5	1	1
2	5	2	1
21	5	28	0.75
9	5	12	0.75
1	5	1	1
5	5	5	1
1	5	2	0.5
1	5	1	1
0	5	0	0
1	5	2	0.5
0	5	0	0
1	5	1	1
58	5	67	0.865672
0	5	0	0
0	5	0	0
0	5	0	0
0	5	0	0
0	5	0	0
3	5	3	1
1	5	1	1
3	5	3	1
0	5	0	0
6	4	8	0.75
2	5	2	1
1	4	4	0.25
0	5	1	0
0	5	0	0
0	4	1	0
0	5	0	0
0	5	0	0
2	5	3	0.666667
1	5	1	1
5	3	7	0.714286
0	5	0	0
2	5	3	0.666667
0	5	0	0
1	5	1	1
3	5	3	1
0	5	0	0
0	5	0	0
9	5	11	0.818182
1	5	2	0.5
1	5	1	1
4	5	6	0.666667
0	5	0	0
3	5	3	1
6	2	26	0.230769
0	5	0	0
0	5	0	0
0	5	0	0
13	3	22	0.590909
0	5	0	0
7	5	7	1
2	4	2	1
1	5	1	1
1	5	1	1
4	5	5	0.8
0	5	0	0
0	5	0	0
0	5	0	0
0	5	1	0
4	3	12	0.333333
0	5	0	0
0	5	0	0
0	4	3	0
1	5	1	1
0	5	0	0
0	5	0	0
1	5	1	1
1	5	1	1
1	5	1	1
1	5	1	1
2	5	2	1
1	4	6	0.166667
2	5	2	1
0	5	0	0
8	5	14	0.571429
1	4	3	0.333333
0	5	0	0
1	5	2	0.5
1	5	1	1
1	5	1	1
2	5	2	1
1	5	1	1
1	5	1	1
1	5	1	1
2	3	10	0.2
0	5	0	0
1	5	1	1
2	5	3	0.666667
1	5	2	0.5
0	5	0	0
0	5	0	0
0	5	0	0
3	5	3	1
0	5	0	0
1	5	1	1
3	5	3	1
0	5	0	0
10	5	10	1
1	5	1	1
1	5	1	1
0	5	0	0
2	5	2	1
4	5	4	1
3	5	3	1
0	4	2	0
0	4	3	0
1	5	1	1
1	5	1	1
10	1	80	0.125
2	5	4	0.5
5	5	6	0.833333
5	3	9	0.555556
2	5	4	0.5
0	5	1	0
1	5	1	1
1	5	1	1
2	4	2	1
1	5	1	1
5	5	5	1
0	5	0	0
3	5	5	0.6
0	5	0	0
0	5	0	0
3	5	4	0.75
0	5	0	0
5	5	5	1
1	5	1	1
0	5	0	0
0	5	0	0
0	5	0	0
6	5	8	0.75
0	4	1	0
0	5	0	0
2	5	6	0.333333
1	5	1	1
0	5	0	0
0	5	1	0
2	5	2	1
1	5	1	1
0	5	0	0
0	5	0	0
1	5	3	0.333333
1	5	1	1
1	5	1	1
0	5	1	0
0	5	0	0
1	5	1	1
0	5	0	0
26	5	30	0.866667
3	5	3	1
12	5	13	0.923077
1	5	1	1
1	5	3	0.333333
2	5	2	1
2	5	2	1
2	5	2	1
1	5	1	1
0	5	0	0
0	5	0	0
1	5	1	1
1	5	1	1
5	3	7	0.714286
1	5	1	1
0	5	0	0
0	5	0	0
0	4	0	0
3	5	3	1
0	5	0	0
4	3	10	0.4
3	5	4	0.75
0	4	0	0
2	5	2	1
0	5	0	0
0	5	0	0
0	5	0	0
0	3	0	0
0	5	0	0
0	5	0	0
0	4	0	0
1	3	4	0.25
0	5	0	0
0	5	0	0
1	4	1	1
2	5	2	1
1	5	1	1
2	5	2	1
0	5	0	0
0	5	0	0
0	3	1	0
1	5	1	1
0	5	0	0
0	5	1	0
0	5	0	0
0	4	0	0
3	5	3	1
1	5	1	1
0	5	0	0
0	5	1	0
1	5	1	1
0	5	0	0
1	5	1	1
0	5	0	0
0	5	0	0
0	5	0	0
0	5	0	0
0	5	1	0
3	3	10	0.3
0	4	0	0
1	5	2	0.5
1	5	1	1
0	5	0	0
0	5	0	0
0	5	0	0
1	5	3	0.333333
3	5	3	1
1	4	3	0.333333
6	5	6	1
10	5	10	1
0	5	0	0
11	5	12	0.916667
3	5	5	0.6
2	5	2	1
1	5	5	0.2
0	5	0	0
0	5	1	0
0	5	0	0
0	5	1	0
2	5	3	0.666667
0	5	0	0
1	5	1	1
0	5	0	0
0	5	0	0
0	4	1	0
0	5	1	0
0	5	1	0
4	5	6	0.666667
3	4	6	0.5
2	5	2	1
4	5	5	0.8
2	5	2	1
6	5	7	0.857143
1	4	1	1
4	5	5	0.8
1	5	1	1
1	5	1	1
1	5	2	0.5
0	5	0	0
4	5	4	1
1	5	1	1
3	3	6	0.5
0	5	1	0
1	5	1	1
1	5	1	1
3	5	4	0.75
4	5	4	1
1	5	3	0.333333
1	5	1	1
0	5	0	0
5	5	5	1
0	5	0	0
2	5	2	1
2	4	2	1
3	5	3	1
0	5	0	0
7	5	7	1
0	5	0	0
20	5	21	0.952381
0	5	0	0
0	5	0	0
0	5	0	0
3	5	3	1
2	5	2	1
0	5	0	0
4	5	4	1
8	5	9	0.888889
0	5	0	0
0	5	0	0
0	5	0	0
0	5	0	0
0	5	0	0
0	4	0	0
46	5	50	0.92
2	4	4	0.5
0	5	1	0
6	5	7	0.857143
0	5	1	0
0	4	0	0
0	5	1	0
10	5	12	0.833333
0	3	0	0
3	5	3	1
2	5	2	1
0	5	0	0
4	5	4	1
0	5	0	0
1	5	1	1
0	5	0	0
0	5	0	0
0	5	0	0
0	5	0	0
0	5	0	0
0	5	0	0
12	5	12	1
13	5	18	0.722222
0	5	0	0
5	5	6	0.833333
0	5	0	0
5	3	22	0.227273
6	5	7	0.857143
103	5	119	0.865546
0	5	1	0
0	5	0	0
0	5	0	0
0	5	1	0
1	4	1	1
1	4	1	1
1	5	1	1
0	5	0	0
0	5	0	0
15	5	17	0.882353
0	5	0	0
0	5	0	0
0	5	0	0
0	5	0	0
0	5	0	0
0	5	0	0
2	5	4	0.5
0	5	0	0
2	5	2	1
2	5	3	0.666667
3	4	5	0.6
0	5	0	0
2	5	2	1
1	4	1	1
6	4	7	0.857143
1	5	1	1
4	5	4	1
1	5	1	1
3	5	3	1
1	5	1	1
2	5	3	0.666667
2	5	10	0.2
0	5	0	0
0	5	0	0
0	5	0	0
0	5	0	0
0	5	0	0
1	5	1	1
0	5	0	0
9	5	10	0.9
1	5	1	1
0	5	0	0
0	4	0	0
3	5	3	1
2	5	2	1
6	5	7	0.857143
10	5	10	1
1	5	1	1
0	5	0	0
4	5	5	0.8
0	5	0	0
0	5	0	0
2	3	3	0.666667
2	5	3	0.666667
0	5	0	0
3	5	4	0.75
1	5	1	1
0	3	4	0
0	5	0	0
1	5	1	1
8	5	8	1
0	5	0	0
0	5	0	0
10	5	10	1
0	5	0	0
2	4	3	0.666667
5	5	6	0.833333
0	5	0	0
0	4	0	0
0	5	1	0
0	5	0	0
0	4	0	0
1	5	1	1
0	5	0	0
1	5	1	1
2	5	3	0.666667
0	5	0	0
1	5	1	1
3	4	4	0.75
0	5	0	0
0	5	0	0
0	5	0	0
2	5	2	1
1	5	1	1
0	5	0	0
0	5	0	0
0	4	0	0
0	4	0	0
0	3	1	0
0	5	0	0
0	5	0	0
0	5	0	0
1	5	1	1
4	5	4	1
3	5	5	0.6
10	5	11	0.909091
0	5	0	0
0	5	0	0
3	5	3	1
0	5	0	0
3	5	3	1
1	5	1	1
2	5	2	1
0	5	0	0
0	5	0	0
0	5	0	0
2	4	2	1
0	5	0	0
2	5	2	1
5	5	5	1
1	5	1	1
1	4	1	1
0	5	0	0
0	5	0	0
0	5	0	0
0	4	0	0
1	5	1	1
0	5	0	0
0	5	0	0
1	5	1	1
0	5	0	0
0	4	0	0
0	5	0	0
0	5	0	0
14	5	15	0.933333
0	5	0	0
0	5	0	0
2	4	2	1
0	4	0	0
0	5	0	0
10	2	20	0.5
4	5	4	1
0	4	0	0
5	5	6	0.833333
0	5	0	0
1	5	1	1
0	5	0	0
1	5	2	0.5
8	5	8	1
0	5	0	0
5	5	6	0.833333
0	5	0	0
0	5	0	0
0	5	0	0
0	5	0	0
1	5	2	0.5
0	5	0	0
0	5	0	0
0	5	0	0
0	5	0	0
0	5	0	0
0	5	1	0
0	5	0	0
1	5	1	1
0	5	0	0
0	5	0	0
0	5	0	0
1	5	2	0.5
0	5	0	0
0	5	0	0
0	5	0	0
0	5	0	0
0	5	0	0
0	5	0	0
0	4	0	0
0	5	0	0
0	5	0	0
1	5	1	1
0	5	2	0
3	5	3	1
0	5	0	0
0	5	0	0
0	5	0	0
0	5	0	0
0	5	1	0
0	5	1	0
4	5	4	1
1	5	1	1
6	5	6	1
6	5	6	1
0	5	1	0
0	5	0	0
2	2	12	0.166667
0	5	0	0
0	5	0	0
0	5	0	0
0	5	0	0
0	5	0	0
1	5	1	1
0	5	0	0
0	5	0	0
0	5	0	0
2	5	2	1
2	5	4	0.5
2	5	2	1
6	5	7	0.857143
1	4	1	1
8	5	8	1
3	5	3	1
4	4	4	1
11	5	12	0.916667
0	5	0	0
0	5	0	0
1	4	2	0.5
0	5	0	0
9	3	15	0.6
9	5	10	0.9
6	5	6	1
0	4	0	0
5	5	6	0.833333
2	5	3	0.666667
1	5	1	1
0	5	0	0
2	5	2	1
0	5	0	0
1	5	2	0.5
1	5	4	0.25
22	5	24	0.916667
2	5	2	1
0	5	1	0
0	5	0	0
0	5	0	0
1	5	1	1
0	5	0	0
0	5	0	0
0	5	0	0
0	5	0	0
0	5	0	0
0	5	0	0
0	4	1	0
0	5	0	0
0	5	0	0
0	5	0	0
0	5	0	0
0	5	0	0
0	4	0	0
1	5	1	1
0	5	0	0
0	5	0	0
0	5	0	0
0	5	0	0
11	5	25	0.44
0	5	0	0
0	4	0	0
0	5	0	0
0	5	0	0
0	5	0	0
0	5	1	0
32	5	36	0.888889
0	5	0	0
0	5	0	0
0	5	1	0
1	5	3	0.333333
2	5	7	0.285714
0	5	0	0
3	5	3	1
4	5	7	0.571429
3	5	3	1
1	5	1	1
1	5	1	1
0	5	0	0
0	5	0	0
0	5	0	0
16	5	18	0.888889
5	5	5	1
0	5	0	0
0	5	0	0
0	5	0	0
3	5	6	0.5
9	5	9	1
8	3	12	0.666667
5	5	5	1
1	5	2	0.5
1	5	1	1
1	5	1	1
17	5	18	0.944444
1	5	1	1
12	5	13	0.923077
1	5	1	1
2	5	2	1
4	5	4	1
1	5	1	1
1	5	1	1
4	5	4	1
1	5	1	1
2	3	7	0.285714
2	5	2	1
10	5	14	0.714286
8	5	9	0.888889
9	5	12	0.75
28	5	32	0.875
2	5	4	0.5
0	5	0	0
5	5	8	0.625
1	5	4	0.25
11	1	83	0.13253
1	5	3	0.333333
1	5	2	0.5
0	5	1	0
2	5	3	0.666667
10	5	11	0.909091
1	5	2	0.5
2	5	2	1
3	5	3	1
0	5	0	0
6	4	8	0.75
11	5	11	1
8	5	9	0.888889
10	5	10	1
5	5	5	1
0	5	0	0
4	5	5	0.8
2	5	2	1
1	5	2	0.5
4	5	4	1
2	5	5	0.4
0	5	1	0
4	5	5	0.8
0	5	0	0
30	5	34	0.882353
1	5	1	1
9	5	9	1
9	5	9	1
0	5	0	0
0	5	0	0
8	5	9	0.888889
1	5	1	1
0	5	0	0
0	5	0	0
0	5	0	0
1	5	2	0.5
1	5	1	1
1	5	1	1
15	5	18	0.833333
14	5	15	0.933333
22	5	24	0.916667
0	4	0	0
4	5	4	1
2	5	2	1
9	3	25	0.36
0	5	0	0
0	5	1	0
0	5	1	0
0	5	0	0
0	5	0	0
4	4	5	0.8
0	5	0	0
0	5	2	0
0	5	0	0
2	5	2	1
0	5	0	0
0	5	0	0
2	5	3	0.666667
0	5	0	0
0	5	0	0
2	4	4	0.5
0	5	0	0
0	5	0	0
0	5	0	0
0	5	0	0
0	5	0	0
0	5	0	0
0	5	0	0
0	5	0	0
0	5	0	0
0	5	0	0
0	5	0	0
0	5	0	0
0	5	0	0
0	5	0	0
0	5	0	0
0	5	0	0
0	5	0	0
0	5	0	0
0	5	0	0
0	5	0	0
0	5	0	0
0	5	0	0
0	5	0	0
0	5	0	0
0	5	0	0
0	5	0	0
0	5	0	0
0	5	0	0
0	5	0	0
0	5	0	0
0	5	0	0
1	5	1	1
1	3	1	1
25	2	35	0.714286
0	5	0	0
0	5	0	0
0	5	0	0
0	5	0	0
0	5	0	0
1	5	1	1
0	5	0	0
0	5	0	0
0	5	0	0
0	5	0	0
0	5	0	0
0	5	0	0
0	5	1	0
1	3	1	1
0	5	0	0
0	5	0	0
0	5	0	0
0	5	0	0
0	5	0	0
0	3	0	0
0	5	0	0
0	5	0	0
0	5	0	0
0	5	0	0
0	5	0	0
1	5	1	1
0	5	0	0
0	5	0	0
0	5	0	0
2	5	2	1
0	5	0	0
0	5	0	0
0	5	0	0
0	5	0	0
0	5	0	0
1	5	1	1
0	5	1	0
0	5	0	0
0	5	0	0
1	4	1	1
0	5	0	0
0	5	0	0
0	5	0	0
0	5	0	0
0	5	0	0
0	5	0	0
0	5	0	0
0	5	0	0
0	5	0	0
0	5	0	0
0	5	0	0
0	5	0	0
0	5	0	0
0	5	0	0
0	5	0	0
0	5	0	0
0	5	0	0
0	5	0	0
0	5	0	0
0	5	0	0
0	5	0	0
0	5	0	0
0	5	0	0
0	5	0	0
0	5	0	0
0	5	0	0
0	5	0	0
0	5	0	0
0	5	0	0
0	5	0	0
10	5	10	1
0	5	0	0
0	5	0	0
0	5	0	0
0	5	0	0
0	5	0	0
0	5	0	0
0	5	0	0
0	5	0	0
0	5	0	0
0	5	0	0
0	5	1	0
0	5	0	0
0	5	0	0
0	5	1	0
0	5	0	0
0	5	0	0
0	5	0	0
0	5	0	0
0	5	0	0
0	5	0	0
0	5	0	0
0	5	0	0
0	5	0	0
0	5	0	0
0	5	0	0
0	5	0	0
0	5	0	0
0	4	0	0
0	5	0	0
0	5	0	0
0	5	0	0
0	5	0	0
0	5	0	0
0	5	0	0
0	5	0	0
0	5	0	0
0	5	0	0
0	5	0	0
0	5	0	0
0	5	0	0
1	4	1	1
0	5	0	0
0	5	0	0
0	4	1	0
0	5	0	0
0	5	0	0
0	3	0	0
0	5	0	0
0	5	0	0
0	5	0	0
0	5	0	0
0	5	0	0
0	5	0	0
0	4	0	0
0	4	0	0
0	5	0	0
0	5	0	0
0	5	0	0
0	5	0	0
0	5	0	0
1	3	3	0.333333
0	5	0	0
0	5	0	0
0	5	0	0
0	5	0	0
0	5	0	0
0	5	0	0
0	5	0	0
0	5	0	0
0	5	0	0
0	5	0	0
0	5	0	0
0	5	0	0
0	5	0	0
0	5	0	0
0	5	0	0
0	5	0	0
0	5	0	0
0	5	0	0
0	5	0	0
0	5	0	0
0	5	0	0
0	5	0	0
0	4	0	0
0	5	0	0
0	5	0	0
0	5	0	0
0	5	0	0
0	5	0	0
0	5	0	0
0	5	0	0
0	5	0	0
0	5	0	0
0	5	0	0
0	5	0	0
0	5	0	0
0	5	0	0
0	5	0	0
0	5	0	0
0	5	0	0
13	2	19	0.684211
0	5	0	0
0	5	0	0
0	5	0	0
0	5	0	0
0	5	0	0
0	5	0	0
0	5	0	0
0	5	0	0
0	5	0	0
0	5	0	0
0	5	0	0
0	5	0	0
0	5	0	0
0	5	0	0
0	5	0	0
0	5	0	0
0	5	0	0
0	5	0	0
0	5	0	0
0	5	0	0
0	5	0	0
0	5	0	0
0	5	0	0
0	5	0	0
0	5	0	0
0	5	0	0
0	5	0	0
0	5	0	0
0	5	0	0
0	5	0	0
0	5	0	0
0	5	0	0
0	5	0	0
0	5	0	0
0	5	0	0
0	5	0	0
0	5	0	0
0	5	0	0
0	5	0	0
0	5	0	0
0	5	0	0
0	5	0	0
0	5	0	0
0	5	0	0
0	5	0	0
0	5	0	0
0	5	0	0
0	5	0	0
0	5	0	0
0	5	0	0
0	5	0	0
0	5	0	0
0	5	0	0
0	5	0	0
0	5	0	0
0	5	1	0
0	5	0	0
0	5	0	0
0	5	0	0
0	5	0	0
0	5	0	0
0	5	0	0
0	5	0	0
0	5	0	0
1	4	1	1
0	5	0	0
0	5	0	0
0	5	0	0
0	5	0	0
0	5	0	0
0	5	0	0
0	5	0	0
0	5	0	0
0	5	0	0
0	5	0	0
0	5	0	0
0	5	0	0
0	5	0	0
0	5	0	0
0	5	0	0
0	5	0	0
0	5	0	0
0	5	0	0
0	5	0	0
0	5	0	0
0	5	0	0
0	5	0	0
0	5	0	0
13	5	18	0.722222
0	5	0	0
0	5	0	0
0	5	0	0
0	5	0	0
0	5	0	0
0	5	0	0
0	5	0	0
0	5	0	0
0	5	0	0
0	4	0	0
0	5	0	0
0	5	0	0
0	5	0	0
0	5	0	0
0	5	0	0
0	5	0	0
0	5	0	0
0	5	0	0
0	5	0	0
0	5	0	0
0	5	0	0
0	4	0	0
0	5	0	0
0	5	0	0
0	4	0	0
0	5	0	0
0	5	0	0
0	5	0	0
0	5	0	0
0	3	0	0
0	4	0	0
0	5	0	0
0	5	0	0
0	5	0	0
0	5	0	0
0	4	0	0
0	5	0	0
0	5	0	0
0	5	0	0
0	5	0	0
0	5	0	0
0	5	0	0
0	5	0	0
0	5	0	0
0	5	0	0
0	5	0	0
0	4	0	0
0	5	0	0
0	5	0	0
0	5	0	0
0	5	0	0
0	5	0	0
0	5	0	0
0	5	0	0
0	5	0	0
0	5	0	0
0	3	0	0
0	4	0	0
0	5	0	0
0	5	0	0
0	5	0	0
0	5	0	0
0	5	0	0
0	5	0	0
0	4	0	0
0	5	0	0
0	5	0	0
0	5	0	0
0	5	0	0
0	5	0	0
0	5	0	0
0	4	0	0
0	5	0	0
0	5	0	0
0	5	0	0
0	5	0	0
0	5	0	0
0	5	0	0
0	5	0	0
0	5	0	0
0	5	0	0
0	5	0	0
0	5	0	0
0	5	0	0
0	5	0	0
0	5	0	0
0	5	0	0
0	5	0	0
0	5	0	0
0	5	0	0
0	5	0	0
0	5	0	0
0	5	0	0
0	5	0	0
0	5	0	0
0	5	0	0
0	5	0	0
0	5	0	0
0	5	0	0
0	5	0	0
0	5	0	0
0	5	0	0
0	5	0	0
0	5	0	0
0	5	0	0
0	5	0	0
0	5	0	0
0	5	0	0
0	4	0	0
0	5	0	0
0	5	0	0
0	5	0	0
0	5	0	0
0	5	0	0
0	5	0	0
0	5	0	0
0	5	0	0
0	5	0	0
0	5	0	0
0	5	0	0
0	5	0	0
0	5	0	0
0	5	0	0
0	4	0	0
0	5	0	0
0	5	0	0
0	5	0	0
1	4	1	1
0	5	0	0
0	5	0	0
0	5	0	0
0	5	0	0
0	5	0	0
0	5	0	0
0	5	0	0
0	5	0	0
0	5	0	0
0	5	0	0
0	5	0	0
0	5	0	0
0	5	0	0
0	5	0	0
0	5	0	0
0	5	0	0
0	5	0	0
0	5	0	0
0	5	0	0
0	5	0	0
0	5	0	0
0	5	0	0
0	5	0	0
0	5	0	0
0	5	0	0
0	5	0	0
0	5	0	0
0	5	0	0
7	3	14	0.5
0	5	0	0
0	5	0	0
0	5	0	0
0	5	0	0
0	5	0	0
0	5	0	0
0	5	0	0
0	5	0	0
0	5	0	0
0	5	0	0
0	5	0	0
0	3	0	0
0	5	0	0
0	5	0	0
0	5	0	0
0	5	0	0
0	4	0	0
0	5	0	0
0	5	0	0
0	5	0	0
0	5	0	0
0	5	0	0
0	5	0	0
0	5	0	0
0	5	0	0
0	5	0	0
0	5	0	0
0	5	0	0
0	5	0	0
0	5	0	0
0	5	0	0
0	5	0	0
0	5	0	0
0	5	0	0
0	5	0	0
0	5	0	0
0	5	0	0
0	5	0	0
0	5	0	0
0	5	0	0
0	5	0	0
0	5	0	0
0	5	0	0
0	5	0	0
0	5	0	0
0	5	0	0
0	5	0	0
0	5	0	0
0	5	0	0
0	5	0	0
0	5	0	0
0	5	0	0
0	5	0	0
0	5	0	0
0	5	0	0
0	5	0	0
0	5	0	0
0	5	0	0
0	5	0	0
0	5	0	0
0	5	0	0
0	5	0	0
0	5	0	0
0	5	0	0
0	5	0	0
0	5	0	0
3	2	7	0.428571
0	5	0	0
0	5	0	0
0	5	0	0
0	5	0	0
0	5	0	0
0	5	0	0
0	5	0	0
0	5	0	0
0	5	0	0
0	5	0	0
0	5	0	0
0	5	0	0
0	5	0	0
0	5	0	0
0	5	0	0
0	5	0	0
0	5	0	0
0	5	0	0
0	4	0	0
0	5	0	0
0	5	0	0
0	5	0	0
0	5	0	0
0	5	0	0
0	5	0	0
0	5	0	0
0	5	0	0
0	5	0	0
0	5	0	0
0	5	0	0
0	5	0	0
0	5	0	0
0	5	0	0
0	5	0	0
0	5	0	0
0	5	0	0
0	5	0	0
1	5	1	1
0	5	0	0
0	5	0	0
0	5	0	0
0	5	0	0
0	5	0	0
0	5	0	0
0	5	0	0
0	5	0	0
0	5	0	0
0	5	0	0
0	5	0	0
0	5	0	0
0	5	0	0
0	5	0	0
0	5	0	0
0	5	0	0
0	5	0	0
0	5	0	0
0	5	0	0
0	5	1	0
0	5	0	0
0	5	0	0
0	5	0	0
0	5	0	0
0	5	0	0
0	5	0	0
0	5	0	0
0	5	0	0
0	5	0	0
0	5	0	0
0	5	0	0
0	5	0	0
0	5	0	0
0	5	0	0
0	5	0	0
0	5	0	0
0	5	1	0
0	5	0	0
0	5	1	0
0	5	0	0
0	5	0	0
0	5	0	0
0	5	0	0
0	5	0	0
0	5	0	0
0	5	0	0
0	5	0	0
0	5	0	0
0	5	0	0
0	5	0	0
0	5	0	0
0	5	0	0
0	5	0	0
0	5	0	0
0	5	0	0
0	5	0	0
0	5	0	0
0	5	0	0
0	5	0	0
0	5	0	0
0	5	0	0
0	5	0	0
0	5	0	0
0	5	0	0
0	5	0	0
0	5	0	0
1	5	1	1
0	3	2	0
1	5	1	1
1	5	1	1
1	5	1	1
1	5	1	1
1	5	1	1
1	5	1	1
1	5	1	1
16	2	22	0.727273
1	5	1	1
1	5	1	1
1	5	1	1
1	5	1	1
1	5	1	1
1	5	1	1
1	5	1	1
1	5	1	1
1	5	1	1
1	5	1	1
1	5	1	1
1	5	1	1
1	5	2	0.5
1	5	1	1
1	5	1	1
1	5	2	0.5
1	5	1	1
1	5	1	1
1	5	1	1
1	5	1	1
5	2	9	0.555556
1	5	1	1
1	5	1	1
1	5	1	1
2	4	2	1
1	5	1	1
1	5	1	1
1	5	1	1
1	5	1	1
1	5	1	1
1	5	1	1
1	5	1	1
1	5	1	1
1	5	1	1
1	5	1	1
1	5	1	1
1	5	1	1
1	5	1	1
1	5	1	1
1	5	1	1
1	5	1	1
1	5	2	0.5
1	5	1	1
1	5	1	1
2	5	2	1
1	5	1	1
