2	5	2	1
0	5	0	0
1	4	6	0.166667
1	5	1	1
1	4	3	0.333333
21	1	79	0.265823
4	5	4	1
2	4	3	0.666667
1	5	1	1
1	3	11	0.0909091
1	4	1	1
1	5	2	0.5
3	5	3	1
2	5	3	0.666667
1	5	3	0.333333
0	5	0	0
2	5	3	0.666667
1	4	1	1
1	4	1	1
1	5	2	0.5
3	5	5	0.6
23	1	82	0.280488
0	5	0	0
26	3	32	0.8125
0	5	0	0
0	5	0	0
0	4	0	0
0	4	0	0
0	4	0	0
0	4	0	0
1	5	1	1
0	5	1	0
2	5	2	1
0	4	0	0
3	5	3	1
0	5	0	0
0	5	1	0
1	5	1	1
0	5	0	0
0	5	2	0
0	5	1	0
0	5	0	0
0	5	0	0
8	1	43	0.186047
0	5	0	0
1	5	1	1
9	5	10	0.9
0	5	0	0
3	5	3	1
0	4	0	0
2	5	3	0.666667
0	5	0	0
3	4	5	0.6
0	5	0	0
2	5	2	1
0	4	0	0
0	5	0	0
0	5	1	0
0	4	0	0
0	4	0	0
1	5	1	1
1	5	2	0.5
1	5	1	1
0	5	0	0
2	5	3	0.666667
2	5	4	0.5
1	5	1	1
1	5	1	1
1	5	1	1
1	5	1	1
1	5	1	1
2	4	2	1
4	3	7	0.571429
0	5	0	0
0	4	0	0
2	5	4	0.5
0	5	0	0
0	5	0	0
0	5	0	0
0	5	0	0
0	4	0	0
0	5	0	0
0	5	1	0
3	4	4	0.75
0	5	1	0
2	5	3	0.666667
0	5	1	0
5	1	46	0.108696
1	4	1	1
0	4	1	0
0	5	1	0
0	5	0	0
0	5	1	0
0	4	1	0
3	5	5	0.6
0	4	0	0
0	5	1	0
0	5	0	0
1	5	2	0.5
0	5	1	0
0	5	1	0
0	5	0	0
1	5	1	1
0	4	0	0
2	5	2	1
0	5	1	0
1	5	1	1
0	5	0	0
0	5	1	0
1	4	1	1
0	5	1	0
2	4	2	1
0	5	0	0
16	1	63	0.253968
0	5	0	0
0	5	0	0
0	5	0	0
0	5	0	0
0	3	1	0
0	4	0	0
0	5	0	0
2	5	2	1
1	5	2	0.5
0	5	1	0
0	5	0	0
0	5	0	0
1	4	1	1
2	5	3	0.666667
2	5	2	1
6	1	39	0.153846
0	5	0	0
9	5	10	0.9
0	5	0	0
0	5	2	0
0	4	1	0
0	5	1	0
5	5	8	0.625
2	5	2	1
1	5	2	0.5
1	5	1	1
1	5	1	1
0	5	0	0
0	4	1	0
0	4	3	0
1	5	1	1
0	5	0	0
0	5	0	0
0	5	0	0
0	5	0	0
0	4	0	0
17	1	66	0.257576
0	5	0	0
0	5	1	0
0	5	0	0
0	5	0	0
1	5	1	1
3	5	4	0.75
0	4	0	0
0	5	0	0
0	4	0	0
1	5	1	1
0	5	0	0
4	4	6	0.666667
0	4	0	0
0	5	0	0
1	5	1	1
0	4	0	0
1	3	1	1
0	5	0	0
0	5	0	0
0	5	0	0
0	4	0	0
0	5	0	0
2	5	2	1
0	4	0	0
0	4	0	0
0	5	0	0
1	5	1	1
0	5	0	0
0	5	0	0
0	5	0	0
0	4	0	0
3	5	3	1
4	3	6	0.666667
0	4	1	0
0	5	0	0
0	4	0	0
0	5	0	0
0	5	0	0
1	5	1	1
1	5	1	1
1	5	1	1
0	5	1	0
0	5	0	0
0	4	0	0
0	5	1	0
0	5	0	0
0	5	0	0
1	4	2	0.5
0	5	0	0
13	3	20	0.65
1	4	1	1
0	5	0	0
1	5	1	1
1	3	3	0.333333
1	5	1	1
1	5	1	1
1	5	1	1
0	4	0	0
22	1	79	0.278481
0	4	1	0
0	4	0	0
3	3	5	0.6
1	5	1	1
0	5	3	0
3	5	3	1
2	5	3	0.666667
1	5	1	1
0	4	0	0
0	5	1	0
0	4	0	0
0	5	0	0
0	4	0	0
0	4	0	0
1	5	1	1
9	1	46	0.195652
0	3	0	0
0	5	0	0
0	5	1	0
0	5	0	0
0	3	1	0
2	5	3	0.666667
1	5	2	0.5
1	5	3	0.333333
0	5	0	0
0	5	1	0
0	5	0	0
1	5	2	0.5
1	5	2	0.5
4	2	10	0.4
8	3	14	0.571429
0	5	1	0
0	5	1	0
0	5	1	0
0	5	1	0
0	5	1	0
0	5	1	0
0	5	1	0
0	5	1	0
0	5	0	0
0	5	0	0
0	4	0	0
0	5	0	0
2	5	2	1
0	5	0	0
0	5	0	0
1	5	1	1
0	5	0	0
3	5	3	1
1	5	1	1
0	5	0	0
0	5	0	0
5	2	9	0.555556
0	5	0	0
0	5	0	0
0	5	0	0
0	5	0	0
0	4	0	0
0	5	0	0
0	5	0	0
0	5	1	0
0	5	0	0
0	4	0	0
2	5	2	1
2	5	2	1
0	5	0	0
3	5	3	1
0	5	0	0
0	5	0	0
0	5	0	0
0	5	0	0
0	5	0	0
1	5	1	1
0	5	0	0
0	4	0	0
0	4	0	0
1	5	1	1
28	1	95	0.294737
9	1	42	0.214286
1	4	1	1
0	5	0	0
0	5	0	0
0	5	0	0
0	5	0	0
1	3	1	1
0	5	0	0
0	3	0	0
1	5	1	1
2	5	2	1
4	5	4	1
0	5	0	0
0	5	0	0
0	5	0	0
0	5	0	0
0	5	0	0
0	4	0	0
0	5	0	0
0	5	0	0
0	5	0	0
0	5	0	0
0	5	1	0
0	5	0	0
0	5	0	0
2	5	2	1
5	5	7	0.714286
2	5	2	1
0	5	0	0
2	5	2	1
0	5	0	0
1	5	1	1
0	5	0	0
0	5	0	0
0	4	0	0
0	5	0	0
7	1	56	0.125
0	5	2	0
0	5	1	0
2	5	2	1
0	5	0	0
16	2	26	0.615385
1	5	1	1
1	5	1	1
0	5	1	0
0	5	0	0
0	5	0	0
0	4	0	0
0	5	0	0
0	5	0	0
4	5	6	0.666667
0	5	0	0
5	5	6	0.833333
0	5	0	0
0	5	0	0
5	4	6	0.833333
0	4	0	0
1	5	1	1
2	5	2	1
0	5	0	0
3	5	3	1
0	5	0	0
1	4	1	1
0	5	0	0
3	3	4	0.75
0	4	1	0
0	5	0	0
0	5	0	0
0	5	0	0
2	4	3	0.666667
0	5	0	0
0	3	1	0
0	5	0	0
1	5	1	1
0	5	0	0
1	5	1	1
4	5	4	1
2	4	2	1
17	5	20	0.85
0	5	0	0
1	5	1	1
5	2	14	0.357143
2	5	2	1
1	5	1	1
2	5	2	1
0	5	0	0
0	5	1	0
1	5	1	1
0	5	0	0
4	3	14	0.285714
13	5	14	0.928571
3	5	3	1
8	5	8	1
1	5	1	1
0	5	0	0
3	5	3	1
0	5	0	0
1	5	1	1
0	5	0	0
0	5	0	0
0	4	0	0
1	5	3	0.333333
0	5	1	0
0	5	0	0
0	5	0	0
0	4	0	0
11	5	15	0.733333
0	5	0	0
6	4	7	0.857143
4	4	5	0.8
2	4	2	1
1	5	1	1
1	4	1	1
9	5	9	1
0	5	0	0
0	5	0	0
0	5	0	0
2	3	6	0.333333
0	5	0	0
0	4	0	0
26	2	37	0.702703
2	5	5	0.4
11	2	21	0.52381
2	4	3	0.666667
12	2	23	0.521739
4	5	4	1
0	5	0	0
1	5	1	1
0	5	0	0
0	5	0	0
0	5	1	0
0	5	1	0
1	5	1	1
0	5	0	0
1	5	3	0.333333
0	4	0	0
0	5	0	0
0	4	0	0
0	5	0	0
0	5	0	0
14	5	18	0.777778
0	4	0	0
0	5	0	0
0	5	0	0
4	5	5	0.8
0	5	0	0
0	5	0	0
0	5	0	0
0	4	0	0
0	5	0	0
0	5	0	0
0	5	0	0
0	5	0	0
0	5	0	0
0	5	0	0
0	5	0	0
0	5	0	0
0	5	0	0
4	5	4	1
0	5	1	0
2	2	10	0.2
1	5	2	0.5
0	5	0	0
0	5	0	0
1	5	1	1
0	4	0	0
1	5	1	1
0	4	0	0
2	5	2	1
1	5	2	0.5
1	4	1	1
1	5	1	1
3	5	3	1
0	5	5	0
2	5	3	0.666667
1	4	1	1
2	4	3	0.666667
1	5	11	0.0909091
0	5	0	0
5	3	13	0.384615
0	5	0	0
0	4	1	0
1	5	1	1
6	2	23	0.26087
1	5	1	1
0	3	0	0
0	5	0	0
1	5	1	1
0	5	0	0
0	5	0	0
0	5	0	0
1	5	1	1
0	5	0	0
0	5	1	0
3	5	3	1
1	5	1	1
1	5	1	1
0	5	0	0
0	5	0	0
1	4	2	0.5
1	5	1	1
4	5	8	0.5
0	5	0	0
0	5	0	0
0	5	0	0
2	5	2	1
0	5	0	0
0	5	0	0
4	5	4	1
0	5	0	0
0	5	0	0
0	5	5	0
0	5	0	0
1	5	1	1
0	5	0	0
2	5	3	0.666667
1	5	1	1
5	4	7	0.714286
0	5	0	0
24	5	26	0.923077
0	5	0	0
1	5	1	1
0	5	0	0
1	5	1	1
0	5	0	0
8	5	9	0.888889
0	4	3	0
0	5	0	0
0	5	0	0
0	5	0	0
0	5	0	0
0	5	0	0
1	3	7	0.142857
0	5	0	0
0	5	0	0
0	4	0	0
0	5	0	0
0	5	0	0
0	5	0	0
2	5	2	1
1	5	1	1
2	5	2	1
0	4	0	0
2	3	2	1
0	5	0	0
0	5	0	0
1	5	1	1
3	5	3	1
0	5	0	0
0	5	0	0
0	5	0	0
0	4	1	0
8	4	10	0.8
7	2	16	0.4375
0	4	0	0
0	5	0	0
0	5	0	0
0	5	0	0
0	5	0	0
1	5	1	1
0	5	0	0
0	5	0	0
0	5	0	0
1	5	1	1
0	3	0	0
2	5	2	1
0	5	0	0
0	5	0	0
0	4	0	0
0	4	1	0
0	4	1	0
0	5	0	0
3	5	4	0.75
5	5	5	1
0	5	0	0
0	5	0	0
0	4	1	0
0	5	1	0
0	5	0	0
1	5	1	1
0	3	0	0
1	5	1	1
0	5	0	0
0	5	0	0
0	5	0	0
0	5	0	0
0	5	0	0
0	5	0	0
0	5	0	0
0	5	0	0
0	5	1	0
0	5	0	0
0	5	0	0
0	5	0	0
1	5	1	1
9	2	26	0.346154
0	4	0	0
0	4	0	0
1	5	1	1
1	5	1	1
9	5	11	0.818182
3	5	4	0.75
1	5	1	1
0	4	0	0
1	5	1	1
4	2	16	0.25
0	5	1	0
4	4	5	0.8
0	5	0	0
1	5	1	1
0	4	0	0
0	5	1	0
0	5	0	0
5	5	5	1
1	5	1	1
0	5	0	0
1	5	1	1
0	5	0	0
0	5	1	0
12	5	17	0.705882
0	4	0	0
1	5	2	0.5
3	3	4	0.75
0	4	0	0
0	5	0	0
0	4	0	0
0	5	0	0
0	5	0	0
1	5	1	1
2	5	2	1
4	2	6	0.666667
0	5	0	0
0	5	0	0
0	5	1	0
0	5	0	0
0	5	0	0
0	5	0	0
1	5	1	1
0	5	0	0
1	4	1	1
312	5	364	0.857143
10	5	11	0.909091
2	5	2	1
0	5	0	0
2	5	2	1
1	5	2	0.5
1	5	3	0.333333
2	5	2	1
0	5	0	0
1	5	1	1
1	5	1	1
1	5	1	1
149	5	166	0.89759
1	3	7	0.142857
1	5	1	1
0	4	0	0
0	5	0	0
2	5	2	1
0	5	0	0
0	5	0	0
4	5	4	1
0	5	0	0
0	5	0	0
1	5	1	1
0	5	0	0
0	5	0	0
1	5	1	1
2	5	2	1
0	5	1	0
0	5	0	0
2	5	2	1
2	4	4	0.5
3	5	4	0.75
3	5	3	1
1	5	1	1
1	5	1	1
1	5	3	0.333333
0	5	3	0
1	5	3	0.333333
2	5	2	1
1	5	4	0.25
2	3	7	0.285714
2	5	2	1
1	5	1	1
2	5	2	1
3	5	3	1
0	5	0	0
1	5	3	0.333333
1	5	2	0.5
2	3	7	0.285714
18	3	31	0.580645
0	4	2	0
0	5	0	0
1	5	1	1
0	5	0	0
0	5	1	0
3	5	4	0.75
1	5	1	1
4	5	4	1
4	5	4	1
0	5	0	0
0	5	0	0
0	5	0	0
0	5	0	0
0	5	0	0
0	5	0	0
0	5	0	0
0	5	0	0
0	5	0	0
0	5	0	0
0	5	0	0
0	5	0	0
1	3	2	0.5
1	4	3	0.333333
0	5	1	0
2	5	2	1
2	5	2	1
5	3	7	0.714286
1	5	1	1
1	5	1	1
6	5	8	0.75
3	5	4	0.75
2	5	2	1
0	4	0	0
0	5	0	0
0	5	0	0
2	5	2	1
0	5	0	0
1	5	1	1
2	5	2	1
11	4	16	0.6875
5	5	5	1
3	5	4	0.75
0	5	0	0
4	5	4	1
0	5	0	0
1	5	6	0.166667
0	5	0	0
1	5	1	1
1	4	1	1
0	5	0	0
0	5	0	0
0	4	0	0
0	5	0	0
5	5	5	1
2	5	2	1
1	4	1	1
1	5	1	1
1	5	1	1
2	5	2	1
0	5	0	0
12	5	14	0.857143
3	5	4	0.75
2	5	2	1
141	5	164	0.859756
1	5	2	0.5
0	5	0	0
0	5	0	0
0	5	0	0
0	5	0	0
0	5	0	0
0	5	0	0
0	5	0	0
0	5	0	0
0	5	0	0
0	5	0	0
0	5	0	0
0	5	0	0
0	5	0	0
1	5	1	1
0	5	0	0
0	5	0	0
0	5	0	0
0	5	0	0
0	5	0	0
0	5	0	0
0	5	0	0
0	5	0	0
0	5	0	0
0	5	0	0
0	5	0	0
0	5	0	0
0	5	0	0
0	5	0	0
0	5	0	0
0	5	0	0
0	5	0	0
0	5	0	0
0	5	0	0
0	5	0	0
0	5	0	0
0	5	0	0
0	4	0	0
0	5	0	0
0	5	0	0
0	5	0	0
0	5	1	0
0	5	1	0
0	5	0	0
0	5	0	0
1	5	1	1
