0 5
1 5
1 5
2 2
0 5
1 5
1 5
3 5
1 5
2 5
2 5
0 5
0 5
1 5
0 5
1 5
1 5
0 5
0 5
0 4
2 4
1 4
0 5
1 4
0 5
1 5
1 4
9 5
0 5
1 5
3 5
0 5
1 5
4 5
3 3
0 5
0 5
1 5
1 5
3 5
1 5
3 5
52 1
3 5
3 3
3 5
2 5
3 5
1 5
4 5
4 5
6 5
1 5
6 2
7 2
1 5
3 5
3 5
1 5
2 5
0 3
3 5
1 5
2 5
4 5
0 5
0 5
1 5
1 4
3 5
3 5
3 5
1 5
3 5
4 5
2 5
0 5
1 5
1 5
1 5
2 5
1 5
1 4
0 4
1 5
3 4
0 3
2 5
0 5
1 5
1 4
1 4
1 5
1 5
0 5
2 5
1 3
1 5
0 5
1 5
0 3
0 4
2 4
1 5
1 5
1 5
1 5
0 3
1 5
0 4
0 5
2 5
1 4
0 5
2 5
3 5
1 5
1 5
2 5
2 5
6 5
2 5
1 5
1 5
1 5
0 5
0 5
0 5
1 5
0 5
1 5
2 5
58 1
2 5
15 1
0 5
1 5
2 5
1 5
0 4
1 4
2 4
11 2
2 5
7 4
2 5
1 5
1 5
0 5
0 5
0 5
1 5
1 5
1 4
0 5
0 5
0 5
0 5
4 5
0 5
0 5
0 5
0 5
0 4
0 4
0 5
0 5
8 1
2 5
1 5
0 4
3 5
3 5
0 4
0 4
0 5
10 1
0 5
0 4
1 5
0 5
15 1
0 5
0 4
0 5
0 5
0 5
0 5
0 5
0 5
0 5
0 5
0 2
0 5
0 5
0 5
9 1
0 5
0 5
0 5
0 5
0 4
0 5
0 5
0 5
0 5
0 4
0 5
28 1
0 5
1 4
1 5
0 5
0 5
7 1
1 3
0 4
0 5
0 5
0 5
0 5
11 1
0 5
0 4
25 3
1 5
2 3
0 5
1 5
0 5
0 5
0 5
0 5
0 4
1 5
0 4
0 4
0 5
2 4
1 4
11 1
0 5
2 5
0 4
1 5
6 2
0 5
0 4
0 5
0 5
0 5
0 5
0 5
0 5
0 5
0 5
9 1
0 5
0 5
0 5
1 5
1 5
5 1
0 4
1 4
4 5
2 5
1 4
0 5
2 5
1 5
0 5
1 5
13 5
0 5
1 5
1 5
0 5
0 5
1 5
0 5
0 5
0 5
0 5
2 4
2 5
0 5
0 3
0 4
0 5
1 5
0 5
3 4
32 1
0 3
0 3
42 1
1 5
1 5
1 5
2 5
1 5
2 5
4 5
1 4
1 5
2 3
1 5
0 4
2 4
2 4
0 5
0 5
0 5
1 5
0 5
0 5
0 5
0 5
2 5
0 5
1 5
3 5
0 5
0 5
0 5
0 5
0 3
0 5
0 5
0 5
0 5
0 5
0 4
0 4
0 5
0 5
0 5
2 5
5 2
384 5
0 5
12 5
0 5
3 5
2 5
1 5
0 5
0 5
0 5
0 5
0 5
0 5
0 5
0 5
1 3
0 5
0 5
1 5
0 5
0 4
0 4
0 5
0 5
0 5
0 4
2 5
0 5
0 5
0 5
1 5
2 5
1 5
0 5
0 5
1 5
0 5
0 5
0 5
3 5
0 5
0 4
1 5
0 4
0 5
2 5
2 5
1 5
0 5
0 3
1 5
1 5
0 5
0 5
0 5
0 4
0 5
0 5
0 5
0 5
0 5
0 5
0 5
0 5
0 5
0 5
1 5
2 5
1 5
0 5
0 4
4 5
5 5
0 5
0 5
3 5
58 4
1 5
11 5
1 5
0 4
2 4
0 5
15 2
4 5
0 5
0 5
0 5
0 5
2 5
0 5
0 5
0 5
0 5
0 5
0 5
2 3
0 5
21 4
0 3
0 5
0 5
0 5
1 5
1 5
1 5
0 5
1 5
1 5
5 5
1 5
0 5
0 5
1 5
0 5
0 5
11 5
0 5
6 5
1 5
0 5
3 2
0 5
0 5
0 5
0 5
0 5
0 5
2 5
0 5
0 5
0 5
0 5
0 5
3 5
0 5
1 5
0 5
4 5
1 5
6 5
0 5
0 5
0 4
0 5
0 4
0 5
0 5
0 5
0 5
1 5
0 5
0 5
1 5
1 5
6 5
0 5
0 5
1 5
1 5
1 5
0 5
1 5
1 5
15 2
1 5
0 5
0 5
0 5
0 5
0 5
0 4
1 5
0 5
1 5
2 5
0 5
2 5
1 5
0 5
2 3
0 3
0 5
1 5
1 5
0 5
0 4
1 5
0 5
0 5
0 5
0 4
3 5
1 5
0 5
0 5
1 4
2 5
0 4
0 5
0 5
0 5
2 3
0 5
0 5
1 5
0 5
2 5
0 5
0 4
1 3
2 5
2 5
4 5
0 4
0 5
0 5
6 5
1 5
0 5
0 5
0 5
0 4
1 4
1 5
1 5
0 5
0 5
2 5
0 3
0 5
3 2
0 5
2 5
0 5
0 5
24 2
1 4
0 3
1 5
0 5
1 5
0 5
2 4
1 5
0 5
3 5
2 5
0 5
0 3
0 4
0 5
0 5
1 5
0 5
6 4
3 5
0 4
0 5
0 5
0 5
0 5
5 5
0 4
0 5
1 5
0 5
0 5
1 5
0 5
0 4
0 5
0 5
0 4
0 5
0 5
0 5
5 5
0 5
0 4
0 3
0 4
1 4
1 4
0 5
0 4
1 5
0 5
0 5
0 5
0 5
1 5
2 4
0 5
0 5
4 5
4 5
1 5
0 5
0 5
0 5
0 5
0 5
0 4
0 5
0 5
15 4
0 5
0 5
0 5
1 5
5 5
0 5
0 5
0 5
0 5
0 5
0 5
0 5
2 5
1 5
0 5
1 5
0 5
0 5
0 5
0 4
0 5
0 5
0 5
2 5
26 5
0 5
3 5
0 5
1 5
6 5
4 5
64 5
1 4
5 5
8 5
1 5
2 5
12 5
8 5
1 4
0 5
4 5
0 5
1 5
8 5
9 3
0 4
0 5
1 4
0 5
0 5
2 4
0 5
0 5
6 2
0 5
0 5
0 5
1 5
0 5
6 5
0 5
1 5
2 5
2 5
0 5
0 4
0 5
2 5
1 3
2 5
1 4
5 4
0 5
3 1
2 5
0 4
1 4
0 5
0 5
3 5
0 5
5 5
0 5
7 5
0 5
0 5
1 5
0 5
0 5
2 2
22 5
0 5
0 5
0 5
4 4
5 5
0 5
0 5
3 5
2 5
2 4
0 5
0 5
0 5
0 5
0 5
0 5
1 5
2 5
0 5
0 5
0 5
0 5
0 5
2 5
0 4
0 5
0 4
0 5
1 5
0 5
0 5
0 5
0 4
0 5
0 4
12 5
0 5
0 5
7 5
0 5
0 5
8 2
0 4
3 5
1 5
0 5
1 4
0 5
1 4
1 4
0 5
0 5
0 5
0 5
0 5
1 3
12 5
2 5
0 5
4 5
11 5
0 5
1 5
0 5
0 5
3 2
0 5
1 5
0 5
0 4
0 5
0 5
9 5
0 5
8 5
1 5
3 5
4 5
1 5
2 5
1 5
0 5
0 5
1 4
2 5
6 4
1 5
0 5
1 5
0 5
0 5
0 5
0 5
0 5
0 4
0 5
0 5
2 5
0 5
0 5
1 5
1 5
0 5
0 5
0 5
0 5
2 2
0 5
0 5
2 5
0 4
0 5
0 5
4 5
0 5
0 5
0 5
0 5
0 3
2 5
2 5
1 5
0 5
4 3
0 4
1 5
0 5
0 3
0 5
0 4
1 5
0 5
0 5
0 5
0 5
1 5
0 5
1 5
0 4
0 5
0 5
0 5
3 3
0 5
0 5
0 5
8 5
0 5
5 5
1 5
3 5
14 5
2 5
2 5
4 5
0 5
0 5
0 5
0 5
0 5
0 5
0 5
0 5
1 5
0 5
3 3
7 5
1 5
1 5
4 5
2 5
1 5
17 2
0 4
9 5
2 5
2 3
0 5
1 5
5 3
0 5
0 5
0 5
0 4
0 5
1 4
1 5
0 5
1 4
0 5
0 5
0 5
0 5
0 5
8 4
30 3
1 5
0 5
0 5
1 5
1 4
0 5
0 5
0 4
0 5
0 5
1 5
0 5
0 5
1 5
1 5
1 5
1 5
0 5
1 5
25 5
0 5
20 1
2 5
1 5
0 5
0 5
1 5
0 5
0 4
0 5
19 1
1 4
0 5
3 5
0 5
0 5
0 5
3 5
0 5
0 5
1 5
3 4
1 5
6 5
503 5
2 5
2 5
5 5
30 5
1 5
1 5
0 5
0 5
1 5
1 4
0 5
0 5
1 5
0 5
0 5
1 5
0 5
0 5
0 5
4 5
0 5
0 5
0 5
0 5
0 5
0 5
1 5
0 5
0 5
2 5
0 5
0 4
1 5
1 5
1 5
0 5
1 5
1 5
0 5
1 5
2 5
21 5
9 5
1 5
5 5
1 5
1 5
0 5
1 5
0 5
1 5
58 5
0 5
0 5
0 5
0 5
0 5
3 5
1 5
3 5
0 5
6 4
2 5
1 4
0 5
0 5
0 4
0 5
0 5
2 5
1 5
5 3
0 5
2 5
0 5
1 5
3 5
0 5
0 5
9 5
1 5
1 5
4 5
0 5
3 5
6 2
0 5
0 5
0 5
13 3
0 5
7 5
2 4
1 5
1 5
4 5
0 5
0 5
0 5
0 5
4 3
0 5
0 5
0 4
1 5
0 5
0 5
1 5
1 5
1 5
1 5
2 5
1 4
2 5
0 5
8 5
1 4
0 5
1 5
1 5
1 5
2 5
1 5
1 5
1 5
2 3
0 5
1 5
2 5
1 5
0 5
0 5
0 5
3 5
0 5
1 5
3 5
0 5
10 5
1 5
1 5
0 5
2 5
4 5
3 5
0 4
0 4
1 5
1 5
10 1
2 5
5 5
5 3
2 5
0 5
1 5
1 5
2 4
1 5
5 5
0 5
3 5
0 5
0 5
3 5
0 5
5 5
1 5
0 5
0 5
0 5
6 5
0 4
0 5
2 5
1 5
0 5
0 5
2 5
1 5
0 5
0 5
1 5
1 5
1 5
0 5
0 5
1 5
0 5
26 5
3 5
12 5
1 5
1 5
2 5
2 5
2 5
1 5
0 5
0 5
1 5
1 5
5 3
1 5
0 5
0 5
0 4
3 5
0 5
4 3
3 5
0 4
2 5
0 5
0 5
0 5
0 3
0 5
0 5
0 4
1 3
0 5
0 5
1 4
2 5
1 5
2 5
0 5
0 5
0 3
1 5
0 5
0 5
0 5
0 4
3 5
1 5
0 5
0 5
1 5
0 5
1 5
0 5
0 5
0 5
0 5
0 5
3 3
0 4
1 5
1 5
0 5
0 5
0 5
1 5
3 5
1 4
6 5
10 5
0 5
11 5
3 5
2 5
1 5
0 5
0 5
0 5
0 5
2 5
0 5
1 5
0 5
0 5
0 4
0 5
0 5
4 5
3 4
2 5
4 5
2 5
6 5
1 4
4 5
1 5
1 5
1 5
0 5
4 5
1 5
3 3
0 5
1 5
1 5
3 5
4 5
1 5
1 5
0 5
5 5
0 5
2 5
2 4
3 5
0 5
7 5
0 5
20 5
0 5
0 5
0 5
3 5
2 5
0 5
4 5
8 5
0 5
0 5
0 5
0 5
0 5
0 4
46 5
2 4
0 5
6 5
0 5
0 4
0 5
10 5
0 3
3 5
2 5
0 5
4 5
0 5
1 5
0 5
0 5
0 5
0 5
0 5
0 5
12 5
13 5
0 5
5 5
0 5
5 3
6 5
103 5
0 5
0 5
0 5
0 5
1 4
1 4
1 5
0 5
0 5
15 5
0 5
0 5
0 5
0 5
0 5
0 5
2 5
0 5
2 5
2 5
3 4
0 5
2 5
1 4
6 4
1 5
4 5
1 5
3 5
1 5
2 5
2 5
0 5
0 5
0 5
0 5
0 5
1 5
0 5
9 5
1 5
0 5
0 4
3 5
2 5
6 5
10 5
1 5
0 5
4 5
0 5
0 5
2 3
2 5
0 5
3 5
1 5
0 3
0 5
1 5
8 5
0 5
0 5
10 5
0 5
2 4
5 5
0 5
0 4
0 5
0 5
0 4
1 5
0 5
1 5
2 5
0 5
1 5
3 4
0 5
0 5
0 5
2 5
1 5
0 5
0 5
0 4
0 4
0 3
0 5
0 5
0 5
1 5
4 5
3 5
10 5
0 5
0 5
3 5
0 5
3 5
1 5
2 5
0 5
0 5
0 5
2 4
0 5
2 5
5 5
1 5
1 4
0 5
0 5
0 5
0 4
1 5
0 5
0 5
1 5
0 5
0 4
0 5
0 5
14 5
0 5
0 5
2 4
0 4
0 5
10 2
4 5
0 4
5 5
0 5
1 5
0 5
1 5
8 5
0 5
5 5
0 5
0 5
0 5
0 5
1 5
0 5
0 5
0 5
0 5
0 5
0 5
0 5
1 5
0 5
0 5
0 5
1 5
0 5
0 5
0 5
0 5
0 5
0 5
0 4
0 5
0 5
1 5
0 5
3 5
0 5
0 5
0 5
0 5
0 5
0 5
4 5
1 5
6 5
6 5
0 5
0 5
2 2
0 5
0 5
0 5
0 5
0 5
1 5
0 5
0 5
0 5
2 5
2 5
2 5
6 5
1 4
8 5
3 5
4 4
11 5
0 5
0 5
1 4
0 5
9 3
9 5
6 5
0 4
5 5
2 5
1 5
0 5
2 5
0 5
1 5
1 5
22 5
2 5
0 5
0 5
0 5
1 5
0 5
0 5
0 5
0 5
0 5
0 5
0 4
0 5
0 5
0 5
0 5
0 5
0 4
1 5
0 5
0 5
0 5
0 5
11 5
0 5
0 4
0 5
0 5
0 5
0 5
32 5
0 5
0 5
0 5
1 5
2 5
0 5
3 5
4 5
3 5
1 5
1 5
0 5
0 5
0 5
16 5
5 5
0 5
0 5
0 5
3 5
9 5
8 3
5 5
1 5
1 5
1 5
17 5
1 5
12 5
1 5
2 5
4 5
1 5
1 5
4 5
1 5
2 3
2 5
10 5
8 5
9 5
28 5
2 5
0 5
5 5
1 5
11 1
1 5
1 5
0 5
2 5
10 5
1 5
2 5
3 5
0 5
6 4
11 5
8 5
10 5
5 5
0 5
4 5
2 5
1 5
4 5
2 5
0 5
4 5
0 5
30 5
1 5
9 5
9 5
0 5
0 5
8 5
1 5
0 5
0 5
0 5
1 5
1 5
1 5
15 5
14 5
22 5
0 4
4 5
2 5
9 3
0 5
0 5
0 5
0 5
0 5
4 4
0 5
0 5
0 5
2 5
0 5
0 5
2 5
0 5
0 5
2 4
0 5
0 5
0 5
0 5
0 5
0 5
0 5
0 5
0 5
0 5
0 5
0 5
0 5
0 5
0 5
0 5
0 5
0 5
0 5
0 5
0 5
0 5
0 5
0 5
0 5
0 5
0 5
0 5
0 5
0 5
0 5
1 5
1 3
25 2
0 5
0 5
0 5
0 5
0 5
1 5
0 5
0 5
0 5
0 5
0 5
0 5
0 5
1 3
0 5
0 5
0 5
0 5
0 5
0 3
0 5
0 5
0 5
0 5
0 5
1 5
0 5
0 5
0 5
2 5
0 5
0 5
0 5
0 5
0 5
1 5
0 5
0 5
0 5
1 4
0 5
0 5
0 5
0 5
0 5
0 5
0 5
0 5
0 5
0 5
0 5
0 5
0 5
0 5
0 5
0 5
0 5
0 5
0 5
0 5
0 5
0 5
0 5
0 5
0 5
0 5
0 5
0 5
0 5
0 5
10 5
0 5
0 5
0 5
0 5
0 5
0 5
0 5
0 5
0 5
0 5
0 5
0 5
0 5
0 5
0 5
0 5
0 5
0 5
0 5
0 5
0 5
0 5
0 5
0 5
0 5
0 5
0 5
0 4
0 5
0 5
0 5
0 5
0 5
0 5
0 5
0 5
0 5
0 5
0 5
0 5
1 4
0 5
0 5
0 4
0 5
0 5
0 3
0 5
0 5
0 5
0 5
0 5
0 5
0 4
0 4
0 5
0 5
0 5
0 5
0 5
1 3
0 5
0 5
0 5
0 5
0 5
0 5
0 5
0 5
0 5
0 5
0 5
0 5
0 5
0 5
0 5
0 5
0 5
0 5
0 5
0 5
0 5
0 5
0 4
0 5
0 5
0 5
0 5
0 5
0 5
0 5
0 5
0 5
0 5
0 5
0 5
0 5
0 5
0 5
0 5
13 2
0 5
0 5
0 5
0 5
0 5
0 5
0 5
0 5
0 5
0 5
0 5
0 5
0 5
0 5
0 5
0 5
0 5
0 5
0 5
0 5
0 5
0 5
0 5
0 5
0 5
0 5
0 5
0 5
0 5
0 5
0 5
0 5
0 5
0 5
0 5
0 5
0 5
0 5
0 5
0 5
0 5
0 5
0 5
0 5
0 5
0 5
0 5
0 5
0 5
0 5
0 5
0 5
0 5
0 5
0 5
0 5
0 5
0 5
0 5
0 5
0 5
0 5
0 5
0 5
1 4
0 5
0 5
0 5
0 5
0 5
0 5
0 5
0 5
0 5
0 5
0 5
0 5
0 5
0 5
0 5
0 5
0 5
0 5
0 5
0 5
0 5
0 5
0 5
13 5
0 5
0 5
0 5
0 5
0 5
0 5
0 5
0 5
0 5
0 4
0 5
0 5
0 5
0 5
0 5
0 5
0 5
0 5
0 5
0 5
0 5
0 4
0 5
0 5
0 4
0 5
0 5
0 5
0 5
0 3
0 4
0 5
0 5
0 5
0 5
0 4
0 5
0 5
0 5
0 5
0 5
0 5
0 5
0 5
0 5
0 5
0 4
0 5
0 5
0 5
0 5
0 5
0 5
0 5
0 5
0 5
0 3
0 4
0 5
0 5
0 5
0 5
0 5
0 5
0 4
0 5
0 5
0 5
0 5
0 5
0 5
0 4
0 5
0 5
0 5
0 5
0 5
0 5
0 5
0 5
0 5
0 5
0 5
0 5
0 5
0 5
0 5
0 5
0 5
0 5
0 5
0 5
0 5
0 5
0 5
0 5
0 5
0 5
0 5
0 5
0 5
0 5
0 5
0 5
0 5
0 5
0 5
0 5
0 4
0 5
0 5
0 5
0 5
0 5
0 5
0 5
0 5
0 5
0 5
0 5
0 5
0 5
0 5
0 4
0 5
0 5
0 5
1 4
0 5
0 5
0 5
0 5
0 5
0 5
0 5
0 5
0 5
0 5
0 5
0 5
0 5
0 5
0 5
0 5
0 5
0 5
0 5
0 5
0 5
0 5
0 5
0 5
0 5
0 5
0 5
0 5
7 3
0 5
0 5
0 5
0 5
0 5
0 5
0 5
0 5
0 5
0 5
0 5
0 3
0 5
0 5
0 5
0 5
0 4
0 5
0 5
0 5
0 5
0 5
0 5
0 5
0 5
0 5
0 5
0 5
0 5
0 5
0 5
0 5
0 5
0 5
0 5
0 5
0 5
0 5
0 5
0 5
0 5
0 5
0 5
0 5
0 5
0 5
0 5
0 5
0 5
0 5
0 5
0 5
0 5
0 5
0 5
0 5
0 5
0 5
0 5
0 5
0 5
0 5
0 5
0 5
0 5
0 5
3 2
0 5
0 5
0 5
0 5
0 5
0 5
0 5
0 5
0 5
0 5
0 5
0 5
0 5
0 5
0 5
0 5
0 5
0 5
0 4
0 5
0 5
0 5
0 5
0 5
0 5
0 5
0 5
0 5
0 5
0 5
0 5
0 5
0 5
0 5
0 5
0 5
0 5
1 5
0 5
0 5
0 5
0 5
0 5
0 5
0 5
0 5
0 5
0 5
0 5
0 5
0 5
0 5
0 5
0 5
0 5
0 5
0 5
0 5
0 5
0 5
0 5
0 5
0 5
0 5
0 5
0 5
0 5
0 5
0 5
0 5
0 5
0 5
0 5
0 5
0 5
0 5
0 5
0 5
0 5
0 5
0 5
0 5
0 5
0 5
0 5
0 5
0 5
0 5
0 5
0 5
0 5
0 5
0 5
0 5
0 5
0 5
0 5
0 5
0 5
0 5
0 5
0 5
0 5
0 5
1 5
0 3
1 5
1 5
1 5
1 5
1 5
1 5
1 5
16 2
1 5
1 5
1 5
1 5
1 5
1 5
1 5
1 5
1 5
1 5
1 5
1 5
1 5
1 5
1 5
1 5
1 5
1 5
1 5
1 5
5 2
1 5
1 5
1 5
2 4
1 5
1 5
1 5
1 5
1 5
1 5
1 5
1 5
1 5
1 5
1 5
1 5
1 5
1 5
1 5
1 5
1 5
1 5
1 5
2 5
1 5
