8	1	10	0.8
4	4	10	0.4
8	1	12	0.666667
5	5	12	0.416667
4	2	4	1
1	5	12	0.0833333
4	2	5	0.8
3	5	7	0.428571
6	1	7	0.857143
5	2	6	0.833333
5	2	5	1
1	3	2	0.5
1	4	1	1
8	1	9	0.888889
1	4	2	0.5
4	1	6	0.666667
4	5	7	0.571429
6	1	6	1
5	1	6	0.833333
1	3	2	0.5
1	5	3	0.333333
2	3	2	1
41	1	46	0.891304
0	3	1	0
5	1	10	0.5
0	3	0	0
5	2	8	0.625
5	5	8	0.625
1	3	1	1
14	1	16	0.875
2	2	2	1
2	3	4	0.5
1	5	3	0.333333
4	2	4	1
2	5	4	0.5
2	1	2	1
10	4	14	0.714286
2	3	3	0.666667
8	2	9	0.888889
1	5	3	0.333333
1	4	4	0.25
3	1	3	1
1	4	2	0.5
0	3	0	0
2	1	2	1
1	4	1	1
0	3	0	0
3	2	3	1
2	2	2	1
1	3	1	1
4	2	4	1
7	1	7	1
4	3	4	1
5	2	5	1
2	1	2	1
6	1	6	1
1	1	1	1
7	5	12	0.583333
1	5	3	0.333333
2	5	5	0.4
3	5	6	0.5
6	1	6	1
2	1	2	1
4	5	7	0.571429
6	1	7	0.857143
4	4	7	0.571429
6	2	9	0.666667
10	1	12	0.833333
7	1	7	1
5	2	6	0.833333
3	1	3	1
3	1	4	0.75
4	2	4	1
0	3	1	0
7	2	7	1
1	5	3	0.333333
2	5	7	0.285714
11	1	12	0.916667
1	2	1	1
0	3	1	0
0	1	0	0
1	5	5	0.2
1	4	4	0.25
2	2	3	0.666667
2	2	2	1
11	1	12	0.916667
5	4	6	0.833333
1	2	3	0.333333
2	4	3	0.666667
1	4	3	0.333333
2	3	3	0.666667
4	2	6	0.666667
1	1	4	0.25
5	1	6	0.833333
6	1	6	1
2	5	6	0.333333
5	2	5	1
9	3	13	0.692308
15	3	16	0.9375
1	3	3	0.333333
3	2	3	1
3	4	4	0.75
3	1	3	1
4	1	5	0.8
5	1	6	0.833333
3	1	4	0.75
5	1	5	1
0	1	3	0
9	3	10	0.9
1	4	1	1
0	3	2	0
2	5	4	0.5
4	1	4	1
0	1	1	0
0	4	1	0
2	2	3	0.666667
4	1	4	1
0	4	2	0
3	1	3	1
5	1	5	1
4	2	4	1
0	3	0	0
1	1	1	1
0	1	0	0
0	4	1	0
2	1	3	0.666667
0	3	0	0
2	1	2	1
1	1	1	1
3	1	3	1
5	1	6	0.833333
0	4	0	0
152	1	162	0.938272
1	5	5	0.2
1	3	1	1
0	4	0	0
4	5	6	0.666667
0	4	0	0
0	4	0	0
6	1	6	1
0	2	3	0
1	2	1	1
0	1	0	0
0	2	1	0
0	2	0	0
2	2	2	1
2	1	2	1
9	4	13	0.692308
1	5	3	0.333333
2	2	2	1
0	2	0	0
3	1	3	1
4	1	4	1
2	1	2	1
1	4	1	1
1	1	2	0.5
1	4	2	0.5
1	4	2	0.5
1	3	1	1
3	3	4	0.75
5	1	7	0.714286
6	5	10	0.6
1	1	3	0.333333
0	3	1	0
10	2	11	0.909091
2	3	3	0.666667
13	1	16	0.8125
6	3	7	0.857143
1	1	2	0.5
1	1	2	0.5
1	1	2	0.5
0	1	1	0
1	1	2	0.5
2	5	5	0.4
2	1	3	0.666667
7	2	9	0.777778
1	2	3	0.333333
1	1	1	1
2	1	3	0.666667
3	4	3	1
0	3	0	0
1	2	2	0.5
2	1	5	0.4
5	5	10	0.5
4	1	5	0.8
11	1	11	1
1	3	1	1
0	3	0	0
2	1	3	0.666667
1	1	2	0.5
0	1	0	0
1	2	2	0.5
0	1	0	0
0	2	0	0
0	2	0	0
2	1	4	0.5
6	1	6	1
21	2	21	1
4	5	8	0.5
2	1	2	1
4	3	4	1
0	1	0	0
19	1	19	1
1	2	1	1
6	1	6	1
3	5	6	0.5
1	1	1	1
3	1	3	1
1	1	1	1
7	1	7	1
0	4	0	0
2	5	4	0.5
2	1	2	1
11	2	11	1
1	1	1	1
6	1	6	1
6	2	7	0.857143
0	3	0	0
1	4	4	0.25
3	5	9	0.333333
6	2	7	0.857143
6	1	8	0.75
0	3	1	0
0	1	0	0
0	3	0	0
1	5	2	0.5
0	1	0	0
0	1	1	0
0	1	1	0
0	3	0	0
0	1	0	0
1	1	1	1
0	1	0	0
6	1	6	1
4	2	4	1
1	3	1	1
6	1	7	0.857143
5	1	5	1
10	4	13	0.769231
1	1	1	1
0	1	0	0
12	3	12	1
2	1	2	1
6	1	7	0.857143
2	3	2	1
15	1	16	0.9375
2	2	4	0.5
1	3	1	1
2	1	2	1
4	1	9	0.444444
1	1	1	1
1	2	1	1
7	5	10	0.7
0	1	0	0
1	1	1	1
3	3	3	1
1	2	1	1
0	2	0	0
4	4	4	1
2	4	7	0.285714
3	3	4	0.75
3	1	3	1
3	1	3	1
3	2	4	0.75
1	1	1	1
8	1	8	1
1	2	1	1
8	1	8	1
1	5	4	0.25
1	1	1	1
1	1	1	1
3	1	3	1
1	1	1	1
3	3	4	0.75
0	2	0	0
0	1	0	0
1	3	1	1
3	1	3	1
0	1	0	0
1	1	1	1
1	2	1	1
0	1	0	0
1	3	1	1
2	2	2	1
24	2	30	0.8
3	1	3	1
0	1	0	0
0	1	0	0
2	2	2	1
4	2	5	0.8
2	2	3	0.666667
37	1	38	0.973684
16	1	16	1
0	1	0	0
3	2	3	1
4	2	4	1
7	1	9	0.777778
6	1	6	1
9	1	9	1
3	2	3	1
3	2	4	0.75
23	2	24	0.958333
2	2	2	1
3	1	5	0.6
1	2	1	1
5	1	5	1
1	4	5	0.2
5	3	5	1
2	2	2	1
6	1	6	1
3	3	3	1
1	3	2	0.5
1	4	7	0.142857
1	4	4	0.25
3	1	3	1
4	2	4	1
3	2	4	0.75
1	3	2	0.5
1	5	5	0.2
1	2	1	1
3	1	3	1
3	4	7	0.428571
4	2	4	1
1	3	1	1
2	2	2	1
2	1	2	1
0	5	5	0
3	2	3	1
0	3	0	0
6	2	7	0.857143
9	3	9	1
6	3	6	1
5	3	7	0.714286
3	1	3	1
3	1	5	0.6
0	1	0	0
0	4	2	0
3	2	3	1
3	5	8	0.375
9	3	11	0.818182
3	1	3	1
1	1	1	1
1	2	1	1
1	2	1	1
2	1	3	0.666667
14	2	14	1
2	3	2	1
0	1	0	0
6	1	6	1
0	1	0	0
1	1	2	0.5
1	5	3	0.333333
0	2	1	0
0	4	0	0
8	2	9	0.888889
10	2	12	0.833333
1	1	1	1
6	5	11	0.545455
5	1	7	0.714286
3	4	4	0.75
6	2	7	0.857143
3	1	4	0.75
3	1	4	0.75
8	1	8	1
19	2	22	0.863636
0	2	0	0
10	3	12	0.833333
7	5	14	0.5
5	1	5	1
1	1	1	1
5	3	5	1
1	2	1	1
2	5	4	0.5
1	1	1	1
3	2	4	0.75
1	1	1	1
2	2	2	1
0	1	0	0
8	2	8	1
12	1	12	1
1	3	2	0.5
5	1	8	0.625
8	1	8	1
1	3	1	1
3	1	3	1
2	4	4	0.5
1	3	1	1
0	3	0	0
1	4	3	0.333333
0	1	1	0
0	3	0	0
8	1	8	1
1	2	1	1
10	2	10	1
1	2	1	1
6	1	6	1
5	1	5	1
1	4	2	0.5
9	2	11	0.818182
31	1	32	0.96875
3	5	11	0.272727
1	1	2	0.5
8	5	12	0.666667
8	1	8	1
0	3	0	0
11	3	14	0.785714
9	1	10	0.9
1	3	2	0.5
3	3	4	0.75
32	5	49	0.653061
2	1	2	1
2	2	4	0.5
1	4	2	0.5
2	3	2	1
4	2	4	1
4	5	13	0.307692
3	2	3	1
19	1	24	0.791667
0	3	0	0
3	1	3	1
2	2	2	1
5	1	5	1
1	1	1	1
1	2	1	1
2	1	2	1
3	1	3	1
12	2	12	1
6	1	8	0.75
3	2	3	1
7	3	7	1
0	4	0	0
1	4	3	0.333333
2	2	2	1
0	1	0	0
12	1	16	0.75
7	1	7	1
2	5	9	0.222222
1	1	2	0.5
12	2	12	1
0	1	0	0
2	2	2	1
0	3	0	0
7	2	10	0.7
5	2	5	1
7	2	8	0.875
1	3	1	1
2	1	2	1
0	3	0	0
2	3	2	1
15	3	16	0.9375
2	3	2	1
2	1	2	1
3	5	6	0.5
1	5	4	0.25
13	2	13	1
14	2	14	1
0	2	0	0
0	3	0	0
2	5	7	0.285714
5	3	6	0.833333
2	1	5	0.4
1	2	4	0.25
4	2	6	0.666667
3	3	3	1
11	1	11	1
3	3	4	0.75
4	3	4	1
7	1	7	1
6	5	9	0.666667
3	2	3	1
1	5	5	0.2
0	4	0	0
1	2	1	1
0	4	2	0
2	5	4	0.5
6	3	7	0.857143
4	2	5	0.8
0	3	0	0
3	5	7	0.428571
2	3	2	1
0	3	0	0
1	4	1	1
1	4	2	0.5
8	3	8	1
0	5	4	0
1	2	1	1
0	1	3	0
2	2	3	0.666667
6	1	6	1
0	4	1	0
0	1	2	0
1	2	2	0.5
0	2	1	0
14	2	15	0.933333
166	1	185	0.897297
0	4	0	0
3	2	3	1
1	3	1	1
22	3	23	0.956522
0	3	2	0
0	5	3	0
5	2	5	1
0	3	0	0
0	3	0	0
2	2	2	1
0	3	0	0
0	3	0	0
0	2	0	0
8	2	8	1
1	2	2	0.5
1	3	1	1
3	2	6	0.5
1	2	1	1
1	1	1	1
1	4	1	1
3	2	4	0.75
1	2	1	1
1	2	1	1
9	2	10	0.9
0	2	1	0
0	3	1	0
3	3	3	1
2	2	2	1
1	1	1	1
1	4	1	1
1	1	1	1
1	2	1	1
3	5	5	0.6
1	3	2	0.5
1	4	1	1
2	2	2	1
3	3	4	0.75
3	1	3	1
1	3	2	0.5
3	1	3	1
5	3	5	1
3	5	6	0.5
1	3	2	0.5
277	3	321	0.862928
1	3	6	0.166667
0	2	0	0
2	3	3	0.666667
3	3	3	1
210	3	226	0.929204
29	5	46	0.630435
1	2	1	1
34	3	35	0.971429
15	1	17	0.882353
2	5	12	0.166667
11	1	13	0.846154
2	4	8	0.25
20	5	33	0.606061
11	3	11	1
329	1	367	0.896458
1	3	2	0.5
2	2	3	0.666667
10	1	10	1
4	2	4	1
1	4	7	0.142857
7	3	8	0.875
2	5	6	0.333333
2	5	8	0.25
57	4	63	0.904762
3	5	5	0.6
14	1	16	0.875
0	5	7	0
0	4	1	0
0	3	1	0
1	4	1	1
35	1	41	0.853659
1	4	6	0.166667
6	5	10	0.6
3	4	9	0.333333
13	4	22	0.590909
15	3	20	0.75
3	5	7	0.428571
4	4	12	0.333333
0	3	0	0
2	2	2	1
26	1	35	0.742857
