8 1
4 4
8 1
5 5
4 2
1 5
4 2
3 5
6 1
5 2
5 2
1 3
1 4
8 1
1 4
4 1
4 5
6 1
5 1
1 3
1 5
2 3
41 1
0 3
5 1
0 3
5 2
5 5
1 3
14 1
2 2
2 3
1 5
4 2
2 5
2 1
10 4
2 3
8 2
1 5
1 4
3 1
1 4
0 3
2 1
1 4
0 3
3 2
2 2
1 3
4 2
7 1
4 3
5 2
2 1
6 1
1 1
7 5
1 5
2 5
3 5
6 1
2 1
4 5
6 1
4 4
6 2
10 1
7 1
5 2
3 1
3 1
4 2
0 3
7 2
1 5
2 5
11 1
1 2
0 3
0 1
1 5
1 4
2 2
2 2
11 1
5 4
1 2
2 4
1 4
2 3
4 2
1 1
5 1
6 1
2 5
5 2
9 3
15 3
1 3
3 2
3 4
3 1
4 1
5 1
3 1
5 1
0 1
9 3
1 4
0 3
2 5
4 1
0 1
0 4
2 2
4 1
0 4
3 1
5 1
4 2
0 3
1 1
0 1
0 4
2 1
0 3
2 1
1 1
3 1
5 1
0 4
152 1
1 5
1 3
0 4
4 5
0 4
0 4
6 1
0 2
1 2
0 1
0 2
0 2
2 2
2 1
9 4
1 5
2 2
0 2
3 1
4 1
2 1
1 4
1 1
1 4
1 4
1 3
3 3
5 1
6 5
1 1
0 3
10 2
2 3
13 1
6 3
1 1
1 1
1 1
0 1
1 1
2 5
2 1
7 2
1 2
1 1
2 1
3 4
0 3
1 2
2 1
5 5
4 1
11 1
1 3
0 3
2 1
1 1
0 1
1 2
0 1
0 2
0 2
2 1
6 1
21 2
4 5
2 1
4 3
0 1
19 1
1 2
6 1
3 5
1 1
3 1
1 1
7 1
0 4
2 5
2 1
11 2
1 1
6 1
6 2
0 3
1 4
3 5
6 2
6 1
0 3
0 1
0 3
1 5
0 1
0 1
0 1
0 3
0 1
1 1
0 1
6 1
4 2
1 3
6 1
5 1
10 4
1 1
0 1
12 3
2 1
6 1
2 3
15 1
2 2
1 3
2 1
4 1
1 1
1 2
7 5
0 1
1 1
3 3
1 2
0 2
4 4
2 4
3 3
3 1
3 1
3 2
1 1
8 1
1 2
8 1
1 5
1 1
1 1
3 1
1 1
3 3
0 2
0 1
1 3
3 1
0 1
1 1
1 2
0 1
1 3
2 2
24 2
3 1
0 1
0 1
2 2
4 2
2 2
37 1
16 1
0 1
3 2
4 2
7 1
6 1
9 1
3 2
3 2
23 2
2 2
3 1
1 2
5 1
1 4
5 3
2 2
6 1
3 3
1 3
1 4
1 4
3 1
4 2
3 2
1 3
1 5
1 2
3 1
3 4
4 2
1 3
2 2
2 1
0 5
3 2
0 3
6 2
9 3
6 3
5 3
3 1
3 1
0 1
0 4
3 2
3 5
9 3
3 1
1 1
1 2
1 2
2 1
14 2
2 3
0 1
6 1
0 1
1 1
1 5
0 2
0 4
8 2
10 2
1 1
6 5
5 1
3 4
6 2
3 1
3 1
8 1
19 2
0 2
10 3
7 5
5 1
1 1
5 3
1 2
2 5
1 1
3 2
1 1
2 2
0 1
8 2
12 1
1 3
5 1
8 1
1 3
3 1
2 4
1 3
0 3
1 4
0 1
0 3
8 1
1 2
10 2
1 2
6 1
5 1
1 4
9 2
31 1
3 5
1 1
8 5
8 1
0 3
11 3
9 1
1 3
3 3
32 5
2 1
2 2
1 4
2 3
4 2
4 5
3 2
19 1
0 3
3 1
2 2
5 1
1 1
1 2
2 1
3 1
12 2
6 1
3 2
7 3
0 4
1 4
2 2
0 1
12 1
7 1
2 5
1 1
12 2
0 1
2 2
0 3
7 2
5 2
7 2
1 3
2 1
0 3
2 3
15 3
2 3
2 1
3 5
1 5
13 2
14 2
0 2
0 3
2 5
5 3
2 1
1 2
4 2
3 3
11 1
3 3
4 3
7 1
6 5
3 2
1 5
0 4
1 2
0 4
2 5
6 3
4 2
0 3
3 5
2 3
0 3
1 4
1 4
8 3
0 5
1 2
0 1
2 2
6 1
0 4
0 1
1 2
0 2
14 2
166 1
0 4
3 2
1 3
22 3
0 3
0 5
5 2
0 3
0 3
2 2
0 3
0 3
0 2
8 2
1 2
1 3
3 2
1 2
1 1
1 4
3 2
1 2
1 2
9 2
0 2
0 3
3 3
2 2
1 1
1 4
1 1
1 2
3 5
1 3
1 4
2 2
3 3
3 1
1 3
3 1
5 3
3 5
1 3
277 3
1 3
0 2
2 3
3 3
210 3
29 5
1 2
34 3
15 1
2 5
11 1
2 4
20 5
11 3
329 1
1 3
2 2
10 1
4 2
1 4
7 3
2 5
2 5
57 4
3 5
14 1
0 5
0 4
0 3
1 4
35 1
1 4
6 5
3 4
13 4
15 3
3 5
4 4
0 3
2 2
26 1
