31	1	39	0.794872
0	5	3	0
4	2	6	0.666667
0	5	2	0
0	4	3	0
1	5	3	0.333333
7	2	9	0.777778
2	3	3	0.666667
18	1	31	0.580645
3	3	3	1
8	1	10	0.8
0	5	4	0
37	1	47	0.787234
2	3	3	0.666667
0	5	5	0
1	3	2	0.5
0	4	2	0
1	3	2	0.5
0	5	2	0
0	4	3	0
0	5	3	0
0	4	4	0
1	5	3	0.333333
0	3	0	0
15	2	17	0.882353
0	5	2	0
11	2	13	0.846154
0	5	5	0
1	3	4	0.25
22	1	36	0.611111
1	4	2	0.5
4	4	5	0.8
3	3	4	0.75
4	2	8	0.5
1	4	5	0.2
11	2	12	0.916667
0	5	3	0
0	5	3	0
0	5	2	0
0	5	2	0
4	2	8	0.5
1	5	2	0.5
0	5	1	0
4	4	6	0.666667
0	5	1	0
0	3	0	0
1	3	2	0.5
4	1	9	0.444444
1	5	3	0.333333
0	5	2	0
0	4	1	0
4	5	5	0.8
1	4	2	0.5
2	4	3	0.666667
0	4	1	0
1	5	1	1
3	5	4	0.75
0	5	0	0
1	5	1	1
7	1	17	0.411765
0	5	1	0
0	5	0	0
1	3	1	1
14	1	17	0.823529
2	2	2	1
0	3	0	0
7	2	10	0.7
1	4	2	0.5
2	4	2	1
2	5	3	0.666667
12	1	15	0.8
3	2	3	1
0	5	0	0
5	2	5	1
0	5	1	0
3	5	4	0.75
3	5	4	0.75
0	4	0	0
1	4	1	1
0	5	0	0
0	4	1	0
0	5	0	0
2	3	3	0.666667
0	5	1	0
1	4	1	1
2	5	3	0.666667
4	3	5	0.8
7	2	10	0.7
2	3	8	0.25
2	4	4	0.5
4	5	5	0.8
1	5	2	0.5
1	5	2	0.5
1	4	1	1
3	3	3	1
5	5	7	0.714286
0	3	0	0
2	3	2	1
2	5	2	1
0	4	0	0
2	3	2	1
2	4	2	1
0	5	0	0
3	5	4	0.75
0	5	1	0
17	2	21	0.809524
2	3	2	1
3	3	3	1
1	5	1	1
4	2	13	0.307692
2	4	5	0.4
1	5	2	0.5
1	5	3	0.333333
2	3	3	0.666667
9	1	12	0.75
2	4	2	1
9	1	13	0.692308
3	3	3	1
3	4	4	0.75
0	4	0	0
0	5	0	0
1	5	1	1
0	5	0	0
0	5	2	0
0	4	1	0
1	5	4	0.25
5	1	14	0.357143
3	3	6	0.5
1	5	4	0.25
1	4	3	0.333333
0	5	2	0
0	5	1	0
1	4	1	1
0	5	0	0
1	4	2	0.5
2	4	6	0.333333
1	5	2	0.5
1	4	2	0.5
0	4	0	0
1	5	2	0.5
0	5	1	0
0	4	1	0
0	4	2	0
0	5	1	0
1	5	4	0.25
2	5	2	1
4	3	5	0.8
0	5	1	0
0	4	1	0
1	5	1	1
0	2	1	0
3	4	3	1
1	5	2	0.5
23	1	31	0.741935
9	1	12	0.75
0	5	5	0
6	3	7	0.857143
0	4	2	0
1	4	2	0.5
6	2	10	0.6
4	3	5	0.8
3	5	5	0.6
6	5	8	0.75
4	2	8	0.5
1	4	1	1
0	5	0	0
0	5	0	0
5	2	9	0.555556
0	5	0	0
0	4	0	0
1	5	1	1
8	2	13	0.615385
1	3	1	1
0	5	1	0
0	4	2	0
1	3	2	0.5
0	5	1	0
0	5	3	0
1	5	4	0.25
2	2	5	0.4
41	1	54	0.759259
73	1	94	0.776596
21	2	24	0.875
3	3	14	0.214286
1	4	1	1
0	4	2	0
3	5	4	0.75
0	5	0	0
1	4	2	0.5
2	5	2	1
2	5	2	1
1	5	1	1
3	4	3	1
1	4	1	1
0	5	0	0
0	5	4	0
0	5	1	0
0	5	1	0
15	1	35	0.428571
3	5	4	0.75
2	5	3	0.666667
1	4	2	0.5
2	5	2	1
1	5	3	0.333333
0	3	1	0
0	4	0	0
5	4	5	1
1	4	2	0.5
3	3	3	1
0	5	0	0
1	5	1	1
1	5	1	1
0	5	0	0
1	4	1	1
0	5	0	0
1	5	2	0.5
1	5	2	0.5
2	2	8	0.25
4	3	5	0.8
2	5	2	1
1	4	1	1
6	1	11	0.545455
0	3	2	0
1	4	1	1
1	3	3	0.333333
0	5	0	0
1	5	1	1
1	2	3	0.333333
1	3	1	1
4	2	12	0.333333
0	5	0	0
1	4	1	1
1	3	1	1
0	4	2	0
0	4	2	0
34	1	42	0.809524
3	2	5	0.6
0	4	1	0
4	3	4	1
1	3	1	1
5	1	9	0.555556
5	2	7	0.714286
0	5	2	0
0	4	0	0
0	3	0	0
13	1	17	0.764706
1	3	1	1
1	5	1	1
1	5	1	1
0	4	2	0
7	1	17	0.411765
2	5	2	1
1	5	1	1
2	3	2	1
0	5	1	0
0	4	1	0
1	4	1	1
3	2	7	0.428571
2	3	3	0.666667
0	5	0	0
0	5	1	0
2	3	5	0.4
0	5	0	0
11	1	15	0.733333
0	5	0	0
1	4	3	0.333333
3	5	4	0.75
1	4	1	1
2	5	2	1
0	3	0	0
5	2	8	0.625
0	4	0	0
3	5	4	0.75
1	3	2	0.5
8	2	15	0.533333
6	2	10	0.6
1	4	2	0.5
0	5	0	0
0	5	0	0
1	5	1	1
0	3	0	0
1	4	2	0.5
0	5	1	0
1	3	1	1
3	4	3	1
0	4	1	0
6	2	8	0.75
0	4	0	0
3	4	3	1
3	5	4	0.75
0	5	1	0
2	5	3	0.666667
0	4	0	0
0	5	0	0
0	5	3	0
0	5	2	0
2	5	4	0.5
17	1	25	0.68
1	5	3	0.333333
49	1	61	0.803279
2	5	4	0.5
10	4	12	0.833333
2	5	3	0.666667
1	4	4	0.25
1	5	5	0.2
3	5	4	0.75
3	5	4	0.75
1	3	2	0.5
2	5	4	0.5
0	5	1	0
0	4	2	0
2	5	3	0.666667
1	4	3	0.333333
2	5	6	0.333333
7	1	16	0.4375
0	5	3	0
16	2	20	0.8
0	5	12	0
4	1	39	0.102564
2	4	4	0.5
6	1	10	0.6
4	3	5	0.8
0	4	2	0
1	4	3	0.333333
1	4	3	0.333333
3	5	4	0.75
1	5	5	0.2
2	3	2	1
4	2	8	0.5
25	1	32	0.78125
6	2	10	0.6
0	5	4	0
1	4	5	0.2
3	5	6	0.5
0	4	2	0
6	1	17	0.352941
2	5	5	0.4
6	1	10	0.6
1	5	3	0.333333
3	3	3	1
1	5	2	0.5
5	2	10	0.5
0	5	1	0
0	5	1	0
1	5	1	1
0	5	0	0
0	2	3	0
0	5	1	0
2	2	6	0.333333
1	3	9	0.111111
1	4	4	0.25
1	5	1	1
1	5	3	0.333333
1	5	1	1
8	2	8	1
0	3	0	0
0	3	0	0
1	5	2	0.5
4	5	5	0.8
2	4	2	1
4	1	9	0.444444
1	5	1	1
0	5	0	0
1	2	8	0.125
2	3	3	0.666667
1	5	1	1
3	4	4	0.75
2	5	4	0.5
0	5	1	0
0	4	0	0
1	4	1	1
0	3	0	0
3	5	4	0.75
0	5	0	0
0	5	0	0
9	2	15	0.6
1	5	1	1
0	5	0	0
10	1	26	0.384615
10	5	13	0.769231
3	3	3	1
1	5	1	1
0	4	0	0
1	5	1	1
9	1	17	0.529412
0	5	0	0
5	2	8	0.625
22	1	34	0.647059
1	5	2	0.5
6	2	8	0.75
0	5	1	0
2	3	2	1
2	5	4	0.5
1	5	3	0.333333
3	4	5	0.6
16	2	19	0.842105
0	4	0	0
1	4	2	0.5
1	5	1	1
2	4	3	0.666667
5	5	6	0.833333
3	2	6	0.5
2	3	2	1
0	4	0	0
5	3	5	1
1	4	1	1
0	4	0	0
0	5	0	0
1	5	1	1
1	5	1	1
0	5	0	0
0	5	0	0
0	4	0	0
0	4	0	0
2	4	2	1
0	5	0	0
20	1	28	0.714286
5	2	6	0.833333
2	5	2	1
3	5	4	0.75
1	5	1	1
0	5	1	0
10	2	13	0.769231
21	2	26	0.807692
1	5	2	0.5
0	5	1	0
0	4	1	0
0	5	0	0
0	4	0	0
17	1	27	0.62963
1	5	3	0.333333
1	5	1	1
0	4	0	0
0	3	2	0
1	4	4	0.25
0	5	2	0
6	1	19	0.315789
1	5	1	1
2	2	3	0.666667
2	4	2	1
0	4	0	0
13	1	17	0.764706
0	4	0	0
1	3	1	1
0	3	1	0
1	3	1	1
0	4	0	0
0	5	0	0
2	2	3	0.666667
7	1	12	0.583333
0	5	1	0
0	5	0	0
0	4	0	0
3	2	3	1
0	4	0	0
2	4	2	1
0	5	0	0
2	4	4	0.5
3	5	5	0.6
1	4	3	0.333333
3	1	10	0.3
2	5	5	0.4
26	3	30	0.866667
19	1	23	0.826087
12	2	13	0.923077
1	4	7	0.142857
1	4	3	0.333333
1	5	3	0.333333
2	5	3	0.666667
0	4	0	0
1	4	2	0.5
2	4	3	0.666667
1	5	3	0.333333
7	2	9	0.777778
5	2	7	0.714286
4	3	6	0.666667
0	4	2	0
1	4	3	0.333333
1	5	3	0.333333
13	2	17	0.764706
2	3	3	0.666667
0	5	2	0
1	5	3	0.333333
0	4	2	0
3	4	5	0.6
4	3	5	0.8
0	4	1	0
0	4	2	0
0	4	1	0
0	5	2	0
0	5	1	0
3	5	4	0.75
1	3	1	1
12	1	20	0.6
1	5	2	0.5
2	3	3	0.666667
1	5	3	0.333333
0	5	1	0
1	5	2	0.5
5	3	6	0.833333
0	5	1	0
2	4	3	0.666667
0	4	1	0
4	5	5	0.8
10	1	18	0.555556
3	4	4	0.75
2	5	4	0.5
16	1	21	0.761905
15	1	20	0.75
5	3	6	0.833333
2	5	4	0.5
2	4	3	0.666667
1	5	2	0.5
1	4	2	0.5
3	5	5	0.6
5	5	6	0.833333
8	3	9	0.888889
1	5	2	0.5
0	3	3	0
1	5	4	0.25
29	1	43	0.674419
3	4	4	0.75
1	4	2	0.5
4	2	9	0.444444
3	5	6	0.5
10	1	19	0.526316
2	4	4	0.5
18	1	29	0.62069
3	5	7	0.428571
10	2	11	0.909091
6	3	7	0.857143
1	3	3	0.333333
2	4	4	0.5
4	4	5	0.8
3	5	7	0.428571
1	4	5	0.2
0	3	3	0
3	4	6	0.5
0	3	3	0
1	5	4	0.25
1	3	4	0.25
0	5	2	0
5	4	7	0.714286
2	3	4	0.5
2	4	4	0.5
0	4	3	0
4	2	7	0.571429
11	1	15	0.733333
0	5	2	0
1	5	3	0.333333
0	4	2	0
3	5	5	0.6
0	5	2	0
1	4	3	0.333333
1	5	3	0.333333
9	1	26	0.346154
6	3	6	1
6	1	16	0.375
2	5	6	0.333333
14	3	16	0.875
2	5	5	0.4
0	5	1	0
0	5	2	0
0	5	2	0
0	4	2	0
1	3	4	0.25
3	4	5	0.6
1	5	2	0.5
0	4	1	0
0	3	3	0
1	4	2	0.5
5	4	6	0.833333
0	4	1	0
0	5	2	0
1	3	3	0.333333
1	4	2	0.5
0	5	1	0
1	5	3	0.333333
0	5	2	0
4	2	5	0.8
1	4	2	0.5
1	5	4	0.25
0	5	1	0
3	2	3	1
0	4	1	0
0	5	0	0
0	5	1	0
3	4	3	1
1	5	2	0.5
6	2	6	1
5	1	9	0.555556
1	3	3	0.333333
1	4	2	0.5
1	4	1	1
0	2	1	0
8	1	12	0.666667
1	5	3	0.333333
1	4	1	1
2	5	3	0.666667
1	4	1	1
5	1	6	0.833333
0	5	1	0
0	3	0	0
0	3	0	0
0	4	1	0
3	3	3	1
0	3	2	0
1	3	4	0.25
1	5	3	0.333333
0	5	0	0
2	3	2	1
0	3	0	0
3	3	7	0.428571
1	4	1	1
6	5	8	0.75
2	2	6	0.333333
29	3	51	0.568627
0	5	4	0
1	3	1	1
0	5	1	0
5	5	6	0.833333
0	5	0	0
3	4	3	1
0	3	1	0
2	5	3	0.666667
12	2	15	0.8
1	5	1	1
1	5	1	1
16	1	22	0.727273
9	5	11	0.818182
3	4	3	1
0	4	2	0
4	4	5	0.8
0	2	3	0
2	4	4	0.5
3	5	4	0.75
1	3	1	1
2	4	2	1
0	2	1	0
1	4	3	0.333333
2	3	8	0.25
1	5	3	0.333333
1	3	1	1
2	5	3	0.666667
1	5	1	1
1	4	1	1
2	4	2	1
2	2	3	0.666667
2	5	3	0.666667
1	3	1	1
4	3	6	0.666667
4	5	8	0.5
1	5	5	0.2
3	4	5	0.6
1	3	1	1
0	5	0	0
0	3	1	0
1	3	1	1
2	4	2	1
4	4	5	0.8
1	5	2	0.5
0	3	0	0
2	4	2	1
0	5	2	0
1	2	2	0.5
1	5	3	0.333333
1	4	2	0.5
0	5	1	0
2	3	3	0.666667
0	3	1	0
8	2	10	0.8
0	5	3	0
1	4	3	0.333333
2	2	5	0.4
4	3	8	0.5
7	5	11	0.636364
3	2	5	0.6
7	3	8	0.875
1	5	4	0.25
4	5	6	0.666667
0	5	0	0
19	1	23	0.826087
0	4	1	0
1	4	2	0.5
1	5	2	0.5
0	4	3	0
0	4	0	0
4	4	6	0.666667
4	2	6	0.666667
1	3	3	0.333333
7	1	10	0.7
11	1	13	0.846154
1	4	2	0.5
3	5	6	0.5
78	1	101	0.772277
3	1	6	0.5
0	5	3	0
10	2	10	1
0	4	2	0
3	4	4	0.75
0	3	0	0
2	4	2	1
1	4	1	1
2	4	2	1
2	4	3	0.666667
2	1	7	0.285714
1	3	1	1
1	2	2	0.5
0	3	0	0
0	2	2	0
11	4	12	0.916667
1	4	2	0.5
2	5	2	1
2	5	2	1
2	5	2	1
2	4	7	0.285714
0	2	0	0
2	5	4	0.5
8	1	11	0.727273
2	4	2	1
0	3	0	0
1	5	3	0.333333
7	1	12	0.583333
3	4	5	0.6
2	5	5	0.4
3	5	5	0.6
0	4	1	0
0	5	2	0
1	5	3	0.333333
5	2	6	0.833333
2	4	3	0.666667
5	4	7	0.714286
0	5	1	0
3	1	5	0.6
3	1	4	0.75
2	5	6	0.333333
2	5	3	0.666667
3	1	4	0.75
1	4	13	0.0769231
6	2	8	0.75
9	1	12	0.75
5	1	8	0.625
27	5	38	0.710526
3	5	4	0.75
4	5	5	0.8
2	4	2	1
0	3	1	0
0	4	0	0
0	3	0	0
0	4	0	0
0	5	0	0
0	5	0	0
2	3	3	0.666667
1	3	2	0.5
3	1	5	0.6
1	1	7	0.142857
8	1	9	0.888889
7	1	12	0.583333
0	5	0	0
3	1	4	0.75
6	5	7	0.857143
0	5	5	0
2	4	2	1
0	4	1	0
0	4	3	0
3	1	7	0.428571
5	5	6	0.833333
4	2	5	0.8
2	1	10	0.2
6	1	7	0.857143
3	1	5	0.6
4	2	6	0.666667
13	1	15	0.866667
0	3	2	0
4	5	7	0.571429
2	4	4	0.5
0	3	1	0
0	5	2	0
1	4	1	1
2	5	4	0.5
2	2	2	1
2	3	2	1
1	2	1	1
2	1	3	0.666667
1	4	1	1
0	2	0	0
1	5	4	0.25
1	3	2	0.5
1	4	1	1
1	5	2	0.5
2	5	3	0.666667
0	5	1	0
2	5	3	0.666667
5	2	6	0.833333
1	5	1	1
2	3	2	1
0	2	0	0
2	4	2	1
1	5	2	0.5
1	5	2	0.5
1	1	6	0.166667
0	5	1	0
3	5	5	0.6
2	5	3	0.666667
7	1	9	0.777778
2	2	5	0.4
3	2	7	0.428571
2	4	2	1
1	4	3	0.333333
15	5	20	0.75
1	4	1	1
1	5	2	0.5
2	5	3	0.666667
7	5	10	0.7
0	5	0	0
2	3	2	1
0	5	0	0
0	5	0	0
0	5	0	0
3	3	3	1
0	4	0	0
0	5	0	0
0	5	0	0
1	5	1	1
0	3	0	0
2	5	2	1
0	5	0	0
0	5	0	0
5	5	7	0.714286
2	5	4	0.5
0	5	1	0
0	5	1	0
1	4	1	1
0	4	3	0
7	1	12	0.583333
1	4	1	1
15	5	30	0.5
0	5	0	0
2	4	2	1
0	5	0	0
1	4	1	1
1	5	2	0.5
0	4	1	0
4	2	6	0.666667
0	3	0	0
6	1	6	1
15	1	18	0.833333
0	5	2	0
0	3	1	0
1	4	2	0.5
0	4	0	0
1	5	1	1
0	5	0	0
0	5	0	0
2	3	3	0.666667
0	5	1	0
0	5	0	0
2	5	2	1
2	5	3	0.666667
1	4	1	1
1	3	1	1
4	5	5	0.8
2	4	3	0.666667
1	4	1	1
0	5	0	0
5	1	11	0.454545
1	1	1	1
0	5	0	0
5	3	7	0.714286
0	5	1	0
7	1	10	0.7
2	3	2	1
0	5	0	0
0	3	1	0
0	3	1	0
1	3	1	1
0	5	0	0
1	5	1	1
0	5	0	0
0	5	0	0
0	2	0	0
0	4	1	0
0	5	1	0
0	5	0	0
0	5	1	0
1	5	1	1
0	3	0	0
1	3	1	1
0	3	0	0
0	5	1	0
1	3	1	1
2	4	3	0.666667
0	4	0	0
1	5	1	1
0	5	0	0
1	4	1	1
25	1	31	0.806452
3	1	13	0.230769
1	5	1	1
0	4	0	0
2	1	11	0.181818
2	4	2	1
1	3	2	0.5
1	5	2	0.5
3	3	4	0.75
1	5	1	1
1	5	2	0.5
1	5	1	1
2	4	3	0.666667
3	4	3	1
0	4	2	0
1	5	1	1
4	5	5	0.8
2	5	2	1
5	2	7	0.714286
1	5	3	0.333333
68	5	88	0.772727
0	4	0	0
0	5	0	0
0	4	0	0
5	3	6	0.833333
2	1	8	0.25
0	5	0	0
1	4	1	1
2	4	2	1
5	1	7	0.714286
9	1	12	0.75
1	5	3	0.333333
0	5	1	0
4	3	4	1
0	5	0	0
4	5	6	0.666667
5	1	11	0.454545
2	5	4	0.5
1	4	1	1
4	3	4	1
1	5	1	1
3	3	6	0.5
2	2	4	0.5
0	5	0	0
0	5	0	0
1	4	1	1
1	5	1	1
3	2	4	0.75
2	3	4	0.5
2	5	2	1
0	3	2	0
1	4	2	0.5
2	3	3	0.666667
2	5	3	0.666667
0	5	0	0
1	5	2	0.5
0	3	0	0
0	4	0	0
6	1	10	0.6
0	5	0	0
3	5	4	0.75
3	5	4	0.75
3	5	3	1
56	4	61	0.918033
1	3	1	1
4	5	5	0.8
0	5	1	0
0	5	0	0
0	5	1	0
2	3	2	1
1	3	2	0.5
4	5	5	0.8
2	4	4	0.5
1	5	3	0.333333
2	4	2	1
0	5	1	0
1	3	4	0.25
1	3	5	0.2
1	4	1	1
1	5	5	0.2
1	4	1	1
0	5	0	0
0	5	3	0
6	1	19	0.315789
0	5	2	0
1	5	2	0.5
0	5	0	0
0	5	2	0
1	5	2	0.5
2	4	6	0.333333
2	3	5	0.4
0	5	0	0
6	2	16	0.375
14	1	29	0.482759
8	5	11	0.727273
1	5	4	0.25
5	3	5	1
1	5	1	1
5	4	6	0.833333
2	5	2	1
2	5	2	1
3	4	3	1
5	1	17	0.294118
3	5	4	0.75
1	5	1	1
2	5	2	1
1	5	1	1
1	3	4	0.25
3	4	4	0.75
2	2	2	1
1	5	2	0.5
2	5	3	0.666667
17	1	38	0.447368
7	2	25	0.28
159	1	277	0.574007
0	4	1	0
5	5	6	0.833333
16	1	75	0.213333
4	3	7	0.571429
8	1	19	0.421053
0	5	1	0
3	5	6	0.5
14	4	21	0.666667
4	5	6	0.666667
2	4	2	1
3	5	4	0.75
3	1	6	0.5
2	4	4	0.5
0	5	5	0
2	4	2	1
13	4	16	0.8125
3	5	5	0.6
0	5	3	0
23	4	28	0.821429
4	5	7	0.571429
1	3	3	0.333333
2	4	4	0.5
3	3	3	1
12	1	18	0.666667
6	4	7	0.857143
4	3	9	0.444444
1	4	3	0.333333
1	5	2	0.5
1	4	5	0.2
2	5	3	0.666667
3	5	4	0.75
0	5	2	0
0	5	2	0
1	4	2	0.5
0	5	2	0
0	5	4	0
3	3	4	0.75
7	1	11	0.636364
1	5	2	0.5
7	2	9	0.777778
2	4	4	0.5
0	3	3	0
19	4	26	0.730769
5	3	6	0.833333
4	3	4	1
7	2	10	0.7
0	5	2	0
0	5	1	0
4	3	6	0.666667
1	3	2	0.5
2	4	4	0.5
1	4	2	0.5
0	5	2	0
0	5	2	0
2	3	2	1
1	5	3	0.333333
1	5	4	0.25
3	3	5	0.6
2	5	3	0.666667
0	3	1	0
4	2	4	1
6	1	14	0.428571
1	3	2	0.5
0	5	0	0
2	5	8	0.25
0	5	3	0
3	4	5	0.6
3	3	4	0.75
10	3	22	0.454545
3	2	3	1
2	3	2	1
0	5	2	0
0	5	2	0
2	3	5	0.4
0	5	1	0
1	5	3	0.333333
4	3	5	0.8
1	3	2	0.5
1	5	3	0.333333
0	5	1	0
0	4	2	0
4	1	8	0.5
2	3	2	1
0	5	1	0
3	2	4	0.75
2	5	5	0.4
1	5	2	0.5
1	2	3	0.333333
1	1	2	0.5
1	5	1	1
2	1	4	0.5
3	1	4	0.75
5	1	6	0.833333
0	5	0	0
0	4	0	0
3	5	4	0.75
0	3	1	0
4	4	7	0.571429
0	5	0	0
8	5	10	0.8
8	5	10	0.8
6	2	13	0.461538
0	5	1	0
0	5	1	0
3	4	6	0.5
1	4	2	0.5
3	3	4	0.75
2	4	3	0.666667
0	5	0	0
1	5	2	0.5
5	2	13	0.384615
2	2	3	0.666667
2	5	3	0.666667
0	5	1	0
1	4	3	0.333333
0	4	1	0
0	5	0	0
3	5	4	0.75
5	3	5	1
4	2	9	0.444444
2	4	4	0.5
0	3	0	0
1	5	2	0.5
2	3	6	0.333333
0	4	1	0
3	5	4	0.75
0	4	2	0
2	5	2	1
2	5	3	0.666667
4	4	4	1
0	4	0	0
3	3	3	1
0	5	1	0
0	3	0	0
0	4	0	0
3	5	4	0.75
10	5	13	0.769231
0	5	1	0
18	1	28	0.642857
319	5	393	0.811705
5	3	8	0.625
1	3	4	0.25
0	3	3	0
17	4	21	0.809524
2	4	5	0.4
1	3	3	0.333333
5	5	7	0.714286
4	3	7	0.571429
11	5	14	0.785714
19	4	25	0.76
16	5	26	0.615385
7	2	14	0.5
2	5	2	1
4	5	5	0.8
141	5	181	0.779006
126	5	152	0.828947
7	1	10	0.7
0	5	1	0
3	4	3	1
1	2	2	0.5
2	5	2	1
8	5	12	0.666667
2	5	2	1
0	2	1	0
2	4	3	0.666667
5	3	9	0.555556
5	5	6	0.833333
3	5	4	0.75
4	5	5	0.8
5	5	6	0.833333
3	5	6	0.5
0	5	1	0
1	4	1	1
0	5	2	0
0	5	0	0
2	3	6	0.333333
4	4	5	0.8
0	5	0	0
1	5	2	0.5
1	4	1	1
0	5	1	0
1	4	3	0.333333
6	1	12	0.5
0	5	1	0
0	5	1	0
4	2	8	0.5
12	1	18	0.666667
1	5	3	0.333333
8	3	11	0.727273
0	2	2	0
