3 5
3 2
2 5
2 5
2 5
1 5
1 5
0 5
0 5
0 5
0 5
1 5
1 5
2 5
1 5
1 5
1 5
1 5
0 5
0 5
1 5
0 5
1 5
0 5
4 4
1 5
1 5
1 5
0 5
1 5
2 5
1 4
1 5
1 5
1 5
2 4
3 5
2 4
1 4
1 5
1 5
1 3
1 5
2 5
3 5
2 4
2 5
2 5
0 5
0 5
0 4
0 5
6 3
0 5
2 5
1 5
0 5
4 3
2 5
3 5
1 5
1 5
3 4
2 5
12 2
2 5
14 2
1 5
1 4
1 5
2 5
7 5
87 4
1 5
1 5
0 5
2 5
2 5
1 5
1 5
0 5
2 5
3 1
1 5
1 4
1 5
1 5
3 5
1 5
1 5
2 5
1 3
2 5
3 5
1 4
2 5
2 5
2 5
2 5
1 5
1 4
1 5
1 5
2 4
1 5
1 5
2 5
1 5
1 5
1 3
1 5
1 5
1 5
1 5
2 5
1 4
1 5
2 5
2 5
2 5
2 5
1 5
1 5
1 5
2 5
2 5
2 5
1 3
2 5
2 5
2 5
2 5
8 1
2 5
2 5
1 5
2 5
2 5
1 5
1 3
2 5
1 4
1 5
1 5
1 4
2 2
1 5
2 5
1 5
4 5
1 5
1 5
2 3
2 5
2 5
1 5
1 5
1 5
2 5
1 5
2 5
1 5
4 5
1 5
1 5
1 5
0 5
1 5
0 5
0 5
1 5
1 5
1 5
1 5
1 5
1 5
1 5
1 5
1 5
1 5
1 5
3 2
0 5
4 5
3 2
0 5
0 4
10 1
1 4
2 3
0 5
1 5
1 5
0 5
2 1
0 5
1 5
1 5
1 5
1 5
1 5
0 5
1 5
1 4
1 5
1 5
1 5
1 5
0 5
0 5
0 4
0 5
2 5
1 5
0 5
0 4
0 5
0 5
0 4
0 5
1 5
8 5
1 5
0 4
0 4
7 1
0 5
0 5
0 5
0 5
0 5
0 5
0 4
1 5
0 5
0 4
0 5
0 5
0 5
0 5
0 5
0 5
0 5
0 5
0 5
6 2
0 5
0 5
0 5
6 3
0 5
0 5
0 4
0 5
1 5
1 5
0 5
0 5
0 5
0 5
3 1
0 5
0 4
1 5
0 4
0 5
0 5
0 5
0 3
0 5
2 5
2 5
0 4
4 5
0 4
0 5
0 5
0 5
0 5
0 5
0 5
0 5
0 5
0 5
0 3
0 5
0 5
0 5
0 5
0 5
0 5
0 5
3 5
1 5
1 5
0 5
40 1
0 4
0 4
0 5
0 4
0 5
0 5
0 5
0 5
0 5
0 5
0 5
0 5
0 5
0 5
0 5
0 5
1 4
0 5
0 5
0 5
0 5
0 5
0 5
0 5
0 4
0 5
0 3
1 5
1 3
1 5
4 5
3 5
1 5
0 5
0 5
1 5
1 5
0 5
0 5
1 5
0 5
0 4
0 5
0 5
0 5
0 4
0 5
0 5
0 5
0 4
2 3
0 5
0 5
0 3
0 5
3 4
0 3
0 5
7 5
1 5
0 5
0 5
0 4
0 5
0 5
0 5
1 5
0 5
0 5
2 5
0 5
0 5
0 5
0 4
1 5
0 5
4 3
3 5
1 5
1 5
0 5
0 5
0 5
0 4
0 4
1 5
0 5
2 5
2 5
2 5
0 4
0 5
1 5
0 5
0 5
1 5
0 5
0 5
0 5
0 4
0 5
0 5
0 4
0 5
0 5
0 5
2 5
1 5
0 5
0 4
1 5
4 5
1 5
1 5
0 3
4 4
1 5
1 5
0 5
1 5
0 5
0 5
0 5
0 5
0 5
0 5
0 5
0 5
0 5
0 5
0 5
0 4
0 5
0 5
20 1
2 5
0 5
0 5
2 5
2 5
1 5
0 5
0 5
2 4
0 5
0 5
1 4
0 5
0 5
16 1
0 5
0 5
0 5
0 5
0 5
0 5
0 5
0 5
0 5
1 5
0 5
0 5
23 1
0 5
1 5
0 5
0 5
0 5
8 2
0 5
0 5
1 5
0 5
0 5
0 5
0 5
0 5
3 5
1 5
0 5
0 4
0 5
1 5
0 5
0 5
0 5
0 5
0 5
0 5
1 5
0 5
0 5
0 5
0 5
0 5
0 5
4 5
0 5
1 5
0 5
0 4
2 5
0 5
0 5
0 5
1 5
0 5
0 5
0 5
0 5
0 5
3 5
2 4
1 5
2 5
0 5
0 5
0 5
1 5
0 5
1 5
0 5
0 5
0 5
0 5
0 5
0 5
0 5
1 5
0 5
0 5
5 2
0 5
1 5
0 5
1 5
3 5
2 5
0 5
0 5
0 5
0 5
0 5
0 5
1 5
2 5
0 5
0 4
9 5
0 5
0 5
1 5
0 5
0 5
6 5
0 5
3 5
0 5
0 5
0 5
0 4
0 4
0 4
0 4
0 5
4 4
0 4
0 5
1 4
1 5
0 5
0 5
2 5
0 5
1 5
1 5
1 5
0 5
0 5
1 4
0 4
0 5
0 5
1 5
2 5
0 4
3 4
0 5
2 5
0 5
0 5
0 5
1 5
0 5
2 5
0 5
0 5
1 5
2 5
1 5
2 5
0 5
2 5
1 5
0 5
2 5
0 5
4 3
3 5
0 5
1 5
1 5
1 5
0 5
0 5
0 5
1 4
0 5
0 5
3 5
0 5
0 5
1 5
1 5
3 5
0 5
0 5
1 5
0 5
3 5
0 5
3 5
0 5
0 4
0 5
0 5
0 5
0 5
0 5
1 4
0 5
2 4
3 5
3 5
0 5
18 5
2 4
1 5
0 5
0 5
0 5
1 5
11 4
0 5
1 5
0 5
4 5
0 5
1 5
0 5
0 5
2 5
0 5
1 5
0 5
0 5
1 5
1 5
1 5
2 5
0 5
1 5
2 5
2 5
0 5
1 5
0 5
0 5
0 5
1 4
2 5
18 4
0 3
2 5
50 5
1 5
1 5
0 5
1 5
0 5
0 4
0 5
0 5
4 5
1 5
4 5
0 5
1 4
0 5
3 5
10 2
0 4
2 4
1 5
2 3
1 5
1 5
0 4
0 5
2 5
0 5
0 5
1 5
4 5
1 5
2 5
0 5
0 4
1 5
0 5
0 5
2 5
1 5
0 5
1 5
1 5
0 5
0 4
0 5
2 5
0 5
96 5
0 5
4 2
8 5
2 5
3 5
1 5
5 2
1 5
1 5
0 5
3 1
1 5
0 5
0 5
1 5
7 1
0 5
