3	5	3	1
3	2	9	0.333333
2	5	2	1
2	5	3	0.666667
2	5	2	1
1	5	1	1
1	5	1	1
0	5	0	0
0	5	0	0
0	5	0	0
0	5	1	0
1	5	1	1
1	5	2	0.5
2	5	2	1
1	5	1	1
1	5	1	1
1	5	1	1
1	5	1	1
0	5	0	0
0	5	1	0
1	5	1	1
0	5	1	0
1	5	1	1
0	5	1	0
4	4	7	0.571429
1	5	1	1
1	5	1	1
1	5	1	1
0	5	1	0
1	5	1	1
2	5	2	1
1	4	2	0.5
1	5	1	1
1	5	1	1
1	5	1	1
2	4	3	0.666667
3	5	3	1
2	4	2	1
1	4	1	1
1	5	1	1
1	5	1	1
1	3	2	0.5
1	5	1	1
2	5	2	1
3	5	3	1
2	4	2	1
2	5	3	0.666667
2	5	2	1
0	5	0	0
0	5	0	0
0	4	0	0
0	5	0	0
6	3	6	1
0	5	1	0
2	5	2	1
1	5	1	1
0	5	0	0
4	3	4	1
2	5	2	1
3	5	3	1
1	5	1	1
1	5	1	1
3	4	3	1
2	5	2	1
12	2	15	0.8
2	5	3	0.666667
14	2	17	0.823529
1	5	1	1
1	4	1	1
1	5	1	1
2	5	3	0.666667
7	5	7	1
87	4	88	0.988636
1	5	1	1
1	5	1	1
0	5	0	0
2	5	2	1
2	5	2	1
1	5	1	1
1	5	1	1
0	5	0	0
2	5	2	1
3	1	14	0.214286
1	5	1	1
1	4	1	1
1	5	1	1
1	5	1	1
3	5	3	1
1	5	1	1
1	5	1	1
2	5	2	1
1	3	2	0.5
2	5	2	1
3	5	3	1
1	4	2	0.5
2	5	2	1
2	5	2	1
2	5	2	1
2	5	2	1
1	5	1	1
1	4	4	0.25
1	5	1	1
1	5	1	1
2	4	2	1
1	5	1	1
1	5	1	1
2	5	2	1
1	5	1	1
1	5	1	1
1	3	2	0.5
1	5	1	1
1	5	1	1
1	5	1	1
1	5	1	1
2	5	2	1
1	4	1	1
1	5	1	1
2	5	3	0.666667
2	5	3	0.666667
2	5	3	0.666667
2	5	2	1
1	5	1	1
1	5	1	1
1	5	2	0.5
2	5	2	1
2	5	2	1
2	5	2	1
1	3	2	0.5
2	5	2	1
2	5	2	1
2	5	3	0.666667
2	5	3	0.666667
8	1	15	0.533333
2	5	3	0.666667
2	5	2	1
1	5	1	1
2	5	2	1
2	5	2	1
1	5	1	1
1	3	4	0.25
2	5	2	1
1	4	1	1
1	5	1	1
1	5	1	1
1	4	1	1
2	2	8	0.25
1	5	1	1
2	5	2	1
1	5	1	1
4	5	4	1
1	5	3	0.333333
1	5	1	1
2	3	3	0.666667
2	5	4	0.5
2	5	2	1
1	5	1	1
1	5	1	1
1	5	1	1
2	5	2	1
1	5	1	1
2	5	2	1
1	5	1	1
4	5	4	1
1	5	1	1
1	5	2	0.5
1	5	2	0.5
0	5	0	0
1	5	1	1
0	5	0	0
0	5	0	0
1	5	1	1
1	5	1	1
1	5	2	0.5
1	5	1	1
1	5	1	1
1	5	1	1
1	5	1	1
1	5	1	1
1	5	1	1
1	5	2	0.5
1	5	1	1
3	2	5	0.6
0	5	0	0
4	5	4	1
3	2	4	0.75
0	5	0	0
0	4	0	0
10	1	18	0.555556
1	4	1	1
2	3	2	1
0	5	0	0
1	5	1	1
1	5	1	1
0	5	0	0
2	1	13	0.153846
0	5	0	0
1	5	1	1
1	5	1	1
1	5	1	1
1	5	1	1
1	5	1	1
0	5	0	0
1	5	1	1
1	4	1	1
1	5	1	1
1	5	1	1
1	5	1	1
1	5	1	1
0	5	0	0
0	5	0	0
0	4	0	0
0	5	0	0
2	5	2	1
1	5	1	1
0	5	0	0
0	4	0	0
0	5	0	0
0	5	0	0
0	4	0	0
0	5	0	0
1	5	2	0.5
8	5	11	0.727273
1	5	1	1
0	4	1	0
0	4	1	0
7	1	18	0.388889
0	5	0	0
0	5	0	0
0	5	0	0
0	5	0	0
0	5	0	0
0	5	0	0
0	4	0	0
1	5	1	1
0	5	0	0
0	4	0	0
0	5	0	0
0	5	0	0
0	5	0	0
0	5	0	0
0	5	0	0
0	5	0	0
0	5	0	0
0	5	0	0
0	5	0	0
6	2	10	0.6
0	5	0	0
0	5	0	0
0	5	0	0
6	3	6	1
0	5	0	0
0	5	0	0
0	4	0	0
0	5	0	0
1	5	1	1
1	5	1	1
0	5	0	0
0	5	0	0
0	5	0	0
0	5	0	0
3	1	8	0.375
0	5	0	0
0	4	0	0
1	5	1	1
0	4	0	0
0	5	0	0
0	5	0	0
0	5	1	0
0	3	0	0
0	5	0	0
2	5	2	1
2	5	2	1
0	4	0	0
4	5	4	1
0	4	1	0
0	5	0	0
0	5	0	0
0	5	0	0
0	5	0	0
0	5	0	0
0	5	0	0
0	5	0	0
0	5	0	0
0	5	0	0
0	3	0	0
0	5	0	0
0	5	0	0
0	5	0	0
0	5	0	0
0	5	0	0
0	5	0	0
0	5	0	0
3	5	3	1
1	5	1	1
1	5	1	1
0	5	0	0
40	1	53	0.754717
0	4	0	0
0	4	0	0
0	5	0	0
0	4	0	0
0	5	0	0
0	5	0	0
0	5	0	0
0	5	0	0
0	5	0	0
0	5	0	0
0	5	0	0
0	5	0	0
0	5	0	0
0	5	0	0
0	5	0	0
0	5	0	0
1	4	1	1
0	5	0	0
0	5	0	0
0	5	0	0
0	5	0	0
0	5	0	0
0	5	0	0
0	5	0	0
0	4	0	0
0	5	0	0
0	3	2	0
1	5	1	1
1	3	2	0.5
1	5	1	1
4	5	4	1
3	5	4	0.75
1	5	1	1
0	5	0	0
0	5	0	0
1	5	1	1
1	5	1	1
0	5	0	0
0	5	0	0
1	5	1	1
0	5	0	0
0	4	0	0
0	5	0	0
0	5	0	0
0	5	0	0
0	4	0	0
0	5	0	0
0	5	2	0
0	5	0	0
0	4	0	0
2	3	3	0.666667
0	5	0	0
0	5	0	0
0	3	0	0
0	5	0	0
3	4	5	0.6
0	3	0	0
0	5	0	0
7	5	9	0.777778
1	5	1	1
0	5	0	0
0	5	0	0
0	4	0	0
0	5	0	0
0	5	0	0
0	5	0	0
1	5	1	1
0	5	0	0
0	5	0	0
2	5	2	1
0	5	0	0
0	5	0	0
0	5	0	0
0	4	0	0
1	5	1	1
0	5	0	0
4	3	4	1
3	5	3	1
1	5	1	1
1	5	1	1
0	5	0	0
0	5	0	0
0	5	0	0
0	4	0	0
0	4	0	0
1	5	2	0.5
0	5	0	0
2	5	2	1
2	5	2	1
2	5	2	1
0	4	0	0
0	5	0	0
1	5	1	1
0	5	0	0
0	5	0	0
1	5	1	1
0	5	0	0
0	5	0	0
0	5	0	0
0	4	0	0
0	5	0	0
0	5	0	0
0	4	0	0
0	5	0	0
0	5	0	0
0	5	0	0
2	5	2	1
1	5	1	1
0	5	0	0
0	4	0	0
1	5	1	1
4	5	4	1
1	5	1	1
1	5	1	1
0	3	0	0
4	4	4	1
1	5	1	1
1	5	1	1
0	5	0	0
1	5	1	1
0	5	0	0
0	5	0	0
0	5	0	0
0	5	0	0
0	5	0	0
0	5	0	0
0	5	0	0
0	5	1	0
0	5	0	0
0	5	0	0
0	5	0	0
0	4	0	0
0	5	0	0
0	5	0	0
20	1	27	0.740741
2	5	2	1
0	5	0	0
0	5	0	0
2	5	2	1
2	5	2	1
1	5	1	1
0	5	0	0
0	5	0	0
2	4	2	1
0	5	0	0
0	5	0	0
1	4	3	0.333333
0	5	0	0
0	5	0	0
16	1	25	0.64
0	5	0	0
0	5	0	0
0	5	0	0
0	5	0	0
0	5	0	0
0	5	0	0
0	5	0	0
0	5	0	0
0	5	0	0
1	5	1	1
0	5	0	0
0	5	0	0
23	1	31	0.741935
0	5	0	0
1	5	1	1
0	5	0	0
0	5	0	0
0	5	0	0
8	2	10	0.8
0	5	0	0
0	5	0	0
1	5	1	1
0	5	0	0
0	5	0	0
0	5	0	0
0	5	0	0
0	5	0	0
3	5	3	1
1	5	1	1
0	5	2	0
0	4	0	0
0	5	0	0
1	5	1	1
0	5	0	0
0	5	0	0
0	5	0	0
0	5	0	0
0	5	0	0
0	5	0	0
1	5	1	1
0	5	0	0
0	5	0	0
0	5	0	0
0	5	0	0
0	5	0	0
0	5	0	0
4	5	4	1
0	5	0	0
1	5	1	1
0	5	0	0
0	4	1	0
2	5	3	0.666667
0	5	0	0
0	5	0	0
0	5	0	0
1	5	1	1
0	5	0	0
0	5	1	0
0	5	0	0
0	5	0	0
0	5	1	0
3	5	6	0.5
2	4	2	1
1	5	1	1
2	5	2	1
0	5	0	0
0	5	0	0
0	5	0	0
1	5	1	1
0	5	1	0
1	5	1	1
0	5	0	0
0	5	1	0
0	5	1	0
0	5	0	0
0	5	0	0
0	5	1	0
0	5	0	0
1	5	2	0.5
0	5	0	0
0	5	0	0
5	2	9	0.555556
0	5	0	0
1	5	1	1
0	5	0	0
1	5	1	1
3	5	3	1
2	5	2	1
0	5	0	0
0	5	0	0
0	5	0	0
0	5	0	0
0	5	0	0
0	5	0	0
1	5	1	1
2	5	2	1
0	5	0	0
0	4	0	0
9	5	10	0.9
0	5	0	0
0	5	0	0
1	5	1	1
0	5	0	0
0	5	0	0
6	5	6	1
0	5	0	0
3	5	3	1
0	5	0	0
0	5	0	0
0	5	0	0
0	4	0	0
0	4	0	0
0	4	0	0
0	4	1	0
0	5	0	0
4	4	6	0.666667
0	4	0	0
0	5	0	0
1	4	1	1
1	5	1	1
0	5	3	0
0	5	0	0
2	5	2	1
0	5	0	0
1	5	1	1
1	5	1	1
1	5	1	1
0	5	0	0
0	5	0	0
1	4	1	1
0	4	0	0
0	5	0	0
0	5	0	0
1	5	1	1
2	5	2	1
0	4	0	0
3	4	3	1
0	5	0	0
2	5	2	1
0	5	1	0
0	5	0	0
0	5	0	0
1	5	1	1
0	5	2	0
2	5	2	1
0	5	0	0
0	5	0	0
1	5	1	1
2	5	2	1
1	5	1	1
2	5	2	1
0	5	0	0
2	5	2	1
1	5	1	1
0	5	0	0
2	5	2	1
0	5	0	0
4	3	8	0.5
3	5	3	1
0	5	0	0
1	5	1	1
1	5	1	1
1	5	1	1
0	5	0	0
0	5	0	0
0	5	0	0
1	4	1	1
0	5	0	0
0	5	0	0
3	5	4	0.75
0	5	0	0
0	5	1	0
1	5	1	1
1	5	1	1
3	5	3	1
0	5	0	0
0	5	0	0
1	5	1	1
0	5	0	0
3	5	3	1
0	5	0	0
3	5	3	1
0	5	0	0
0	4	0	0
0	5	0	0
0	5	3	0
0	5	0	0
0	5	0	0
0	5	0	0
1	4	1	1
0	5	0	0
2	4	2	1
3	5	3	1
3	5	3	1
0	5	0	0
18	5	18	1
2	4	2	1
1	5	1	1
0	5	0	0
0	5	0	0
0	5	0	0
1	5	1	1
11	4	12	0.916667
0	5	0	0
1	5	1	1
0	5	0	0
4	5	4	1
0	5	0	0
1	5	1	1
0	5	0	0
0	5	0	0
2	5	2	1
0	5	0	0
1	5	1	1
0	5	0	0
0	5	1	0
1	5	1	1
1	5	1	1
1	5	1	1
2	5	2	1
0	5	0	0
1	5	1	1
2	5	2	1
2	5	2	1
0	5	0	0
1	5	1	1
0	5	0	0
0	5	0	0
0	5	0	0
1	4	1	1
2	5	2	1
18	4	20	0.9
0	3	0	0
2	5	2	1
50	5	54	0.925926
1	5	1	1
1	5	2	0.5
0	5	1	0
1	5	1	1
0	5	0	0
0	4	1	0
0	5	0	0
0	5	0	0
4	5	4	1
1	5	1	1
4	5	4	1
0	5	0	0
1	4	1	1
0	5	0	0
3	5	3	1
10	2	13	0.769231
0	4	0	0
2	4	2	1
1	5	1	1
2	3	2	1
1	5	1	1
1	5	1	1
0	4	1	0
0	5	0	0
2	5	2	1
0	5	0	0
0	5	0	0
1	5	1	1
4	5	4	1
1	5	1	1
2	5	2	1
0	5	0	0
0	4	0	0
1	5	1	1
0	5	0	0
0	5	0	0
2	5	2	1
1	5	1	1
0	5	0	0
1	5	1	1
1	5	1	1
0	5	0	0
0	4	0	0
0	5	0	0
2	5	2	1
0	5	0	0
96	5	102	0.941176
0	5	0	0
4	2	6	0.666667
8	5	9	0.888889
2	5	2	1
3	5	3	1
1	5	1	1
5	2	8	0.625
1	5	2	0.5
1	5	1	1
0	5	0	0
3	1	9	0.333333
1	5	2	0.5
0	5	0	0
0	5	1	0
1	5	1	1
7	1	14	0.5
0	5	0	0
