31 1
0 5
4 2
0 5
0 4
1 5
7 2
2 3
18 1
3 3
8 1
0 5
37 1
2 3
0 5
1 3
0 4
1 3
0 5
0 4
0 5
0 4
1 5
0 3
15 2
0 5
11 2
0 5
1 3
22 1
1 4
4 4
3 3
4 2
1 4
11 2
0 5
0 5
0 5
0 5
4 2
1 5
0 5
4 4
0 5
0 3
1 3
4 1
1 5
0 5
0 4
4 5
1 4
2 4
0 4
1 5
3 5
0 5
1 5
7 1
0 5
0 5
1 3
14 1
2 2
0 3
7 2
1 4
2 4
2 5
12 1
3 2
0 5
5 2
0 5
3 5
3 5
0 4
1 4
0 5
0 4
0 5
2 3
0 5
1 4
2 5
4 3
7 2
2 3
2 4
4 5
1 5
1 5
1 4
3 3
5 5
0 3
2 3
2 5
0 4
2 3
2 4
0 5
3 5
0 5
17 2
2 3
3 3
1 5
4 2
2 4
1 5
1 5
2 3
9 1
2 4
9 1
3 3
3 4
0 4
0 5
1 5
0 5
0 5
0 4
1 5
5 1
3 3
1 5
1 4
0 5
0 5
1 4
0 5
1 4
2 4
1 5
1 4
0 4
1 5
0 5
0 4
0 4
0 5
1 5
2 5
4 3
0 5
0 4
1 5
0 2
3 4
1 5
23 1
9 1
0 5
6 3
0 4
1 4
6 2
4 3
3 5
6 5
4 2
1 4
0 5
0 5
5 2
0 5
0 4
1 5
8 2
1 3
0 5
0 4
1 3
0 5
0 5
1 5
2 2
41 1
73 1
21 2
3 3
1 4
0 4
3 5
0 5
1 4
2 5
2 5
1 5
3 4
1 4
0 5
0 5
0 5
0 5
15 1
3 5
2 5
1 4
2 5
1 5
0 3
0 4
5 4
1 4
3 3
0 5
1 5
1 5
0 5
1 4
0 5
1 5
1 5
2 2
4 3
2 5
1 4
6 1
0 3
1 4
1 3
0 5
1 5
1 2
1 3
4 2
0 5
1 4
1 3
0 4
0 4
34 1
3 2
0 4
4 3
1 3
5 1
5 2
0 5
0 4
0 3
13 1
1 3
1 5
1 5
0 4
7 1
2 5
1 5
2 3
0 5
0 4
1 4
3 2
2 3
0 5
0 5
2 3
0 5
11 1
0 5
1 4
3 5
1 4
2 5
0 3
5 2
0 4
3 5
1 3
8 2
6 2
1 4
0 5
0 5
1 5
0 3
1 4
0 5
1 3
3 4
0 4
6 2
0 4
3 4
3 5
0 5
2 5
0 4
0 5
0 5
0 5
2 5
17 1
1 5
49 1
2 5
10 4
2 5
1 4
1 5
3 5
3 5
1 3
2 5
0 5
0 4
2 5
1 4
2 5
7 1
0 5
16 2
0 5
4 1
2 4
6 1
4 3
0 4
1 4
1 4
3 5
1 5
2 3
4 2
25 1
6 2
0 5
1 4
3 5
0 4
6 1
2 5
6 1
1 5
3 3
1 5
5 2
0 5
0 5
1 5
0 5
0 2
0 5
2 2
1 3
1 4
1 5
1 5
1 5
8 2
0 3
0 3
1 5
4 5
2 4
4 1
1 5
0 5
1 2
2 3
1 5
3 4
2 5
0 5
0 4
1 4
0 3
3 5
0 5
0 5
9 2
1 5
0 5
10 1
10 5
3 3
1 5
0 4
1 5
9 1
0 5
5 2
22 1
1 5
6 2
0 5
2 3
2 5
1 5
3 4
16 2
0 4
1 4
1 5
2 4
5 5
3 2
2 3
0 4
5 3
1 4
0 4
0 5
1 5
1 5
0 5
0 5
0 4
0 4
2 4
0 5
20 1
5 2
2 5
3 5
1 5
0 5
10 2
21 2
1 5
0 5
0 4
0 5
0 4
17 1
1 5
1 5
0 4
0 3
1 4
0 5
6 1
1 5
2 2
2 4
0 4
13 1
0 4
1 3
0 3
1 3
0 4
0 5
2 2
7 1
0 5
0 5
0 4
3 2
0 4
2 4
0 5
2 4
3 5
1 4
3 1
2 5
26 3
19 1
12 2
1 4
1 4
1 5
2 5
0 4
1 4
2 4
1 5
7 2
5 2
4 3
0 4
1 4
1 5
13 2
2 3
0 5
1 5
0 4
3 4
4 3
0 4
0 4
0 4
0 5
0 5
3 5
1 3
12 1
1 5
2 3
1 5
0 5
1 5
5 3
0 5
2 4
0 4
4 5
10 1
3 4
2 5
16 1
15 1
5 3
2 5
2 4
1 5
1 4
3 5
5 5
8 3
1 5
0 3
1 5
29 1
3 4
1 4
4 2
3 5
10 1
2 4
18 1
3 5
10 2
6 3
1 3
2 4
4 4
3 5
1 4
0 3
3 4
0 3
1 5
1 3
0 5
5 4
2 3
2 4
0 4
4 2
11 1
0 5
1 5
0 4
3 5
0 5
1 4
1 5
9 1
6 3
6 1
2 5
14 3
2 5
0 5
0 5
0 5
0 4
1 3
3 4
1 5
0 4
0 3
1 4
5 4
0 4
0 5
1 3
1 4
0 5
1 5
0 5
4 2
1 4
1 5
0 5
3 2
0 4
0 5
0 5
3 4
1 5
6 2
5 1
1 3
1 4
1 4
0 2
8 1
1 5
1 4
2 5
1 4
5 1
0 5
0 3
0 3
0 4
3 3
0 3
1 3
1 5
0 5
2 3
0 3
3 3
1 4
6 5
2 2
29 3
0 5
1 3
0 5
5 5
0 5
3 4
0 3
2 5
12 2
1 5
1 5
16 1
9 5
3 4
0 4
4 4
0 2
2 4
3 5
1 3
2 4
0 2
1 4
2 3
1 5
1 3
2 5
1 5
1 4
2 4
2 2
2 5
1 3
4 3
4 5
1 5
3 4
1 3
0 5
0 3
1 3
2 4
4 4
1 5
0 3
2 4
0 5
1 2
1 5
1 4
0 5
2 3
0 3
8 2
0 5
1 4
2 2
4 3
7 5
3 2
7 3
1 5
4 5
0 5
19 1
0 4
1 4
1 5
0 4
0 4
4 4
4 2
1 3
7 1
11 1
1 4
3 5
78 1
3 1
0 5
10 2
0 4
3 4
0 3
2 4
1 4
2 4
2 4
2 1
1 3
1 2
0 3
0 2
11 4
1 4
2 5
2 5
2 5
2 4
0 2
2 5
8 1
2 4
0 3
1 5
7 1
3 4
2 5
3 5
0 4
0 5
1 5
5 2
2 4
5 4
0 5
3 1
3 1
2 5
2 5
3 1
1 4
6 2
9 1
5 1
27 5
3 5
4 5
2 4
0 3
0 4
0 3
0 4
0 5
0 5
2 3
1 3
3 1
1 1
8 1
7 1
0 5
3 1
6 5
0 5
2 4
0 4
0 4
3 1
5 5
4 2
2 1
6 1
3 1
4 2
13 1
0 3
4 5
2 4
0 3
0 5
1 4
2 5
2 2
2 3
1 2
2 1
1 4
0 2
1 5
1 3
1 4
1 5
2 5
0 5
2 5
5 2
1 5
2 3
0 2
2 4
1 5
1 5
1 1
0 5
3 5
2 5
7 1
2 2
3 2
2 4
1 4
15 5
1 4
1 5
2 5
7 5
0 5
2 3
0 5
0 5
0 5
3 3
0 4
0 5
0 5
1 5
0 3
2 5
0 5
0 5
5 5
2 5
0 5
0 5
1 4
0 4
7 1
1 4
15 5
0 5
2 4
0 5
1 4
1 5
0 4
4 2
0 3
6 1
15 1
0 5
0 3
1 4
0 4
1 5
0 5
0 5
2 3
0 5
0 5
2 5
2 5
1 4
1 3
4 5
2 4
1 4
0 5
5 1
1 1
0 5
5 3
0 5
7 1
2 3
0 5
0 3
0 3
1 3
0 5
1 5
0 5
0 5
0 2
0 4
0 5
0 5
0 5
1 5
0 3
1 3
0 3
0 5
1 3
2 4
0 4
1 5
0 5
1 4
25 1
3 1
1 5
0 4
2 1
2 4
1 3
1 5
3 3
1 5
1 5
1 5
2 4
3 4
0 4
1 5
4 5
2 5
5 2
1 5
68 5
0 4
0 5
0 4
5 3
2 1
0 5
1 4
2 4
5 1
9 1
1 5
0 5
4 3
0 5
4 5
5 1
2 5
1 4
4 3
1 5
3 3
2 2
0 5
0 5
1 4
1 5
3 2
2 3
2 5
0 3
1 4
2 3
2 5
0 5
1 5
0 3
0 4
6 1
0 5
3 5
3 5
3 5
56 4
1 3
4 5
0 5
0 5
0 5
2 3
1 3
4 5
2 4
1 5
2 4
0 5
1 3
1 3
1 4
1 5
1 4
0 5
0 5
6 1
0 5
1 5
0 5
0 5
1 5
2 4
2 3
0 5
6 2
14 1
8 5
1 5
5 3
1 5
5 4
2 5
2 5
3 4
5 1
3 5
1 5
2 5
1 5
1 3
3 4
2 2
1 5
2 5
17 1
7 2
159 1
0 4
5 5
16 1
4 3
8 1
0 5
3 5
14 4
4 5
2 4
3 5
3 1
2 4
0 5
2 4
13 4
3 5
0 5
23 4
4 5
1 3
2 4
3 3
12 1
6 4
4 3
1 4
1 5
1 4
2 5
3 5
0 5
0 5
1 4
0 5
0 5
3 3
7 1
1 5
7 2
2 4
0 3
19 4
5 3
4 3
7 2
0 5
0 5
4 3
1 3
2 4
1 4
0 5
0 5
2 3
1 5
1 5
3 3
2 5
0 3
4 2
6 1
1 3
0 5
2 5
0 5
3 4
3 3
10 3
3 2
2 3
0 5
0 5
2 3
0 5
1 5
4 3
1 3
1 5
0 5
0 4
4 1
2 3
0 5
3 2
2 5
1 5
1 2
1 1
1 5
2 1
3 1
5 1
0 5
0 4
3 5
0 3
4 4
0 5
8 5
8 5
6 2
0 5
0 5
3 4
1 4
3 3
2 4
0 5
1 5
5 2
2 2
2 5
0 5
1 4
0 4
0 5
3 5
5 3
4 2
2 4
0 3
1 5
2 3
0 4
3 5
0 4
2 5
2 5
4 4
0 4
3 3
0 5
0 3
0 4
3 5
10 5
0 5
18 1
319 5
5 3
1 3
0 3
17 4
2 4
1 3
5 5
4 3
11 5
19 4
16 5
7 2
2 5
4 5
141 5
126 5
7 1
0 5
3 4
1 2
2 5
8 5
2 5
0 2
2 4
5 3
5 5
3 5
4 5
5 5
3 5
0 5
1 4
0 5
0 5
2 3
4 4
0 5
1 5
1 4
0 5
1 4
6 1
0 5
0 5
4 2
12 1
1 5
8 3
0 2
