0 5
8 1
11 1
2 5
8 1
1 5
3 3
5 5
12 1
4 5
3 5
10 1
4 5
4 5
4 5
1 5
12 3
2 5
2 4
7 2
1 5
3 5
3 5
3 5
9 3
27 1
9 3
1 5
1 5
4 5
10 1
2 4
16 2
7 4
3 5
10 1
8 1
1 5
1 5
1 4
2 5
1 5
5 5
12 1
12 1
14 1
1 5
4 5
1 4
15 1
1 5
0 5
2 5
12 2
8 2
7 3
2 5
1 4
10 1
22 1
2 4
2 5
1 5
2 5
4 4
8 1
2 3
11 1
2 5
4 4
30 1
2 5
1 5
1 5
1 5
2 5
0 5
0 5
5 3
9 2
15 2
13 1
0 5
0 5
12 1
6 2
0 5
1 4
3 5
9 1
4 5
1 5
0 5
0 5
0 4
4 3
0 5
0 5
0 5
1 5
1 5
2 5
1 5
0 5
0 5
0 5
1 5
3 2
6 1
2 5
10 1
12 1
4 5
14 1
1 5
0 5
0 5
2 5
23 1
2 4
1 5
6 2
3 5
1 5
48 1
90 1
6 5
1 5
0 5
2 5
14 1
1 4
0 5
0 5
8 2
4 4
7 1
7 2
2 5
1 5
3 5
11 2
1 5
4 5
3 3
15 1
1 3
2 5
0 5
72 3
0 5
15 2
1 5
11 1
6 1
3 1
15 1
0 5
10 1
1 4
5 2
0 4
7 2
0 4
5 2
1 4
2 4
1 5
6 3
1 5
1 5
7 2
0 4
1 5
0 5
6 3
0 4
6 1
3 5
0 5
1 5
0 5
17 1
0 4
3 4
0 4
1 5
0 5
8 1
15 1
0 4
0 5
0 4
96 1
5 2
4 5
3 3
0 5
1 5
10 1
24 1
1 5
2 3
1 5
0 5
0 4
15 1
0 5
26 2
1 1
3 3
9 1
1 4
1 5
1 5
0 5
10 1
1 5
1 4
7 1
13 1
4 5
9 1
3 5
8 1
1 5
18 1
0 5
24 1
15 1
12 1
1 5
13 1
0 5
0 5
0 5
1 5
0 5
0 5
25 3
0 5
0 5
1 5
9 1
1 5
0 5
0 5
17 1
7 4
3 4
1 5
16 1
0 4
1 3
8 1
4 5
3 4
2 5
3 5
3 4
1 4
13 1
2 4
9 2
10 2
6 5
1 4
1 4
80 1
0 4
0 5
0 5
0 5
0 5
1 3
12 1
1 5
2 5
1 5
1 4
2 5
6 3
0 5
0 5
2 2
1 3
0 4
0 5
0 5
6 2
6 1
0 4
20 1
10 1
2 4
5 4
1 5
24 5
0 5
2 3
10 1
23 1
12 1
3 5
0 5
1 5
17 1
5 2
0 5
2 4
3 2
10 1
0 4
0 5
5 1
1 5
1 5
0 4
1 5
3 5
8 2
6 3
11 1
0 5
1 5
0 5
0 5
2 5
2 5
11 1
6 4
15 1
13 1
3 5
2 5
2 5
1 5
3 5
4 4
3 3
1 5
1 4
6 1
2 5
2 5
12 2
2 4
2 5
11 1
1 2
8 1
3 3
1 4
5 2
2 5
3 5
0 5
0 4
0 5
6 1
1 5
0 5
1 5
9 1
0 5
0 5
7 1
0 5
3 5
1 2
0 4
0 5
0 4
1 5
4 2
1 5
3 4
5 5
6 5
1 5
1 5
23 1
0 3
3 5
1 5
0 5
7 1
1 5
4 2
3 5
0 4
4 2
1 2
1 4
1 4
6 5
0 4
3 5
6 5
1 4
7 2
4 5
4 4
2 5
9 1
0 5
9 5
11 1
4 5
1 5
2 5
0 5
1 5
2 5
0 5
8 1
3 5
8 1
3 5
3 5
16 1
1 5
10 1
2 5
3 5
0 4
0 5
2 5
5 3
1 5
0 5
0 5
0 5
0 3
0 2
5 2
0 5
0 5
0 5
0 5
0 5
0 5
1 2
0 5
1 5
8 1
0 5
1 5
12 5
0 5
2 5
1 5
6 2
2 5
2 5
7 1
0 5
3 5
4 5
6 1
2 4
1 4
2 4
0 5
5 5
11 1
1 5
1 5
0 5
1 4
0 4
2 5
13 1
0 5
1 5
2 5
0 5
1 4
0 4
1 4
4 5
0 5
0 5
0 2
0 4
0 5
1 5
0 5
1 5
0 5
2 5
1 5
0 4
1 5
1 4
0 5
1 2
0 5
2 5
6 3
2 3
1 4
2 5
11 4
10 1
3 5
1 5
1 5
9 1
3 3
2 4
1 5
5 1
0 5
0 5
9 5
1 5
1 5
1 5
2 5
1 5
0 5
24 5
1 5
5 1
2 5
1 5
1 5
2 3
2 5
2 5
6 3
0 5
26 5
0 5
0 5
40 5
3 5
1 4
7 2
1 5
5 1
6 1
3 5
1 5
2 5
6 1
1 1
2 5
12 3
0 5
2 5
1 3
0 5
3 5
2 4
4 2
4 5
0 5
10 5
3 5
1 4
3 4
2 5
14 5
0 5
6 5
6 5
21 2
0 5
7 5
0 3
2 5
6 1
1 5
0 5
8 1
1 5
19 5
0 5
0 5
12 5
15 1
4 2
0 5
282 5
16 5
2 4
4 5
3 5
0 5
4 5
6 1
0 5
2 2
1 3
0 5
2 1
0 5
0 5
0 5
40 4
0 5
1 5
7 1
7 5
7 5
10 1
2 3
1 3
32 3
0 5
0 5
0 5
0 5
1 5
0 3
0 5
0 5
0 5
0 5
2 1
0 3
0 5
4 1
0 5
0 5
0 5
0 4
0 5
4 1
0 5
0 5
1 2
0 4
0 5
0 5
0 3
0 5
0 5
0 4
0 5
0 5
4 3
0 5
0 5
0 5
0 5
0 5
0 5
0 2
0 4
0 5
0 5
0 5
2 1
1 5
0 5
0 5
0 5
4 1
6 5
0 2
2 3
0 5
7 5
0 5
0 5
0 5
0 5
0 3
0 5
1 2
0 4
0 5
0 5
6 1
1 2
