3 5
1 5
0 5
0 5
0 4
0 5
1 3
2 4
2 5
2 3
3 4
2 5
0 5
1 4
11 1
1 5
0 5
1 5
2 2
3 1
1 5
1 5
1 5
0 4
0 4
1 5
3 5
3 5
2 5
1 5
3 3
1 5
0 5
0 5
0 5
0 4
1 5
0 5
0 4
1 5
0 4
1 4
0 5
0 5
0 4
0 5
0 5
1 5
1 5
1 5
3 5
6 5
0 5
0 4
0 4
3 5
0 5
0 5
2 4
1 5
1 5
1 5
0 5
3 4
0 4
0 5
2 5
0 4
0 5
1 5
0 4
0 5
0 5
0 4
1 4
0 5
0 5
0 5
1 5
0 5
0 5
0 5
4 3
1 5
0 5
29 2
3 4
0 4
16 3
0 5
0 5
0 4
0 5
1 5
0 5
0 5
2 5
4 2
1 4
0 5
1 4
0 5
0 5
0 5
0 5
0 5
2 3
1 2
1 5
3 5
8 2
1 5
1 5
0 3
0 5
0 5
1 5
9 1
1 4
2 5
0 5
6 2
1 5
0 5
15 1
0 5
2 4
0 4
6 1
0 4
1 5
0 5
1 4
0 5
1 5
11 1
2 4
1 5
0 5
9 1
7 3
0 5
25 1
6 1
1 5
2 5
2 5
4 5
1 5
1 4
3 2
0 5
0 4
0 5
0 5
0 5
0 4
0 4
0 4
0 4
0 4
0 5
1 5
1 5
0 5
21 2
1 5
0 5
0 4
0 5
0 5
1 5
0 5
0 4
0 5
0 4
3 1
0 3
0 5
0 4
0 5
0 5
0 5
0 5
0 5
0 4
0 5
0 5
0 5
4 2
0 5
0 5
1 5
0 5
5 1
3 5
1 5
0 5
0 5
4 5
2 5
1 5
0 5
3 5
0 5
0 5
0 5
0 5
0 5
0 4
0 5
11 1
1 5
0 5
5 1
1 4
1 5
0 4
3 2
0 5
0 5
1 5
0 5
0 5
0 5
0 5
0 5
12 1
0 4
3 5
2 4
0 5
0 5
1 5
0 5
1 5
0 5
0 4
0 4
0 5
0 5
1 5
0 5
0 5
0 4
1 3
14 2
4 3
0 5
5 1
30 5
0 5
0 5
3 3
0 5
0 5
0 5
0 5
1 5
2 5
1 3
1 5
1 5
8 2
1 5
8 5
0 5
0 5
3 5
0 5
0 5
84 5
0 5
0 5
0 5
0 5
99 4
0 5
1 5
0 5
0 5
0 5
0 5
0 5
0 5
0 5
0 5
0 5
0 4
20 3
0 5
6 4
3 5
1 4
0 4
5 1
0 5
0 4
6 2
1 5
1 5
1 5
2 3
0 5
0 4
0 5
0 5
0 5
0 5
0 5
0 5
0 5
8 1
0 5
1 5
0 5
2 5
0 5
0 5
0 3
1 5
1 4
1 5
0 4
1 5
0 5
3 4
2 5
3 5
1 4
0 4
1 5
1 4
19 1
1 5
0 4
1 5
1 3
1 5
1 5
1 5
0 5
0 5
0 5
0 5
3 5
1 5
0 5
0 5
2 2
1 5
8 5
7 4
0 5
0 5
0 4
0 5
0 5
1 3
0 5
0 5
2 4
0 4
1 5
0 4
0 5
0 5
0 5
0 5
1 5
0 4
2 4
0 5
0 5
5 3
0 5
0 4
2 4
1 5
1 2
0 5
1 5
0 5
0 5
0 5
1 5
3 3
5 2
0 5
0 5
1 5
1 5
7 5
0 5
0 5
3 3
0 5
0 5
0 5
0 5
0 5
1 5
0 5
1 5
0 5
0 5
0 5
1 5
2 5
0 5
0 5
1 4
0 4
1 5
0 5
0 5
0 5
0 4
0 4
0 5
0 5
0 5
2 3
0 5
0 5
0 5
23 2
1 5
7 1
5 5
0 5
1 4
1 2
0 5
0 5
2 5
0 5
0 5
1 3
7 1
13 5
2 5
1 5
0 4
2 4
0 4
1 5
2 5
0 5
0 5
0 5
0 5
0 5
0 4
2 5
1 5
1 4
1 5
0 5
0 5
0 5
0 5
0 5
0 4
0 4
1 5
1 5
1 5
1 5
0 5
0 4
0 5
2 1
0 3
2 5
1 5
0 5
0 5
0 5
0 5
2 5
1 5
5 2
0 5
1 5
0 5
0 5
0 5
1 5
1 5
0 5
1 4
0 5
1 5
0 3
1 5
0 5
0 5
0 5
1 5
0 5
1 5
0 5
0 3
1 5
0 4
0 5
0 5
0 5
0 5
1 5
0 5
0 5
0 4
3 5
11 5
0 5
0 5
0 5
1 5
0 5
0 4
0 5
0 5
0 4
0 5
0 5
3 4
0 5
3 5
0 5
0 5
0 5
0 5
6 1
0 5
0 5
2 3
0 5
1 3
0 5
0 5
0 5
4 1
1 5
0 5
0 5
1 4
0 5
9 5
0 5
0 5
1 5
177 5
0 5
1 5
1 5
0 5
6 5
0 5
0 5
0 5
0 5
1 5
1 5
1 5
0 5
0 5
0 5
0 5
1 2
0 5
0 5
8 1
0 5
8 3
0 5
0 5
0 5
1 5
0 5
0 5
0 5
2 2
1 4
1 5
1 5
0 5
1 5
0 5
0 5
0 5
0 5
1 1
0 3
0 5
0 3
0 5
0 3
0 5
1 4
0 5
0 5
1 5
2 5
1 5
0 5
0 5
0 5
0 5
0 5
3 5
0 5
0 5
0 5
0 4
2 1
0 5
0 5
0 5
0 3
2 5
82 4
0 5
0 5
2 5
2 5
1 4
1 5
2 5
1 5
2 4
0 5
0 5
0 3
0 5
0 5
0 4
2 5
1 5
0 5
0 3
0 5
0 5
0 4
0 5
0 5
2 5
4 5
1 5
0 5
0 5
0 5
1 5
0 5
0 5
0 5
0 5
0 5
0 5
0 4
2 5
0 5
21 5
0 5
0 5
0 5
0 5
0 4
0 5
0 5
0 5
0 5
0 5
0 4
0 4
0 5
0 5
9 1
0 5
0 5
993 5
0 5
2 5
0 5
0 5
1 5
0 5
0 4
0 4
0 4
1 4
0 5
0 5
5 5
0 5
1 4
0 5
0 5
0 4
0 5
1 4
7 4
5 5
1 4
1 4
0 5
0 5
0 5
0 5
0 5
0 4
0 4
0 5
1 5
0 4
1 5
0 5
0 5
0 5
3 3
0 5
1 5
2 5
0 5
3 5
0 4
0 5
0 5
0 5
1 5
2 5
0 5
2 5
2 5
0 5
1 4
11 4
17 5
4 2
3 5
1 5
1 5
0 5
0 5
0 5
1 4
0 5
1 5
2 5
3 5
0 5
2 2
0 5
2 3
1 5
0 5
0 5
0 5
1 5
2 5
2 5
2 4
0 5
0 5
1 5
1 5
1 5
0 5
0 5
1 5
1 5
0 5
4 5
0 5
11 1
0 5
0 5
0 5
3 5
0 5
0 5
1 5
0 5
4 5
5 1
0 4
2 5
9 5
0 5
2 4
0 3
2 4
0 3
4 4
4 4
4 4
2 4
0 5
0 4
198 5
0 4
6 4
0 5
1 4
0 4
4 5
2 5
9 5
2 5
8 5
9 1
2 4
1 5
0 5
0 5
3 1
6 1
0 5
0 5
0 5
0 5
0 5
3 5
0 5
0 5
0 5
0 4
0 5
0 5
1 5
0 5
0 5
0 5
0 5
0 4
0 5
0 5
0 5
0 5
0 4
0 5
0 5
0 3
0 4
0 5
0 5
0 5
0 4
0 5
0 5
0 5
0 5
0 5
1 1
0 5
0 5
0 5
0 5
1 5
0 5
0 3
0 5
0 5
0 4
0 5
1 5
0 5
0 3
