3	5	5	0.6
1	5	2	0.5
0	5	0	0
0	5	0	0
0	4	2	0
0	5	0	0
1	3	2	0.5
2	4	2	1
2	5	2	1
2	3	7	0.285714
3	4	4	0.75
2	5	2	1
0	5	2	0
1	4	2	0.5
11	1	65	0.169231
1	5	1	1
0	5	2	0
1	5	2	0.5
2	2	4	0.5
3	1	10	0.3
1	5	2	0.5
1	5	1	1
1	5	1	1
0	4	0	0
0	4	2	0
1	5	1	1
3	5	3	1
3	5	3	1
2	5	2	1
1	5	1	1
3	3	10	0.3
1	5	2	0.5
0	5	0	0
0	5	1	0
0	5	1	0
0	4	0	0
1	5	1	1
0	5	0	0
0	4	0	0
1	5	1	1
0	4	1	0
1	4	2	0.5
0	5	0	0
0	5	0	0
0	4	0	0
0	5	0	0
0	5	1	0
1	5	2	0.5
1	5	2	0.5
1	5	2	0.5
3	5	4	0.75
6	5	7	0.857143
0	5	0	0
0	4	0	0
0	4	2	0
3	5	3	1
0	5	0	0
0	5	0	0
2	4	2	1
1	5	1	1
1	5	2	0.5
1	5	1	1
0	5	0	0
3	4	9	0.333333
0	4	0	0
0	5	0	0
2	5	2	1
0	4	0	0
0	5	0	0
1	5	1	1
0	4	0	0
0	5	0	0
0	5	0	0
0	4	0	0
1	4	1	1
0	5	0	0
0	5	0	0
0	5	1	0
1	5	1	1
0	5	0	0
0	5	0	0
0	5	0	0
4	3	5	0.8
1	5	2	0.5
0	5	0	0
29	2	38	0.763158
3	4	3	1
0	4	0	0
16	3	20	0.8
0	5	0	0
0	5	1	0
0	4	0	0
0	5	0	0
1	5	1	1
0	5	0	0
0	5	0	0
2	5	2	1
4	2	6	0.666667
1	4	1	1
0	5	0	0
1	4	1	1
0	5	0	0
0	5	0	0
0	5	0	0
0	5	0	0
0	5	0	0
2	3	11	0.181818
1	2	9	0.111111
1	5	2	0.5
3	5	4	0.75
8	2	28	0.285714
1	5	1	1
1	5	1	1
0	3	0	0
0	5	0	0
0	5	0	0
1	5	2	0.5
9	1	28	0.321429
1	4	1	1
2	5	4	0.5
0	5	0	0
6	2	7	0.857143
1	5	1	1
0	5	1	0
15	1	32	0.46875
0	5	0	0
2	4	2	1
0	4	0	0
6	1	22	0.272727
0	4	0	0
1	5	1	1
0	5	2	0
1	4	1	1
0	5	0	0
1	5	1	1
11	1	30	0.366667
2	4	2	1
1	5	1	1
0	5	0	0
9	1	14	0.642857
7	3	10	0.7
0	5	0	0
25	1	40	0.625
6	1	12	0.5
1	5	1	1
2	5	3	0.666667
2	5	3	0.666667
4	5	5	0.8
1	5	1	1
1	4	1	1
3	2	5	0.6
0	5	0	0
0	4	0	0
0	5	0	0
0	5	0	0
0	5	0	0
0	4	0	0
0	4	0	0
0	4	1	0
0	4	1	0
0	4	0	0
0	5	0	0
1	5	1	1
1	5	1	1
0	5	0	0
21	2	28	0.75
1	5	1	1
0	5	0	0
0	4	0	0
0	5	0	0
0	5	0	0
1	5	1	1
0	5	1	0
0	4	3	0
0	5	0	0
0	4	0	0
3	1	16	0.1875
0	3	0	0
0	5	0	0
0	4	0	0
0	5	0	0
0	5	0	0
0	5	3	0
0	5	2	0
0	5	0	0
0	4	2	0
0	5	3	0
0	5	0	0
0	5	0	0
4	2	9	0.444444
0	5	0	0
0	5	0	0
1	5	1	1
0	5	0	0
5	1	15	0.333333
3	5	3	1
1	5	3	0.333333
0	5	1	0
0	5	0	0
4	5	5	0.8
2	5	2	1
1	5	1	1
0	5	0	0
3	5	4	0.75
0	5	0	0
0	5	0	0
0	5	0	0
0	5	1	0
0	5	0	0
0	4	0	0
0	5	0	0
11	1	61	0.180328
1	5	2	0.5
0	5	1	0
5	1	20	0.25
1	4	2	0.5
1	5	2	0.5
0	4	0	0
3	2	5	0.6
0	5	3	0
0	5	1	0
1	5	2	0.5
0	5	0	0
0	5	0	0
0	5	0	0
0	5	0	0
0	5	0	0
12	1	27	0.444444
0	4	1	0
3	5	4	0.75
2	4	3	0.666667
0	5	0	0
0	5	1	0
1	5	1	1
0	5	0	0
1	5	1	1
0	5	0	0
0	4	2	0
0	4	0	0
0	5	0	0
0	5	0	0
1	5	1	1
0	5	0	0
0	5	0	0
0	4	0	0
1	3	1	1
14	2	18	0.777778
4	3	5	0.8
0	5	0	0
5	1	11	0.454545
30	5	39	0.769231
0	5	0	0
0	5	0	0
3	3	5	0.6
0	5	0	0
0	5	1	0
0	5	1	0
0	5	0	0
1	5	1	1
2	5	3	0.666667
1	3	2	0.5
1	5	1	1
1	5	1	1
8	2	9	0.888889
1	5	1	1
8	5	12	0.666667
0	5	0	0
0	5	0	0
3	5	4	0.75
0	5	5	0
0	5	2	0
84	5	112	0.75
0	5	0	0
0	5	0	0
0	5	0	0
0	5	0	0
99	4	132	0.75
0	5	0	0
1	5	2	0.5
0	5	0	0
0	5	0	0
0	5	0	0
0	5	0	0
0	5	0	0
0	5	0	0
0	5	1	0
0	5	0	0
0	5	0	0
0	4	0	0
20	3	50	0.4
0	5	0	0
6	4	7	0.857143
3	5	4	0.75
1	4	1	1
0	4	0	0
5	1	16	0.3125
0	5	0	0
0	4	0	0
6	2	8	0.75
1	5	1	1
1	5	1	1
1	5	1	1
2	3	3	0.666667
0	5	0	0
0	4	1	0
0	5	1	0
0	5	1	0
0	5	2	0
0	5	1	0
0	5	1	0
0	5	2	0
0	5	1	0
8	1	33	0.242424
0	5	0	0
1	5	1	1
0	5	4	0
2	5	3	0.666667
0	5	0	0
0	5	0	0
0	3	6	0
1	5	2	0.5
1	4	2	0.5
1	5	2	0.5
0	4	0	0
1	5	2	0.5
0	5	1	0
3	4	4	0.75
2	5	3	0.666667
3	5	4	0.75
1	4	2	0.5
0	4	0	0
1	5	2	0.5
1	4	2	0.5
19	1	39	0.487179
1	5	2	0.5
0	4	0	0
1	5	2	0.5
1	3	3	0.333333
1	5	2	0.5
1	5	2	0.5
1	5	2	0.5
0	5	1	0
0	5	1	0
0	5	0	0
0	5	1	0
3	5	4	0.75
1	5	2	0.5
0	5	0	0
0	5	2	0
2	2	7	0.285714
1	5	2	0.5
8	5	11	0.727273
7	4	12	0.583333
0	5	2	0
0	5	1	0
0	4	1	0
0	5	1	0
0	5	1	0
1	3	4	0.25
0	5	1	0
0	5	2	0
2	4	4	0.5
0	4	2	0
1	5	3	0.333333
0	4	1	0
0	5	2	0
0	5	2	0
0	5	2	0
0	5	1	0
1	5	2	0.5
0	4	2	0
2	4	3	0.666667
0	5	2	0
0	5	2	0
5	3	6	0.833333
0	5	3	0
0	4	6	0
2	4	4	0.5
1	5	3	0.333333
1	2	6	0.166667
0	5	2	0
1	5	2	0.5
0	5	2	0
0	5	1	0
0	5	2	0
1	5	3	0.333333
3	3	4	0.75
5	2	11	0.454545
0	5	2	0
0	5	3	0
1	5	2	0.5
1	5	4	0.25
7	5	9	0.777778
0	5	2	0
0	5	2	0
3	3	3	1
0	5	4	0
0	5	2	0
0	5	2	0
0	5	0	0
0	5	2	0
1	5	3	0.333333
0	5	0	0
1	5	3	0.333333
0	5	2	0
0	5	1	0
0	5	2	0
1	5	3	0.333333
2	5	3	0.666667
0	5	2	0
0	5	3	0
1	4	2	0.5
0	4	4	0
1	5	3	0.333333
0	5	2	0
0	5	2	0
0	5	1	0
0	4	1	0
0	4	1	0
0	5	2	0
0	5	2	0
0	5	2	0
2	3	3	0.666667
0	5	2	0
0	5	2	0
0	5	2	0
23	2	30	0.766667
1	5	3	0.333333
7	1	16	0.4375
5	5	7	0.714286
0	5	2	0
1	4	2	0.5
1	2	5	0.2
0	5	1	0
0	5	3	0
2	5	4	0.5
0	5	1	0
0	5	1	0
1	3	2	0.5
7	1	16	0.4375
13	5	17	0.764706
2	5	3	0.666667
1	5	3	0.333333
0	4	2	0
2	4	3	0.666667
0	4	0	0
1	5	2	0.5
2	5	2	1
0	5	1	0
0	5	1	0
0	5	1	0
0	5	1	0
0	5	1	0
0	4	1	0
2	5	3	0.666667
1	5	2	0.5
1	4	2	0.5
1	5	2	0.5
0	5	1	0
0	5	1	0
0	5	0	0
0	5	1	0
0	5	1	0
0	4	1	0
0	4	1	0
1	5	2	0.5
1	5	2	0.5
1	5	2	0.5
1	5	2	0.5
0	5	1	0
0	4	1	0
0	5	1	0
2	1	11	0.181818
0	3	4	0
2	5	3	0.666667
1	5	2	0.5
0	5	1	0
0	5	1	0
0	5	1	0
0	5	1	0
2	5	3	0.666667
1	5	2	0.5
5	2	8	0.625
0	5	1	0
1	5	2	0.5
0	5	1	0
0	5	1	0
0	5	1	0
1	5	2	0.5
1	5	2	0.5
0	5	1	0
1	4	2	0.5
0	5	1	0
1	5	1	1
0	3	0	0
1	5	2	0.5
0	5	0	0
0	5	0	0
0	5	0	0
1	5	1	1
0	5	0	0
1	5	1	1
0	5	1	0
0	3	0	0
1	5	2	0.5
0	4	1	0
0	5	0	0
0	5	1	0
0	5	0	0
0	5	0	0
1	5	2	0.5
0	5	0	0
0	5	0	0
0	4	1	0
3	5	4	0.75
11	5	13	0.846154
0	5	1	0
0	5	2	0
0	5	2	0
1	5	2	0.5
0	5	2	0
0	4	1	0
0	5	1	0
0	5	1	0
0	4	1	0
0	5	1	0
0	5	1	0
3	4	6	0.5
0	5	1	0
3	5	4	0.75
0	5	1	0
0	5	1	0
0	5	1	0
0	5	3	0
6	1	23	0.26087
0	5	2	0
0	5	1	0
2	3	3	0.666667
0	5	1	0
1	3	3	0.333333
0	5	1	0
0	5	2	0
0	5	2	0
4	1	13	0.307692
1	5	2	0.5
0	5	1	0
0	5	1	0
1	4	2	0.5
0	5	1	0
9	5	12	0.75
0	5	0	0
0	5	1	0
1	5	2	0.5
177	5	203	0.871921
0	5	1	0
1	5	2	0.5
1	5	2	0.5
0	5	1	0
6	5	9	0.666667
0	5	1	0
0	5	1	0
0	5	1	0
0	5	1	0
1	5	2	0.5
1	5	2	0.5
1	5	2	0.5
0	5	1	0
0	5	1	0
0	5	1	0
0	5	1	0
1	2	5	0.2
0	5	1	0
0	5	1	0
8	1	20	0.4
0	5	1	0
8	3	9	0.888889
0	5	0	0
0	5	0	0
0	5	1	0
1	5	2	0.5
0	5	0	0
0	5	1	0
0	5	2	0
2	2	9	0.222222
1	4	1	1
1	5	2	0.5
1	5	3	0.333333
0	5	1	0
1	5	1	1
0	5	0	0
0	5	0	0
0	5	0	0
0	5	0	0
1	1	12	0.0833333
0	3	1	0
0	5	0	0
0	3	1	0
0	5	0	0
0	3	1	0
0	5	1	0
1	4	1	1
0	5	0	0
0	5	1	0
1	5	1	1
2	5	2	1
1	5	1	1
0	5	0	0
0	5	0	0
0	5	0	0
0	5	0	0
0	5	0	0
3	5	3	1
0	5	0	0
0	5	0	0
0	5	0	0
0	4	0	0
2	1	9	0.222222
0	5	0	0
0	5	0	0
0	5	0	0
0	3	1	0
2	5	3	0.666667
82	4	109	0.752294
0	5	0	0
0	5	0	0
2	5	2	1
2	5	2	1
1	4	1	1
1	5	3	0.333333
2	5	2	1
1	5	1	1
2	4	2	1
0	5	1	0
0	5	0	0
0	3	0	0
0	5	0	0
0	5	0	0
0	4	0	0
2	5	2	1
1	5	2	0.5
0	5	0	0
0	3	0	0
0	5	0	0
0	5	0	0
0	4	0	0
0	5	0	0
0	5	0	0
2	5	2	1
4	5	4	1
1	5	1	1
0	5	1	0
0	5	1	0
0	5	1	0
1	5	2	0.5
0	5	1	0
0	5	1	0
0	5	0	0
0	5	0	0
0	5	0	0
0	5	0	0
0	4	0	0
2	5	2	1
0	5	0	0
21	5	26	0.807692
0	5	0	0
0	5	0	0
0	5	0	0
0	5	0	0
0	4	0	0
0	5	0	0
0	5	0	0
0	5	0	0
0	5	0	0
0	5	0	0
0	4	0	0
0	4	1	0
0	5	0	0
0	5	0	0
9	1	26	0.346154
0	5	0	0
0	5	2	0
993	5	1052	0.943916
0	5	0	0
2	5	2	1
0	5	2	0
0	5	0	0
1	5	1	1
0	5	0	0
0	4	0	0
0	4	0	0
0	4	0	0
1	4	1	1
0	5	0	0
0	5	0	0
5	5	6	0.833333
0	5	0	0
1	4	2	0.5
0	5	0	0
0	5	0	0
0	4	0	0
0	5	0	0
1	4	8	0.125
7	4	11	0.636364
5	5	6	0.833333
1	4	2	0.5
1	4	1	1
0	5	0	0
0	5	0	0
0	5	0	0
0	5	0	0
0	5	0	0
0	4	0	0
0	4	0	0
0	5	0	0
1	5	1	1
0	4	0	0
1	5	2	0.5
0	5	0	0
0	5	0	0
0	5	2	0
3	3	8	0.375
0	5	0	0
1	5	2	0.5
2	5	2	1
0	5	0	0
3	5	3	1
0	4	1	0
0	5	0	0
0	5	0	0
0	5	0	0
1	5	2	0.5
2	5	2	1
0	5	1	0
2	5	2	1
2	5	2	1
0	5	0	0
1	4	1	1
11	4	14	0.785714
17	5	23	0.73913
4	2	14	0.285714
3	5	3	1
1	5	2	0.5
1	5	1	1
0	5	0	0
0	5	0	0
0	5	0	0
1	4	1	1
0	5	0	0
1	5	2	0.5
2	5	2	1
3	5	3	1
0	5	0	0
2	2	5	0.4
0	5	0	0
2	3	6	0.333333
1	5	1	1
0	5	0	0
0	5	0	0
0	5	0	0
1	5	2	0.5
2	5	2	1
2	5	2	1
2	4	2	1
0	5	0	0
0	5	0	0
1	5	1	1
1	5	1	1
1	5	1	1
0	5	0	0
0	5	0	0
1	5	1	1
1	5	1	1
0	5	1	0
4	5	4	1
0	5	0	0
11	1	21	0.52381
0	5	0	0
0	5	0	0
0	5	0	0
3	5	3	1
0	5	0	0
0	5	0	0
1	5	1	1
0	5	0	0
4	5	4	1
5	1	11	0.454545
0	4	0	0
2	5	2	1
9	5	9	1
0	5	1	0
2	4	5	0.4
0	3	0	0
2	4	2	1
0	3	0	0
4	4	5	0.8
4	4	5	0.8
4	4	5	0.8
2	4	2	1
0	5	0	0
0	4	0	0
198	5	225	0.88
0	4	0	0
6	4	7	0.857143
0	5	2	0
1	4	1	1
0	4	0	0
4	5	5	0.8
2	5	2	1
9	5	11	0.818182
2	5	3	0.666667
8	5	10	0.8
9	1	29	0.310345
2	4	2	1
1	5	1	1
0	5	0	0
0	5	0	0
3	1	14	0.214286
6	1	13	0.461538
0	5	0	0
0	5	0	0
0	5	0	0
0	5	0	0
0	5	0	0
3	5	3	1
0	5	1	0
0	5	0	0
0	5	0	0
0	4	0	0
0	5	1	0
0	5	0	0
1	5	1	1
0	5	0	0
0	5	0	0
0	5	0	0
0	5	0	0
0	4	0	0
0	5	0	0
0	5	0	0
0	5	0	0
0	5	0	0
0	4	0	0
0	5	0	0
0	5	0	0
0	3	0	0
0	4	2	0
0	5	0	0
0	5	0	0
0	5	0	0
0	4	0	0
0	5	0	0
0	5	0	0
0	5	0	0
0	5	0	0
0	5	0	0
1	1	7	0.142857
0	5	0	0
0	5	0	0
0	5	0	0
0	5	0	0
1	5	1	1
0	5	0	0
0	3	0	0
0	5	0	0
0	5	0	0
0	4	0	0
0	5	0	0
1	5	1	1
0	5	0	0
0	3	0	0
