1	5	1	1
4	5	4	1
1	4	2	0.5
3	5	3	1
2	5	2	1
2	5	2	1
1	4	3	0.333333
1	5	2	0.5
1	5	1	1
4	3	7	0.571429
0	5	1	0
0	4	0	0
0	5	0	0
0	5	0	0
10	3	13	0.769231
4	5	4	1
3	5	3	1
2	4	2	1
1	5	4	0.25
1	5	2	0.5
2	3	2	1
1	2	16	0.0625
4	5	6	0.666667
0	5	0	0
17	4	17	1
2	5	2	1
2	5	5	0.4
1	5	2	0.5
2	4	2	1
2	5	2	1
1	5	2	0.5
0	5	0	0
4	5	4	1
0	5	0	0
11	1	24	0.458333
2	5	4	0.5
1	5	2	0.5
0	5	1	0
0	5	0	0
0	5	0	0
1	5	2	0.5
0	5	0	0
0	5	0	0
5	3	6	0.833333
1	5	1	1
0	5	0	0
111	5	133	0.834586
1	5	2	0.5
8	2	16	0.5
2	5	2	1
1	5	2	0.5
2	5	3	0.666667
3	4	5	0.6
8	1	24	0.333333
3	3	8	0.375
3	5	4	0.75
0	5	1	0
9	5	10	0.9
5	2	11	0.454545
1	5	2	0.5
0	5	2	0
1	5	2	0.5
0	5	1	0
1	4	3	0.333333
1	4	2	0.5
1	5	2	0.5
5	3	8	0.625
72	1	98	0.734694
1	5	2	0.5
1	4	2	0.5
4	5	7	0.571429
0	3	3	0
1	5	6	0.166667
1	5	3	0.333333
2	5	5	0.4
1	4	3	0.333333
6	5	7	0.857143
3	5	4	0.75
1	5	2	0.5
1	5	2	0.5
2	4	3	0.666667
2	4	3	0.666667
1	5	2	0.5
2	5	3	0.666667
1	5	2	0.5
0	4	2	0
0	4	0	0
2	5	3	0.666667
5	3	9	0.555556
3	5	4	0.75
4	4	5	0.8
1	5	1	1
1	4	2	0.5
1	5	1	1
1	3	4	0.25
5	4	5	1
3	5	3	1
2	5	3	0.666667
3	5	3	1
3	5	4	0.75
0	5	2	0
1	5	3	0.333333
3	4	5	0.6
3	5	3	1
1	3	10	0.1
1	5	1	1
3	5	5	0.6
0	5	7	0
1	3	9	0.111111
20	1	60	0.333333
1	5	1	1
3	2	5	0.6
0	5	4	0
0	3	3	0
3	5	3	1
2	4	2	1
2	5	3	0.666667
1	4	2	0.5
0	5	3	0
3	5	5	0.6
2	5	2	1
8	4	16	0.5
1	5	2	0.5
1	5	1	1
0	4	1	0
2	5	2	1
0	5	0	0
0	5	3	0
1	4	1	1
0	5	1	0
0	5	1	0
0	4	3	0
0	5	5	0
1	4	1	1
1	5	1	1
0	5	1	0
1	4	1	1
1	4	1	1
1	4	2	0.5
1	5	1	1
0	4	2	0
0	5	2	0
1	5	2	0.5
0	5	1	0
0	5	2	0
0	5	1	0
0	5	1	0
0	5	1	0
0	4	1	0
1	4	1	1
1	5	1	1
1	4	1	1
1	4	1	1
1	5	1	1
1	4	1	1
3	5	3	1
1	3	11	0.0909091
6	1	48	0.125
4	5	4	1
1	5	1	1
1	4	1	1
1	5	1	1
1	5	1	1
1	4	2	0.5
2	5	2	1
0	5	1	0
2	5	2	1
2	3	6	0.333333
3	5	3	1
2	4	2	1
2	5	2	1
1	5	1	1
1	5	1	1
2	5	2	1
1	5	2	0.5
1	5	1	1
2	5	4	0.5
1	5	1	1
2	5	2	1
3	3	3	1
1	4	3	0.333333
1	5	1	1
2	5	2	1
2	5	2	1
1	5	2	0.5
1	5	1	1
2	5	2	1
4	1	36	0.111111
1	3	2	0.5
2	4	2	1
2	5	2	1
0	5	0	0
0	5	0	0
4	4	4	1
0	5	0	0
0	5	0	0
0	5	0	0
0	4	0	0
1	5	1	1
0	4	0	0
0	5	1	0
0	4	1	0
0	4	1	0
0	5	1	0
1	5	1	1
2	5	3	0.666667
0	5	0	0
1	5	1	1
1	5	1	1
2	5	4	0.5
1	2	7	0.142857
1	5	1	1
0	5	0	0
1	5	2	0.5
3	2	7	0.428571
0	5	0	0
0	5	1	0
7	2	11	0.636364
2	5	2	1
3	5	4	0.75
0	5	0	0
2	5	2	1
0	5	0	0
1	5	1	1
1	5	1	1
5	2	11	0.454545
0	4	0	0
0	4	0	0
1	5	1	1
4	3	6	0.666667
17	1	32	0.53125
0	4	0	0
0	5	0	0
2	5	2	1
1	5	1	1
1	4	1	1
0	5	0	0
0	5	0	0
0	5	0	0
26	1	50	0.52
3	5	3	1
0	4	0	0
4	1	5	0.8
0	5	0	0
1	4	1	1
0	5	0	0
0	4	1	0
0	5	0	0
1	5	1	1
0	4	0	0
0	5	3	0
0	5	0	0
0	3	0	0
0	5	1	0
0	5	0	0
1	5	1	1
2	5	3	0.666667
1	4	1	1
0	5	0	0
1	5	1	1
0	5	0	0
0	5	0	0
0	5	0	0
1	5	2	0.5
0	4	0	0
1	5	2	0.5
0	5	0	0
1	5	1	1
4	2	8	0.5
0	4	5	0
1	5	4	0.25
3	5	5	0.6
2	5	4	0.5
0	3	4	0
0	3	3	0
1	5	2	0.5
2	5	2	1
0	4	0	0
4	5	4	1
0	5	0	0
0	3	2	0
2	4	3	0.666667
1	4	2	0.5
3	5	3	1
0	5	0	0
0	5	0	0
0	5	0	0
0	5	1	0
1	5	1	1
4	4	4	1
0	5	0	0
0	3	2	0
0	4	1	0
1	5	2	0.5
4	5	4	1
1	5	2	0.5
0	5	0	0
0	5	0	0
4	3	6	0.666667
0	5	0	0
5	5	5	1
0	5	1	0
106	1	152	0.697368
0	5	1	0
2	3	5	0.4
0	5	0	0
0	5	0	0
0	4	1	0
0	4	0	0
10	1	20	0.5
0	4	0	0
0	4	0	0
0	5	1	0
5	2	10	0.5
1	4	2	0.5
0	5	0	0
4	5	4	1
0	4	0	0
0	5	0	0
0	4	0	0
1	5	1	1
0	5	0	0
1	5	1	1
0	4	1	0
0	5	3	0
1	5	2	0.5
1	5	1	1
1	5	1	1
0	4	2	0
1	5	1	1
0	5	2	0
0	5	1	0
57	3	90	0.633333
1	5	1	1
0	4	0	0
0	5	0	0
0	5	0	0
1	4	3	0.333333
0	5	1	0
1	5	2	0.5
6	1	16	0.375
0	5	1	0
1	5	2	0.5
1	5	2	0.5
1	5	2	0.5
2	5	4	0.5
2	5	5	0.4
1	5	2	0.5
2	4	4	0.5
1	5	2	0.5
1	5	1	1
0	5	0	0
0	5	0	0
0	5	1	0
0	5	0	0
2	5	2	1
4	2	6	0.666667
2	1	20	0.1
0	5	0	0
0	5	0	0
0	5	0	0
3	2	5	0.6
2	4	2	1
0	5	0	0
0	4	0	0
0	5	2	0
2	5	2	1
0	5	0	0
0	5	2	0
0	5	1	0
18	2	24	0.75
1	4	1	1
0	5	1	0
2	5	2	1
1	4	1	1
0	5	0	0
0	5	0	0
3	5	4	0.75
12	5	14	0.857143
1	5	2	0.5
2	5	6	0.333333
0	5	1	0
0	5	1	0
0	4	3	0
0	4	1	0
0	5	1	0
1	5	2	0.5
3	3	3	1
0	3	0	0
0	5	1	0
0	5	2	0
0	5	1	0
0	5	1	0
0	4	1	0
0	5	1	0
0	5	1	0
1	5	2	0.5
0	4	1	0
0	5	0	0
2	3	4	0.5
2	5	5	0.4
3	5	4	0.75
1	5	2	0.5
2	5	3	0.666667
1	5	2	0.5
1	2	2	0.5
1	5	2	0.5
2	5	3	0.666667
0	5	1	0
12	1	20	0.6
0	5	1	0
3	5	4	0.75
0	5	1	0
2	4	3	0.666667
2	5	3	0.666667
1	5	3	0.333333
6	1	28	0.214286
4	3	6	0.666667
2	5	3	0.666667
1	4	3	0.333333
1	5	2	0.5
2	5	4	0.5
9	1	17	0.529412
3	4	4	0.75
2	5	3	0.666667
1	4	2	0.5
1	5	2	0.5
0	4	1	0
0	5	1	0
0	3	0	0
2	3	5	0.4
0	5	1	0
0	5	1	0
1	4	2	0.5
0	4	1	0
1	5	3	0.333333
0	4	2	0
1	4	2	0.5
1	2	5	0.2
3	2	6	0.5
0	5	1	0
2	5	4	0.5
7	5	9	0.777778
58	2	73	0.794521
2	2	11	0.181818
1	5	3	0.333333
2	5	4	0.5
1	5	3	0.333333
0	5	2	0
0	5	2	0
1	5	4	0.25
5	1	11	0.454545
2	5	4	0.5
3	3	8	0.375
0	5	1	0
0	5	1	0
8	5	9	0.888889
1	4	1	1
1	4	3	0.333333
65	1	86	0.755814
1	5	1	1
0	4	0	0
3	4	7	0.428571
5	4	6	0.833333
3	4	4	0.75
0	5	0	0
0	5	0	0
0	5	0	0
0	5	0	0
0	5	0	0
0	5	0	0
0	3	0	0
1	5	2	0.5
0	5	0	0
0	5	0	0
2	5	3	0.666667
1	5	2	0.5
40	2	58	0.689655
0	5	0	0
6	5	6	1
3	5	6	0.5
1	5	1	1
1	3	4	0.25
2	4	2	1
5	5	5	1
0	4	1	0
0	5	0	0
0	5	0	0
1	5	1	1
3	5	4	0.75
3	2	4	0.75
3	5	3	1
6	3	8	0.75
1	5	1	1
1	5	1	1
3	5	3	1
1	3	2	0.5
1	5	1	1
0	3	1	0
0	5	0	0
3	5	3	1
1	5	1	1
0	5	0	0
2	5	2	1
1	3	6	0.166667
1	4	1	1
1	5	2	0.5
0	4	1	0
9	5	10	0.9
5	5	5	1
1	4	1	1
2	5	2	1
0	5	0	0
0	3	1	0
0	5	0	0
0	5	0	0
0	4	0	0
3	4	3	1
1	4	4	0.25
5	5	7	0.714286
2	4	2	1
1	2	4	0.25
0	5	2	0
1	4	2	0.5
0	5	3	0
3	2	4	0.75
0	5	1	0
1	5	2	0.5
2	5	2	1
0	5	0	0
2	4	3	0.666667
5	5	5	1
7	4	8	0.875
0	5	1	0
1	5	1	1
3	5	3	1
19	1	27	0.703704
1	5	3	0.333333
0	4	1	0
2	4	2	1
0	5	1	0
3	5	3	1
16	5	19	0.842105
2	4	2	1
0	5	0	0
0	5	0	0
2	5	2	1
0	4	0	0
3	1	12	0.25
2	5	2	1
0	5	1	0
1	5	3	0.333333
6	3	8	0.75
1	3	2	0.5
1	5	2	0.5
0	5	0	0
0	5	1	0
1	5	1	1
0	5	0	0
0	4	0	0
0	5	0	0
3	4	4	0.75
0	5	0	0
0	4	1	0
3	4	3	1
0	5	0	0
0	5	0	0
0	4	0	0
0	4	0	0
0	5	0	0
2	3	4	0.5
1	4	1	1
37	3	56	0.660714
0	5	0	0
9	1	13	0.692308
0	4	0	0
0	4	0	0
0	5	1	0
5	4	5	1
0	4	0	0
1	5	2	0.5
3	2	4	0.75
0	5	1	0
0	5	0	0
0	5	0	0
3	3	3	1
0	4	0	0
0	5	0	0
0	3	1	0
1	3	3	0.333333
0	5	0	0
0	3	1	0
2	4	2	1
0	4	0	0
4	4	4	1
0	5	0	0
0	5	0	0
1	5	1	1
0	5	0	0
3	2	4	0.75
0	5	0	0
2	5	2	1
3	5	3	1
3	3	5	0.6
2	5	2	1
5	5	6	0.833333
1	4	1	1
14	2	15	0.933333
0	5	0	0
0	5	0	0
1	5	1	1
0	5	1	0
0	4	0	0
0	5	0	0
0	4	0	0
27	3	31	0.870968
0	4	0	0
0	4	0	0
3	4	3	1
2	3	3	0.666667
2	4	3	0.666667
1	4	1	1
3	4	3	1
2	4	3	0.666667
18	2	32	0.5625
0	5	0	0
1	5	1	1
0	5	0	0
8	1	14	0.571429
19	1	30	0.633333
1	4	2	0.5
0	5	4	0
0	5	1	0
9	2	10	0.9
1	5	3	0.333333
0	4	0	0
1	4	3	0.333333
78	1	97	0.804124
2	5	4	0.5
0	5	1	0
1	2	1	1
1	4	1	1
0	5	0	0
0	5	1	0
0	5	0	0
0	5	0	0
0	5	0	0
1	4	1	1
2	5	3	0.666667
1	5	1	1
0	4	0	0
24	1	33	0.727273
27	2	33	0.818182
0	5	1	0
0	3	0	0
0	5	0	0
1	2	4	0.25
0	4	0	0
0	5	1	0
0	5	0	0
1	4	1	1
0	5	0	0
5	5	5	1
1	3	1	1
0	4	0	0
0	4	0	0
3	1	13	0.230769
2	3	5	0.4
1	5	3	0.333333
3	3	7	0.428571
7	5	7	1
0	5	0	0
39	2	56	0.696429
2	4	2	1
1	5	1	1
3	5	3	1
3	3	3	1
1	5	1	1
5	5	6	0.833333
6	1	12	0.5
5	1	9	0.555556
0	4	0	0
0	5	0	0
1	3	2	0.5
0	5	0	0
0	5	0	0
1	5	1	1
1	5	3	0.333333
8	5	10	0.8
0	5	0	0
0	5	3	0
3	5	3	1
1	5	2	0.5
2	4	2	1
0	5	1	0
0	5	0	0
5	1	8	0.625
5	5	7	0.714286
1	5	1	1
7	5	8	0.875
0	5	4	0
0	5	0	0
8	2	14	0.571429
1	5	1	1
1	5	2	0.5
0	4	0	0
0	5	0	0
1	5	1	1
0	5	0	0
2	5	3	0.666667
12	5	19	0.631579
0	5	0	0
1	3	1	1
0	5	2	0
0	4	2	0
4	5	4	1
1	5	2	0.5
2	4	3	0.666667
17	1	31	0.548387
0	4	0	0
1	3	1	1
0	5	1	0
0	5	0	0
1	5	3	0.333333
0	5	0	0
3	5	3	1
2	5	3	0.666667
3	4	3	1
0	4	1	0
0	5	1	0
0	4	0	0
0	5	0	0
0	5	0	0
3	3	4	0.75
0	5	0	0
4	5	4	1
3	5	5	0.6
1	5	1	1
1	5	2	0.5
3	5	4	0.75
1	2	1	1
0	5	0	0
0	5	0	0
1	5	1	1
1	5	1	1
0	4	1	0
3	5	4	0.75
19	5	23	0.826087
2	5	3	0.666667
0	5	5	0
3	4	3	1
0	4	0	0
1	5	1	1
1	5	1	1
5	5	5	1
2	5	2	1
0	4	1	0
4	5	4	1
0	4	6	0
1	3	2	0.5
1	5	1	1
1	4	1	1
7	2	8	0.875
1	4	1	1
0	4	0	0
1	3	3	0.333333
4	3	6	0.666667
1	5	1	1
1	3	1	1
1	4	1	1
1	5	1	1
5	3	6	0.833333
0	5	0	0
3	5	3	1
2	4	4	0.5
0	3	0	0
5	4	7	0.714286
0	4	0	0
0	5	0	0
0	5	0	0
1	4	3	0.333333
4	5	5	0.8
0	5	0	0
3	2	5	0.6
2	4	2	1
5	5	6	0.833333
0	4	0	0
4	4	6	0.666667
1	5	2	0.5
1	5	1	1
1	5	1	1
0	5	0	0
13	5	15	0.866667
0	5	1	0
0	3	1	0
0	5	0	0
0	5	0	0
0	5	0	0
0	5	0	0
0	5	0	0
6	4	10	0.6
0	5	0	0
1	2	6	0.166667
2	4	2	1
0	5	0	0
0	5	0	0
13	2	14	0.928571
3	5	3	1
0	5	0	0
3	5	3	1
0	5	0	0
2	5	3	0.666667
4	5	4	1
4	3	9	0.444444
1	5	2	0.5
1	5	2	0.5
0	3	4	0
0	5	0	0
4	3	12	0.333333
2	5	2	1
2	5	10	0.2
3	5	3	1
8	5	9	0.888889
0	4	0	0
1	4	3	0.333333
0	5	0	0
2	3	2	1
1	5	1	1
0	5	2	0
4	4	5	0.8
1	2	6	0.166667
0	5	0	0
0	5	1	0
1	5	1	1
2	5	3	0.666667
3	5	3	1
1	5	1	1
9	5	10	0.9
0	5	1	0
5	5	5	1
1	5	6	0.166667
0	5	0	0
3	3	6	0.5
60	5	73	0.821918
0	5	0	0
0	4	1	0
6	5	7	0.857143
2	5	2	1
0	5	1	0
11	5	12	0.916667
0	5	0	0
5	5	6	0.833333
0	5	0	0
3	5	4	0.75
1	4	2	0.5
1	5	2	0.5
2	5	2	1
1	5	2	0.5
0	5	2	0
3	5	3	1
1	4	2	0.5
4	4	4	1
3	5	3	1
0	5	1	0
12	1	19	0.631579
1	5	1	1
0	5	1	0
2	4	2	1
1	5	1	1
1	5	1	1
0	5	0	0
0	5	1	0
0	3	0	0
0	5	0	0
0	5	0	0
2	3	4	0.5
1	4	1	1
0	4	0	0
0	4	0	0
1	3	1	1
0	4	0	0
0	5	1	0
0	5	0	0
0	5	0	0
0	5	0	0
0	5	0	0
0	5	0	0
1	5	1	1
1	4	1	1
0	5	0	0
0	5	0	0
0	5	0	0
0	5	0	0
0	5	0	0
6	2	6	1
0	4	0	0
0	4	0	0
0	5	0	0
0	3	0	0
0	5	0	0
0	5	0	0
0	4	0	0
0	5	0	0
0	5	0	0
0	5	0	0
0	4	0	0
0	5	0	0
3	2	3	1
0	5	0	0
0	4	1	0
0	5	0	0
0	5	0	0
0	5	0	0
0	5	0	0
0	5	0	0
0	3	0	0
0	5	0	0
0	4	0	0
0	5	0	0
0	5	0	0
0	3	0	0
0	5	0	0
0	4	0	0
0	4	0	0
0	2	0	0
0	5	0	0
0	4	0	0
0	5	0	0
0	5	0	0
0	5	0	0
0	5	0	0
0	5	0	0
0	5	0	0
0	4	0	0
0	2	1	0
0	3	0	0
0	3	0	0
1	2	1	1
0	5	0	0
0	5	0	0
0	5	0	0
0	5	0	0
0	5	0	0
0	5	0	0
0	3	0	0
0	5	0	0
0	5	0	0
0	1	4	0
0	4	0	0
0	5	0	0
0	5	0	0
0	4	0	0
0	4	0	0
0	5	0	0
0	5	0	0
0	4	0	0
3	4	3	1
0	4	0	0
0	5	0	0
0	5	0	0
0	5	0	0
0	5	0	0
3	2	3	1
0	5	0	0
0	5	0	0
0	5	0	0
0	5	0	0
0	5	0	0
0	5	0	0
0	5	0	0
0	4	0	0
0	5	0	0
0	3	0	0
0	5	0	0
0	5	0	0
1	2	1	1
0	5	0	0
0	5	0	0
0	3	0	0
0	2	0	0
1	1	2	0.5
0	5	0	0
0	5	0	0
0	5	0	0
0	5	0	0
0	5	0	0
0	2	0	0
0	3	0	0
0	5	0	0
0	5	0	0
0	5	0	0
0	5	0	0
2	1	3	0.666667
0	2	0	0
0	2	0	0
0	5	0	0
0	4	0	0
0	4	0	0
0	4	0	0
0	3	0	0
0	5	0	0
1	2	1	1
0	5	0	0
0	5	0	0
0	3	0	0
0	5	1	0
0	4	0	0
0	5	0	0
0	5	0	0
0	4	0	0
0	4	0	0
0	4	0	0
0	4	0	0
0	4	0	0
0	4	0	0
0	5	0	0
0	5	0	0
0	5	0	0
0	5	0	0
0	5	0	0
0	3	0	0
0	5	0	0
0	5	0	0
0	4	0	0
0	5	0	0
0	4	0	0
0	5	0	0
0	5	0	0
0	4	0	0
0	5	0	0
0	5	0	0
0	4	0	0
0	5	0	0
1	1	6	0.166667
0	4	1	0
0	5	0	0
1	2	1	1
0	5	0	0
0	3	0	0
0	5	0	0
0	5	0	0
0	5	0	0
0	5	0	0
0	5	0	0
0	5	0	0
0	4	0	0
0	5	0	0
0	3	0	0
0	5	0	0
0	5	0	0
0	3	0	0
0	3	0	0
0	5	0	0
0	5	0	0
0	3	0	0
0	4	0	0
0	5	0	0
0	5	0	0
0	3	0	0
0	5	0	0
0	5	0	0
0	5	0	0
0	5	0	0
0	5	0	0
0	5	0	0
0	5	0	0
0	5	0	0
0	4	0	0
0	5	0	0
0	5	0	0
0	5	0	0
0	3	0	0
0	5	0	0
0	4	0	0
0	5	0	0
0	4	0	0
0	5	0	0
0	5	0	0
0	5	0	0
0	5	0	0
0	3	0	0
0	5	0	0
0	5	0	0
0	5	0	0
0	5	0	0
0	4	0	0
0	5	0	0
0	5	0	0
0	5	0	0
0	2	2	0
0	5	0	0
0	5	0	0
0	5	0	0
0	4	0	0
0	3	0	0
0	5	0	0
0	5	0	0
0	5	0	0
0	5	0	0
0	3	0	0
0	5	0	0
0	5	0	0
0	4	0	0
0	4	0	0
0	4	0	0
0	5	0	0
0	5	0	0
0	5	0	0
0	5	0	0
0	5	0	0
0	5	0	0
0	5	0	0
0	5	0	0
0	5	0	0
0	5	0	0
0	5	0	0
0	5	0	0
0	5	0	0
0	5	0	0
0	4	0	0
0	5	0	0
0	5	0	0
0	5	0	0
0	5	0	0
0	3	0	0
0	2	0	0
0	4	0	0
0	5	0	0
0	3	0	0
0	5	0	0
0	4	0	0
0	5	0	0
0	5	0	0
0	2	0	0
0	5	0	0
0	5	0	0
0	5	0	0
0	5	0	0
2	1	3	0.666667
0	5	0	0
0	2	0	0
2	2	3	0.666667
0	5	0	0
1	2	1	1
0	5	0	0
0	4	0	0
0	5	0	0
0	5	0	0
0	5	0	0
0	5	0	0
0	5	0	0
0	5	0	0
0	5	0	0
0	4	0	0
5	1	8	0.625
0	5	0	0
0	2	0	0
0	5	0	0
4	1	6	0.666667
0	2	0	0
0	5	0	0
0	5	0	0
0	4	0	0
0	3	0	0
0	5	0	0
0	5	0	0
0	5	0	0
2	1	3	0.666667
4	2	4	1
0	3	0	0
0	3	0	0
0	5	0	0
0	5	0	0
6	1	10	0.6
0	4	0	0
0	5	0	0
0	5	0	0
0	5	0	0
0	5	0	0
0	2	0	0
0	5	0	0
0	2	0	0
0	3	1	0
0	4	0	0
7	1	10	0.7
0	2	0	0
0	4	0	0
3	2	3	1
0	4	0	0
0	5	0	0
0	3	0	0
0	5	0	0
1	4	1	1
0	5	0	0
0	5	0	0
