1 5
4 5
1 4
3 5
2 5
2 5
1 4
1 5
1 5
4 3
0 5
0 4
0 5
0 5
10 3
4 5
3 5
2 4
1 5
1 5
2 3
1 2
4 5
0 5
17 4
2 5
2 5
1 5
2 4
2 5
1 5
0 5
4 5
0 5
11 1
2 5
1 5
0 5
0 5
0 5
1 5
0 5
0 5
5 3
1 5
0 5
111 5
1 5
8 2
2 5
1 5
2 5
3 4
8 1
3 3
3 5
0 5
9 5
5 2
1 5
0 5
1 5
0 5
1 4
1 4
1 5
5 3
72 1
1 5
1 4
4 5
0 3
1 5
1 5
2 5
1 4
6 5
3 5
1 5
1 5
2 4
2 4
1 5
2 5
1 5
0 4
0 4
2 5
5 3
3 5
4 4
1 5
1 4
1 5
1 3
5 4
3 5
2 5
3 5
3 5
0 5
1 5
3 4
3 5
1 3
1 5
3 5
0 5
1 3
20 1
1 5
3 2
0 5
0 3
3 5
2 4
2 5
1 4
0 5
3 5
2 5
8 4
1 5
1 5
0 4
2 5
0 5
0 5
1 4
0 5
0 5
0 4
0 5
1 4
1 5
0 5
1 4
1 4
1 4
1 5
0 4
0 5
1 5
0 5
0 5
0 5
0 5
0 5
0 4
1 4
1 5
1 4
1 4
1 5
1 4
3 5
1 3
6 1
4 5
1 5
1 4
1 5
1 5
1 4
2 5
0 5
2 5
2 3
3 5
2 4
2 5
1 5
1 5
2 5
1 5
1 5
2 5
1 5
2 5
3 3
1 4
1 5
2 5
2 5
1 5
1 5
2 5
4 1
1 3
2 4
2 5
0 5
0 5
4 4
0 5
0 5
0 5
0 4
1 5
0 4
0 5
0 4
0 4
0 5
1 5
2 5
0 5
1 5
1 5
2 5
1 2
1 5
0 5
1 5
3 2
0 5
0 5
7 2
2 5
3 5
0 5
2 5
0 5
1 5
1 5
5 2
0 4
0 4
1 5
4 3
17 1
0 4
0 5
2 5
1 5
1 4
0 5
0 5
0 5
26 1
3 5
0 4
4 1
0 5
1 4
0 5
0 4
0 5
1 5
0 4
0 5
0 5
0 3
0 5
0 5
1 5
2 5
1 4
0 5
1 5
0 5
0 5
0 5
1 5
0 4
1 5
0 5
1 5
4 2
0 4
1 5
3 5
2 5
0 3
0 3
1 5
2 5
0 4
4 5
0 5
0 3
2 4
1 4
3 5
0 5
0 5
0 5
0 5
1 5
4 4
0 5
0 3
0 4
1 5
4 5
1 5
0 5
0 5
4 3
0 5
5 5
0 5
106 1
0 5
2 3
0 5
0 5
0 4
0 4
10 1
0 4
0 4
0 5
5 2
1 4
0 5
4 5
0 4
0 5
0 4
1 5
0 5
1 5
0 4
0 5
1 5
1 5
1 5
0 4
1 5
0 5
0 5
57 3
1 5
0 4
0 5
0 5
1 4
0 5
1 5
6 1
0 5
1 5
1 5
1 5
2 5
2 5
1 5
2 4
1 5
1 5
0 5
0 5
0 5
0 5
2 5
4 2
2 1
0 5
0 5
0 5
3 2
2 4
0 5
0 4
0 5
2 5
0 5
0 5
0 5
18 2
1 4
0 5
2 5
1 4
0 5
0 5
3 5
12 5
1 5
2 5
0 5
0 5
0 4
0 4
0 5
1 5
3 3
0 3
0 5
0 5
0 5
0 5
0 4
0 5
0 5
1 5
0 4
0 5
2 3
2 5
3 5
1 5
2 5
1 5
1 2
1 5
2 5
0 5
12 1
0 5
3 5
0 5
2 4
2 5
1 5
6 1
4 3
2 5
1 4
1 5
2 5
9 1
3 4
2 5
1 4
1 5
0 4
0 5
0 3
2 3
0 5
0 5
1 4
0 4
1 5
0 4
1 4
1 2
3 2
0 5
2 5
7 5
58 2
2 2
1 5
2 5
1 5
0 5
0 5
1 5
5 1
2 5
3 3
0 5
0 5
8 5
1 4
1 4
65 1
1 5
0 4
3 4
5 4
3 4
0 5
0 5
0 5
0 5
0 5
0 5
0 3
1 5
0 5
0 5
2 5
1 5
40 2
0 5
6 5
3 5
1 5
1 3
2 4
5 5
0 4
0 5
0 5
1 5
3 5
3 2
3 5
6 3
1 5
1 5
3 5
1 3
1 5
0 3
0 5
3 5
1 5
0 5
2 5
1 3
1 4
1 5
0 4
9 5
5 5
1 4
2 5
0 5
0 3
0 5
0 5
0 4
3 4
1 4
5 5
2 4
1 2
0 5
1 4
0 5
3 2
0 5
1 5
2 5
0 5
2 4
5 5
7 4
0 5
1 5
3 5
19 1
1 5
0 4
2 4
0 5
3 5
16 5
2 4
0 5
0 5
2 5
0 4
3 1
2 5
0 5
1 5
6 3
1 3
1 5
0 5
0 5
1 5
0 5
0 4
0 5
3 4
0 5
0 4
3 4
0 5
0 5
0 4
0 4
0 5
2 3
1 4
37 3
0 5
9 1
0 4
0 4
0 5
5 4
0 4
1 5
3 2
0 5
0 5
0 5
3 3
0 4
0 5
0 3
1 3
0 5
0 3
2 4
0 4
4 4
0 5
0 5
1 5
0 5
3 2
0 5
2 5
3 5
3 3
2 5
5 5
1 4
14 2
0 5
0 5
1 5
0 5
0 4
0 5
0 4
27 3
0 4
0 4
3 4
2 3
2 4
1 4
3 4
2 4
18 2
0 5
1 5
0 5
8 1
19 1
1 4
0 5
0 5
9 2
1 5
0 4
1 4
78 1
2 5
0 5
1 2
1 4
0 5
0 5
0 5
0 5
0 5
1 4
2 5
1 5
0 4
24 1
27 2
0 5
0 3
0 5
1 2
0 4
0 5
0 5
1 4
0 5
5 5
1 3
0 4
0 4
3 1
2 3
1 5
3 3
7 5
0 5
39 2
2 4
1 5
3 5
3 3
1 5
5 5
6 1
5 1
0 4
0 5
1 3
0 5
0 5
1 5
1 5
8 5
0 5
0 5
3 5
1 5
2 4
0 5
0 5
5 1
5 5
1 5
7 5
0 5
0 5
8 2
1 5
1 5
0 4
0 5
1 5
0 5
2 5
12 5
0 5
1 3
0 5
0 4
4 5
1 5
2 4
17 1
0 4
1 3
0 5
0 5
1 5
0 5
3 5
2 5
3 4
0 4
0 5
0 4
0 5
0 5
3 3
0 5
4 5
3 5
1 5
1 5
3 5
1 2
0 5
0 5
1 5
1 5
0 4
3 5
19 5
2 5
0 5
3 4
0 4
1 5
1 5
5 5
2 5
0 4
4 5
0 4
1 3
1 5
1 4
7 2
1 4
0 4
1 3
4 3
1 5
1 3
1 4
1 5
5 3
0 5
3 5
2 4
0 3
5 4
0 4
0 5
0 5
1 4
4 5
0 5
3 2
2 4
5 5
0 4
4 4
1 5
1 5
1 5
0 5
13 5
0 5
0 3
0 5
0 5
0 5
0 5
0 5
6 4
0 5
1 2
2 4
0 5
0 5
13 2
3 5
0 5
3 5
0 5
2 5
4 5
4 3
1 5
1 5
0 3
0 5
4 3
2 5
2 5
3 5
8 5
0 4
1 4
0 5
2 3
1 5
0 5
4 4
1 2
0 5
0 5
1 5
2 5
3 5
1 5
9 5
0 5
5 5
1 5
0 5
3 3
60 5
0 5
0 4
6 5
2 5
0 5
11 5
0 5
5 5
0 5
3 5
1 4
1 5
2 5
1 5
0 5
3 5
1 4
4 4
3 5
0 5
12 1
1 5
0 5
2 4
1 5
1 5
0 5
0 5
0 3
0 5
0 5
2 3
1 4
0 4
0 4
1 3
0 4
0 5
0 5
0 5
0 5
0 5
0 5
1 5
1 4
0 5
0 5
0 5
0 5
0 5
6 2
0 4
0 4
0 5
0 3
0 5
0 5
0 4
0 5
0 5
0 5
0 4
0 5
3 2
0 5
0 4
0 5
0 5
0 5
0 5
0 5
0 3
0 5
0 4
0 5
0 5
0 3
0 5
0 4
0 4
0 2
0 5
0 4
0 5
0 5
0 5
0 5
0 5
0 5
0 4
0 2
0 3
0 3
1 2
0 5
0 5
0 5
0 5
0 5
0 5
0 3
0 5
0 5
0 1
0 4
0 5
0 5
0 4
0 4
0 5
0 5
0 4
3 4
0 4
0 5
0 5
0 5
0 5
3 2
0 5
0 5
0 5
0 5
0 5
0 5
0 5
0 4
0 5
0 3
0 5
0 5
1 2
0 5
0 5
0 3
0 2
1 1
0 5
0 5
0 5
0 5
0 5
0 2
0 3
0 5
0 5
0 5
0 5
2 1
0 2
0 2
0 5
0 4
0 4
0 4
0 3
0 5
1 2
0 5
0 5
0 3
0 5
0 4
0 5
0 5
0 4
0 4
0 4
0 4
0 4
0 4
0 5
0 5
0 5
0 5
0 5
0 3
0 5
0 5
0 4
0 5
0 4
0 5
0 5
0 4
0 5
0 5
0 4
0 5
1 1
0 4
0 5
1 2
0 5
0 3
0 5
0 5
0 5
0 5
0 5
0 5
0 4
0 5
0 3
0 5
0 5
0 3
0 3
0 5
0 5
0 3
0 4
0 5
0 5
0 3
0 5
0 5
0 5
0 5
0 5
0 5
0 5
0 5
0 4
0 5
0 5
0 5
0 3
0 5
0 4
0 5
0 4
0 5
0 5
0 5
0 5
0 3
0 5
0 5
0 5
0 5
0 4
0 5
0 5
0 5
0 2
0 5
0 5
0 5
0 4
0 3
0 5
0 5
0 5
0 5
0 3
0 5
0 5
0 4
0 4
0 4
0 5
0 5
0 5
0 5
0 5
0 5
0 5
0 5
0 5
0 5
0 5
0 5
0 5
0 5
0 4
0 5
0 5
0 5
0 5
0 3
0 2
0 4
0 5
0 3
0 5
0 4
0 5
0 5
0 2
0 5
0 5
0 5
0 5
2 1
0 5
0 2
2 2
0 5
1 2
0 5
0 4
0 5
0 5
0 5
0 5
0 5
0 5
0 5
0 4
5 1
0 5
0 2
0 5
4 1
0 2
0 5
0 5
0 4
0 3
0 5
0 5
0 5
2 1
4 2
0 3
0 3
0 5
0 5
6 1
0 4
0 5
0 5
0 5
0 5
0 2
0 5
0 2
0 3
0 4
7 1
0 2
0 4
3 2
0 4
0 5
0 3
0 5
1 4
0 5
0 5
