4 3
1 4
2 5
0 4
0 3
0 4
2 4
0 4
0 5
3 3
0 5
1 5
1 4
0 5
0 5
0 4
0 3
0 4
0 5
0 5
0 4
0 5
0 5
1 5
0 5
7 1
0 5
0 3
0 5
0 3
2 2
15 5
3 1
0 5
1 5
0 5
2 5
0 5
1 3
0 5
0 5
0 4
0 4
1 5
0 5
0 5
0 4
1 5
0 5
0 4
1 2
0 2
1 2
1 4
0 3
3 1
0 5
0 4
0 5
3 2
0 5
3 1
0 3
1 5
0 4
0 5
0 5
0 4
0 5
2 2
0 4
0 2
0 4
0 5
0 4
0 4
2 4
1 4
1 5
0 5
2 3
0 5
0 5
0 3
0 5
0 4
4 1
0 4
2 4
3 5
1 1
1 4
0 4
0 3
2 2
1 4
2 5
3 2
0 4
0 3
1 5
0 4
1 4
4 5
2 5
2 5
1 5
1 3
0 2
0 4
0 4
0 5
0 4
0 3
1 3
3 5
1 2
1 1
14 5
0 5
3 1
2 5
2 3
2 1
2 5
1 5
1 5
1 5
0 4
1 4
1 5
4 4
0 5
0 4
0 5
0 4
2 5
0 5
0 5
0 3
3 1
0 4
0 4
0 4
2 4
1 3
1 4
2 3
0 5
6 2
2 1
0 5
0 4
1 1
0 4
0 4
3 1
1 3
11 3
0 2
0 3
1 4
3 4
0 3
0 5
0 3
0 5
2 1
3 3
1 3
2 5
1 4
3 2
4 2
0 5
0 5
3 4
0 5
3 5
0 4
0 2
0 5
1 5
31 4
1 5
0 3
1 5
3 5
2 1
1 4
0 5
2 5
3 5
0 3
4 5
0 2
2 4
5 4
0 5
2 5
2 5
3 1
0 5
0 5
2 3
0 3
1 5
0 3
0 5
1 2
2 1
1 1
3 2
0 2
1 5
0 2
0 3
0 4
0 5
0 5
0 5
3 1
0 5
2 3
0 4
4 5
0 3
0 4
13 5
1 2
0 5
3 5
5 1
1 3
2 4
3 4
0 2
1 1
2 4
0 5
0 1
1 3
0 4
2 1
0 3
6 2
0 3
0 5
0 3
0 3
0 3
1 1
3 5
0 5
1 5
1 5
0 4
0 3
0 5
10 2
1 2
0 3
0 4
0 5
4 5
1 4
3 3
2 4
1 5
2 5
0 2
4 1
1 4
4 4
0 3
1 3
1 5
1 3
1 5
0 3
0 5
0 2
3 5
2 3
0 5
1 2
1 5
1 3
0 4
0 5
0 4
0 5
0 3
2 2
1 5
1 2
1 4
1 4
2 5
2 1
2 4
1 2
2 4
3 1
1 5
0 3
0 4
0 3
1 5
1 2
1 5
0 4
0 3
0 3
0 2
1 3
1 5
0 4
1 2
0 2
2 5
2 2
1 4
0 4
1 4
1 4
3 2
0 3
3 2
0 4
2 5
1 3
2 5
3 1
0 4
0 3
0 4
0 4
1 3
0 5
0 5
0 5
0 4
2 2
0 4
0 4
0 1
1 3
1 3
1 2
2 5
0 4
0 3
1 5
0 5
3 2
1 2
1 5
8 4
0 5
0 5
0 5
2 3
0 5
0 3
0 4
0 3
1 5
1 5
0 2
3 5
16 4
0 3
0 2
0 5
4 3
1 3
0 5
0 5
0 5
1 5
1 4
4 5
0 5
1 5
0 3
1 2
0 5
0 4
0 5
1 5
2 5
0 5
1 4
1 2
3 4
3 1
3 5
1 2
4 3
4 5
0 4
0 5
1 3
1 3
3 4
0 2
0 2
0 4
0 4
2 1
1 1
1 1
1 1
0 5
7 1
1 2
5 2
3 4
2 5
3 5
2 5
0 5
2 4
0 5
0 5
0 5
0 4
1 4
2 4
3 2
2 4
4 4
0 4
0 5
0 5
1 5
13 4
12 1
1 5
1 1
5 3
0 5
1 5
3 1
5 5
9 3
1 5
2 4
0 4
5 2
0 2
5 1
5 5
1 4
3 3
0 4
0 3
1 1
6 5
3 5
0 5
3 2
2 2
2 5
2 4
1 2
0 4
1 5
7 1
1 3
4 5
5 2
4 2
2 2
3 2
1 3
0 2
1 1
0 3
5 1
0 5
0 5
0 4
0 4
1 2
0 3
0 3
5 3
5 2
0 3
6 2
13 2
2 4
1 4
0 2
2 4
0 5
1 5
0 5
0 4
0 4
2 2
2 1
0 5
0 3
0 4
3 5
8 5
4 5
1 3
2 3
1 5
0 5
0 2
1 2
1 2
2 5
11 5
0 4
5 1
1 3
2 5
3 5
5 2
2 4
1 3
1 2
0 2
0 5
0 4
2 4
0 5
0 2
0 2
1 5
0 3
0 3
2 5
3 4
5 2
1 2
1 5
3 1
2 5
0 4
31 5
1 3
0 5
0 5
0 5
0 3
6 2
1 2
1 5
2 2
0 5
0 3
0 3
0 5
3 2
2 4
1 2
5 4
4 3
0 3
2 1
2 4
1 3
0 4
0 2
0 2
1 4
0 3
0 3
0 4
8 2
2 4
1 5
3 3
1 3
2 4
0 3
0 4
5 1
3 1
6 5
5 4
3 3
3 2
2 3
2 3
1 5
0 4
1 5
3 4
3 3
2 5
14 1
1 5
0 2
9 4
2 5
1 4
1 5
0 4
0 3
1 5
2 4
1 4
0 5
0 4
0 4
0 5
4 1
3 4
10 4
4 4
2 2
2 5
15 2
2 4
5 2
1 4
3 3
10 3
5 1
5 3
1 3
1 4
3 2
5 4
0 4
10 5
3 1
2 4
3 5
4 2
0 4
1 2
0 5
0 4
0 5
0 2
0 5
0 4
1 2
5 1
1 3
2 3
8 2
1 2
0 5
6 3
1 3
1 1
1 2
1 3
1 4
0 4
1 2
1 4
0 5
0 2
1 2
1 3
7 3
2 3
0 5
2 5
1 3
4 2
3 2
2 2
3 5
3 3
2 2
0 5
1 3
0 5
5 1
1 4
0 5
0 5
0 4
0 4
0 4
1 1
1 5
1 1
2 2
0 5
1 1
1 5
0 2
2 4
0 5
1 3
1 3
2 5
9 1
0 5
4 1
3 3
1 1
0 4
2 2
2 4
10 1
1 4
0 5
2 3
1 5
0 2
0 5
0 4
0 4
0 2
1 2
0 5
0 5
0 2
1 2
0 4
1 3
0 5
0 2
2 4
0 4
0 3
0 5
1 2
0 2
2 4
11 4
0 3
3 4
4 3
2 1
9 5
6 1
2 1
0 5
0 1
4 2
6 3
4 1
2 4
3 5
0 2
1 4
0 2
0 2
0 2
0 5
4 5
0 3
3 5
2 3
3 1
60 3
2 1
1 3
0 2
1 2
1 5
0 1
1 4
0 5
0 3
0 4
1 3
0 2
0 5
18 1
0 3
5 4
0 2
6 2
9 2
1 5
0 2
2 2
0 2
3 1
3 3
2 1
3 3
5 1
3 2
3 2
2 5
2 5
2 3
11 1
3 4
0 2
1 3
1 3
1 5
2 1
0 4
1 1
0 3
0 5
2 1
2 4
0 3
1 1
0 5
1 4
0 5
0 5
0 4
0 5
72 3
1 1
2 5
7 1
3 1
0 5
1 5
0 2
26 1
1 2
1 2
1 5
4 1
0 5
1 5
3 3
12 5
0 5
0 5
0 4
2 3
20 2
1 1
1 4
0 5
1 4
7 4
6 4
0 3
2 1
0 2
0 4
3 1
19 2
1 3
6 1
2 2
1 5
2 3
7 1
5 5
3 4
7 1
2 3
0 4
0 4
5 2
0 2
3 1
0 4
1 2
0 5
0 5
0 5
0 1
1 2
3 1
13 4
0 5
1 5
1 2
4 3
17 2
6 5
1 3
1 3
18 3
13 1
14 2
0 4
2 5
14 1
9 3
11 3
0 3
0 3
5 3
0 3
11 2
0 4
9 4
1 5
3 1
0 4
2 2
4 4
3 5
9 1
1 1
1 5
0 5
2 4
0 3
0 5
120 4
1 3
7 1
1 2
1 4
1 2
5 3
5 1
1 2
5 1
0 2
0 4
0 4
0 3
1 4
28 4
9 4
2 1
9 2
31 1
10 3
5 2
6 3
3 1
31 5
4 5
4 5
9 5
3 2
2 4
18 5
38 3
15 2
12 4
2 1
1 5
4 5
29 2
