4	3	5	0.8
1	4	2	0.5
2	5	3	0.666667
0	4	0	0
0	3	0	0
0	4	1	0
2	4	3	0.666667
0	4	0	0
0	5	2	0
3	3	3	1
0	5	1	0
1	5	2	0.5
1	4	2	0.5
0	5	2	0
0	5	2	0
0	4	2	0
0	3	1	0
0	4	1	0
0	5	1	0
0	5	0	0
0	4	0	0
0	5	0	0
0	5	0	0
1	5	1	1
0	5	0	0
7	1	15	0.466667
0	5	0	0
0	3	1	0
0	5	0	0
0	3	0	0
2	2	2	1
15	5	17	0.882353
3	1	7	0.428571
0	5	0	0
1	5	1	1
0	5	0	0
2	5	2	1
0	5	0	0
1	3	1	1
0	5	0	0
0	5	0	0
0	4	0	0
0	4	0	0
1	5	1	1
0	5	0	0
0	5	0	0
0	4	0	0
1	5	3	0.333333
0	5	1	0
0	4	0	0
1	2	1	1
0	2	0	0
1	2	3	0.333333
1	4	1	1
0	3	0	0
3	1	6	0.5
0	5	0	0
0	4	0	0
0	5	1	0
3	2	4	0.75
0	5	3	0
3	1	4	0.75
0	3	0	0
1	5	1	1
0	4	0	0
0	5	0	0
0	5	3	0
0	4	1	0
0	5	1	0
2	2	3	0.666667
0	4	0	0
0	2	1	0
0	4	0	0
0	5	0	0
0	4	0	0
0	4	0	0
2	4	2	1
1	4	1	1
1	5	1	1
0	5	0	0
2	3	2	1
0	5	0	0
0	5	0	0
0	3	2	0
0	5	0	0
0	4	0	0
4	1	7	0.571429
0	4	0	0
2	4	2	1
3	5	4	0.75
1	1	3	0.333333
1	4	1	1
0	4	0	0
0	3	0	0
2	2	4	0.5
1	4	1	1
2	5	2	1
3	2	4	0.75
0	4	0	0
0	3	0	0
1	5	2	0.5
0	4	0	0
1	4	1	1
4	5	4	1
2	5	2	1
2	5	2	1
1	5	1	1
1	3	1	1
0	2	1	0
0	4	0	0
0	4	0	0
0	5	0	0
0	4	2	0
0	3	1	0
1	3	2	0.5
3	5	3	1
1	2	1	1
1	1	2	0.5
14	5	17	0.823529
0	5	1	0
3	1	5	0.6
2	5	3	0.666667
2	3	2	1
2	1	5	0.4
2	5	4	0.5
1	5	3	0.333333
1	5	3	0.333333
1	5	1	1
0	4	0	0
1	4	1	1
1	5	1	1
4	4	5	0.8
0	5	0	0
0	4	0	0
0	5	1	0
0	4	0	0
2	5	2	1
0	5	0	0
0	5	0	0
0	3	0	0
3	1	5	0.6
0	4	0	0
0	4	0	0
0	4	0	0
2	4	2	1
1	3	3	0.333333
1	4	1	1
2	3	3	0.666667
0	5	1	0
6	2	11	0.545455
2	1	4	0.5
0	5	1	0
0	4	0	0
1	1	1	1
0	4	0	0
0	4	0	0
3	1	4	0.75
1	3	3	0.333333
11	3	13	0.846154
0	2	2	0
0	3	1	0
1	4	2	0.5
3	4	3	1
0	3	1	0
0	5	2	0
0	3	1	0
0	5	1	0
2	1	3	0.666667
3	3	3	1
1	3	2	0.5
2	5	2	1
1	4	1	1
3	2	5	0.6
4	2	4	1
0	5	1	0
0	5	2	0
3	4	4	0.75
0	5	2	0
3	5	3	1
0	4	5	0
0	2	2	0
0	5	2	0
1	5	2	0.5
31	4	31	1
1	5	3	0.333333
0	3	1	0
1	5	2	0.5
3	5	3	1
2	1	7	0.285714
1	4	1	1
0	5	1	0
2	5	3	0.666667
3	5	6	0.5
0	3	0	0
4	5	4	1
0	2	4	0
2	4	2	1
5	4	5	1
0	5	1	0
2	5	3	0.666667
2	5	8	0.25
3	1	4	0.75
0	5	0	0
0	5	0	0
2	3	3	0.666667
0	3	0	0
1	5	1	1
0	3	2	0
0	5	0	0
1	2	1	1
2	1	6	0.333333
1	1	2	0.5
3	2	3	1
0	2	2	0
1	5	1	1
0	2	2	0
0	3	0	0
0	4	0	0
0	5	0	0
0	5	0	0
0	5	0	0
3	1	4	0.75
0	5	0	0
2	3	3	0.666667
0	4	1	0
4	5	7	0.571429
0	3	0	0
0	4	0	0
13	5	16	0.8125
1	2	1	1
0	5	0	0
3	5	3	1
5	1	6	0.833333
1	3	1	1
2	4	2	1
3	4	3	1
0	2	0	0
1	1	1	1
2	4	2	1
0	5	0	0
0	1	0	0
1	3	1	1
0	4	0	0
2	1	3	0.666667
0	3	0	0
6	2	7	0.857143
0	3	0	0
0	5	0	0
0	3	0	0
0	3	0	0
0	3	0	0
1	1	1	1
3	5	3	1
0	5	6	0
1	5	1	1
1	5	1	1
0	4	0	0
0	3	1	0
0	5	0	0
10	2	11	0.909091
1	2	1	1
0	3	0	0
0	4	1	0
0	5	0	0
4	5	5	0.8
1	4	2	0.5
3	3	3	1
2	4	3	0.666667
1	5	1	1
2	5	2	1
0	2	0	0
4	1	7	0.571429
1	4	2	0.5
4	4	4	1
0	3	0	0
1	3	1	1
1	5	2	0.5
1	3	1	1
1	5	1	1
0	3	0	0
0	5	1	0
0	2	1	0
3	5	3	1
2	3	3	0.666667
0	5	1	0
1	2	2	0.5
1	5	1	1
1	3	1	1
0	4	0	0
0	5	0	0
0	4	0	0
0	5	1	0
0	3	0	0
2	2	3	0.666667
1	5	1	1
1	2	2	0.5
1	4	1	1
1	4	1	1
2	5	2	1
2	1	3	0.666667
2	4	2	1
1	2	1	1
2	4	3	0.666667
3	1	5	0.6
1	5	1	1
0	3	0	0
0	4	1	0
0	3	0	0
1	5	3	0.333333
1	2	1	1
1	5	1	1
0	4	0	0
0	3	0	0
0	3	1	0
0	2	0	0
1	3	2	0.5
1	5	1	1
0	4	0	0
1	2	3	0.333333
0	2	0	0
2	5	3	0.666667
2	2	4	0.5
1	4	1	1
0	4	1	0
1	4	1	1
1	4	1	1
3	2	3	1
0	3	0	0
3	2	4	0.75
0	4	0	0
2	5	3	0.666667
1	3	1	1
2	5	2	1
3	1	4	0.75
0	4	0	0
0	3	0	0
0	4	0	0
0	4	0	0
1	3	1	1
0	5	0	0
0	5	0	0
0	5	1	0
0	4	0	0
2	2	2	1
0	4	0	0
0	4	0	0
0	1	0	0
1	3	2	0.5
1	3	1	1
1	2	4	0.25
2	5	3	0.666667
0	4	0	0
0	3	1	0
1	5	1	1
0	5	0	0
3	2	3	1
1	2	4	0.25
1	5	1	1
8	4	9	0.888889
0	5	8	0
0	5	0	0
0	5	2	0
2	3	3	0.666667
0	5	3	0
0	3	0	0
0	4	0	0
0	3	0	0
1	5	1	1
1	5	1	1
0	2	1	0
3	5	3	1
16	4	19	0.842105
0	3	1	0
0	2	0	0
0	5	0	0
4	3	4	1
1	3	1	1
0	5	0	0
0	5	0	0
0	5	0	0
1	5	1	1
1	4	1	1
4	5	5	0.8
0	5	0	0
1	5	1	1
0	3	0	0
1	2	2	0.5
0	5	0	0
0	4	0	0
0	5	0	0
1	5	2	0.5
2	5	2	1
0	5	0	0
1	4	1	1
1	2	3	0.333333
3	4	3	1
3	1	7	0.428571
3	5	3	1
1	2	5	0.2
4	3	5	0.8
4	5	5	0.8
0	4	0	0
0	5	0	0
1	3	1	1
1	3	3	0.333333
3	4	4	0.75
0	2	1	0
0	2	6	0
0	4	0	0
0	4	0	0
2	1	5	0.4
1	1	1	1
1	1	1	1
1	1	3	0.333333
0	5	0	0
7	1	9	0.777778
1	2	2	0.5
5	2	6	0.833333
3	4	5	0.6
2	5	4	0.5
3	5	5	0.6
2	5	3	0.666667
0	5	0	0
2	4	2	1
0	5	0	0
0	5	0	0
0	5	0	0
0	4	1	0
1	4	1	1
2	4	2	1
3	2	3	1
2	4	3	0.666667
4	4	5	0.8
0	4	0	0
0	5	0	0
0	5	2	0
1	5	1	1
13	4	15	0.866667
12	1	17	0.705882
1	5	1	1
1	1	1	1
5	3	6	0.833333
0	5	2	0
1	5	6	0.166667
3	1	14	0.214286
5	5	6	0.833333
9	3	9	1
1	5	1	1
2	4	3	0.666667
0	4	0	0
5	2	7	0.714286
0	2	0	0
5	1	11	0.454545
5	5	7	0.714286
1	4	1	1
3	3	3	1
0	4	0	0
0	3	0	0
1	1	3	0.333333
6	5	7	0.857143
3	5	5	0.6
0	5	0	0
3	2	6	0.5
2	2	5	0.4
2	5	2	1
2	4	2	1
1	2	2	0.5
0	4	1	0
1	5	3	0.333333
7	1	12	0.583333
1	3	1	1
4	5	5	0.8
5	2	10	0.5
4	2	7	0.571429
2	2	4	0.5
3	2	6	0.5
1	3	2	0.5
0	2	0	0
1	1	2	0.5
0	3	0	0
5	1	7	0.714286
0	5	0	0
0	5	3	0
0	4	0	0
0	4	0	0
1	2	2	0.5
0	3	0	0
0	3	0	0
5	3	13	0.384615
5	2	9	0.555556
0	3	0	0
6	2	9	0.666667
13	2	20	0.65
2	4	2	1
1	4	1	1
0	2	2	0
2	4	2	1
0	5	1	0
1	5	1	1
0	5	0	0
0	4	0	0
0	4	0	0
2	2	3	0.666667
2	1	3	0.666667
0	5	0	0
0	3	0	0
0	4	0	0
3	5	4	0.75
8	5	9	0.888889
4	5	4	1
1	3	1	1
2	3	11	0.181818
1	5	1	1
0	5	0	0
0	2	0	0
1	2	2	0.5
1	2	2	0.5
2	5	2	1
11	5	11	1
0	4	1	0
5	1	7	0.714286
1	3	5	0.2
2	5	2	1
3	5	4	0.75
5	2	7	0.714286
2	4	2	1
1	3	3	0.333333
1	2	1	1
0	2	0	0
0	5	0	0
0	4	0	0
2	4	2	1
0	5	0	0
0	2	0	0
0	2	0	0
1	5	2	0.5
0	3	0	0
0	3	0	0
2	5	2	1
3	4	3	1
5	2	5	1
1	2	1	1
1	5	2	0.5
3	1	4	0.75
2	5	2	1
0	4	0	0
31	5	40	0.775
1	3	1	1
0	5	0	0
0	5	1	0
0	5	2	0
0	3	0	0
6	2	9	0.666667
1	2	3	0.333333
1	5	2	0.5
2	2	2	1
0	5	0	0
0	3	0	0
0	3	0	0
0	5	1	0
3	2	3	1
2	4	2	1
1	2	1	1
5	4	5	1
4	3	5	0.8
0	3	0	0
2	1	3	0.666667
2	4	2	1
1	3	1	1
0	4	0	0
0	2	0	0
0	2	0	0
1	4	1	1
0	3	0	0
0	3	0	0
0	4	0	0
8	2	12	0.666667
2	4	4	0.5
1	5	1	1
3	3	3	1
1	3	1	1
2	4	4	0.5
0	3	0	0
0	4	2	0
5	1	6	0.833333
3	1	4	0.75
6	5	7	0.857143
5	4	7	0.714286
3	3	3	1
3	2	3	1
2	3	2	1
2	3	2	1
1	5	3	0.333333
0	4	1	0
1	5	3	0.333333
3	4	4	0.75
3	3	3	1
2	5	5	0.4
14	1	19	0.736842
1	5	1	1
0	2	0	0
9	4	9	1
2	5	2	1
1	4	2	0.5
1	5	1	1
0	4	0	0
0	3	0	0
1	5	1	1
2	4	2	1
1	4	1	1
0	5	0	0
0	4	0	0
0	4	0	0
0	5	0	0
4	1	5	0.8
3	4	4	0.75
10	4	12	0.833333
4	4	4	1
2	2	2	1
2	5	3	0.666667
15	2	20	0.75
2	4	3	0.666667
5	2	5	1
1	4	1	1
3	3	3	1
10	3	11	0.909091
5	1	6	0.833333
5	3	5	1
1	3	1	1
1	4	1	1
3	2	6	0.5
5	4	5	1
0	4	2	0
10	5	11	0.909091
3	1	6	0.5
2	4	2	1
3	5	4	0.75
4	2	8	0.5
0	4	1	0
1	2	1	1
0	5	1	0
0	4	1	0
0	5	2	0
0	2	0	0
0	5	5	0
0	4	0	0
1	2	1	1
5	1	6	0.833333
1	3	2	0.5
2	3	3	0.666667
8	2	9	0.888889
1	2	2	0.5
0	5	0	0
6	3	7	0.857143
1	3	1	1
1	1	1	1
1	2	1	1
1	3	1	1
1	4	1	1
0	4	1	0
1	2	2	0.5
1	4	2	0.5
0	5	1	0
0	2	0	0
1	2	2	0.5
1	3	1	1
7	3	7	1
2	3	2	1
0	5	1	0
2	5	2	1
1	3	1	1
4	2	8	0.5
3	2	3	1
2	2	2	1
3	5	5	0.6
3	3	4	0.75
2	2	5	0.4
0	5	0	0
1	3	3	0.333333
0	5	0	0
5	1	7	0.714286
1	4	1	1
0	5	6	0
0	5	0	0
0	4	0	0
0	4	0	0
0	4	0	0
1	1	6	0.166667
1	5	1	1
1	1	1	1
2	2	4	0.5
0	5	0	0
1	1	1	1
1	5	3	0.333333
0	2	1	0
2	4	3	0.666667
0	5	1	0
1	3	2	0.5
1	3	1	1
2	5	2	1
9	1	12	0.75
0	5	0	0
4	1	5	0.8
3	3	5	0.6
1	1	1	1
0	4	0	0
2	2	3	0.666667
2	4	2	1
10	1	13	0.769231
1	4	1	1
0	5	0	0
2	3	4	0.5
1	5	1	1
0	2	0	0
0	5	1	0
0	4	0	0
0	4	0	0
0	2	0	0
1	2	1	1
0	5	0	0
0	5	1	0
0	2	0	0
1	2	1	1
0	4	0	0
1	3	1	1
0	5	0	0
0	2	0	0
2	4	3	0.666667
0	4	0	0
0	3	2	0
0	5	0	0
1	2	1	1
0	2	0	0
2	4	2	1
11	4	13	0.846154
0	3	0	0
3	4	3	1
4	3	8	0.5
2	1	3	0.666667
9	5	10	0.9
6	1	7	0.857143
2	1	2	1
0	5	1	0
0	1	0	0
4	2	6	0.666667
6	3	6	1
4	1	5	0.8
2	4	2	1
3	5	4	0.75
0	2	1	0
1	4	1	1
0	2	1	0
0	2	0	0
0	2	0	0
0	5	0	0
4	5	5	0.8
0	3	0	0
3	5	3	1
2	3	4	0.5
3	1	6	0.5
60	3	62	0.967742
2	1	3	0.666667
1	3	1	1
0	2	1	0
1	2	2	0.5
1	5	1	1
0	1	0	0
1	4	1	1
0	5	0	0
0	3	0	0
0	4	1	0
1	3	1	1
0	2	1	0
0	5	1	0
18	1	25	0.72
0	3	0	0
5	4	5	1
0	2	0	0
6	2	6	1
9	2	11	0.818182
1	5	1	1
0	2	0	0
2	2	4	0.5
0	2	0	0
3	1	5	0.6
3	3	3	1
2	1	5	0.4
3	3	3	1
5	1	6	0.833333
3	2	3	1
3	2	6	0.5
2	5	2	1
2	5	3	0.666667
2	3	2	1
11	1	15	0.733333
3	4	3	1
0	2	0	0
1	3	1	1
1	3	2	0.5
1	5	2	0.5
2	1	3	0.666667
0	4	0	0
1	1	2	0.5
0	3	0	0
0	5	0	0
2	1	2	1
2	4	2	1
0	3	0	0
1	1	2	0.5
0	5	0	0
1	4	1	1
0	5	0	0
0	5	0	0
0	4	0	0
0	5	2	0
72	3	86	0.837209
1	1	1	1
2	5	2	1
7	1	11	0.636364
3	1	4	0.75
0	5	0	0
1	5	1	1
0	2	0	0
26	1	36	0.722222
1	2	1	1
1	2	1	1
1	5	2	0.5
4	1	6	0.666667
0	5	0	0
1	5	1	1
3	3	5	0.6
12	5	13	0.923077
0	5	0	0
0	5	0	0
0	4	0	0
2	3	2	1
20	2	25	0.8
1	1	2	0.5
1	4	2	0.5
0	5	2	0
1	4	3	0.333333
7	4	9	0.777778
6	4	8	0.75
0	3	1	0
2	1	8	0.25
0	2	0	0
0	4	1	0
3	1	8	0.375
19	2	25	0.76
1	3	2	0.5
6	1	8	0.75
2	2	2	1
1	5	2	0.5
2	3	2	1
7	1	10	0.7
5	5	27	0.185185
3	4	3	1
7	1	12	0.583333
2	3	4	0.5
0	4	0	0
0	4	2	0
5	2	5	1
0	2	0	0
3	1	3	1
0	4	0	0
1	2	1	1
0	5	0	0
0	5	0	0
0	5	0	0
0	1	0	0
1	2	3	0.333333
3	1	4	0.75
13	4	15	0.866667
0	5	0	0
1	5	1	1
1	2	1	1
4	3	8	0.5
17	2	33	0.515152
6	5	15	0.4
1	3	1	1
1	3	1	1
18	3	21	0.857143
13	1	17	0.764706
14	2	16	0.875
0	4	0	0
2	5	6	0.333333
14	1	24	0.583333
9	3	9	1
11	3	12	0.916667
0	3	0	0
0	3	0	0
5	3	5	1
0	3	0	0
11	2	14	0.785714
0	4	8	0
9	4	9	1
1	5	2	0.5
3	1	7	0.428571
0	4	0	0
2	2	5	0.4
4	4	4	1
3	5	4	0.75
9	1	14	0.642857
1	1	2	0.5
1	5	1	1
0	5	2	0
2	4	2	1
0	3	0	0
0	5	0	0
120	4	127	0.944882
1	3	2	0.5
7	1	11	0.636364
1	2	3	0.333333
1	4	1	1
1	2	6	0.166667
5	3	6	0.833333
5	1	15	0.333333
1	2	3	0.333333
5	1	8	0.625
0	2	1	0
0	4	0	0
0	4	0	0
0	3	2	0
1	4	1	1
28	4	31	0.903226
9	4	18	0.5
2	1	4	0.5
9	2	20	0.45
31	1	53	0.584906
10	3	12	0.833333
5	2	12	0.416667
6	3	7	0.857143
3	1	26	0.115385
31	5	37	0.837838
4	5	7	0.571429
4	5	11	0.363636
9	5	11	0.818182
3	2	8	0.375
2	4	4	0.5
18	5	32	0.5625
38	3	60	0.633333
15	2	26	0.576923
12	4	13	0.923077
2	1	38	0.0526316
1	5	3	0.333333
4	5	4	1
29	2	50	0.58
