4 5
5 4
0 4
28 5
8 4
0 3
2 2
2 5
2 4
3 5
3 5
1 5
2 3
1 5
1 5
3 3
4 5
2 4
2 5
4 5
3 5
4 5
4 5
5 5
3 4
3 5
2 5
1 5
2 5
1 5
2 5
1 5
1 4
1 5
5 1
2 5
4 5
1 5
2 5
12 1
1 5
1 4
1 5
2 3
0 4
0 4
7 3
1 5
35 2
1 5
0 5
0 5
0 5
0 5
3 5
3 5
0 4
2 3
0 5
0 5
0 3
0 3
0 5
2 4
1 3
5 4
0 5
4 3
1 4
1 3
1 5
0 5
0 5
5 1
1 5
3 1
1 3
1 5
0 5
5 1
1 5
2 5
0 5
0 5
0 4
8 5
7 5
3 1
2 5
1 3
0 5
0 5
3 5
2 2
1 5
2 4
3 4
0 5
2 4
0 5
0 3
0 3
0 4
6 1
3 5
1 4
0 5
0 5
2 5
1 5
2 5
1 4
0 4
0 5
0 5
1 4
0 5
0 5
0 5
7 5
1 1
0 5
1 4
1 5
0 5
0 5
2 3
1 5
1 5
0 4
4 2
0 4
0 5
0 5
5 1
4 5
2 4
0 5
0 5
0 5
3 5
1 5
11 1
0 5
0 5
3 5
2 5
2 3
0 3
0 5
0 2
0 3
1 4
2 4
3 5
0 5
0 3
266 2
1 4
2 4
0 5
0 5
0 5
0 4
0 4
0 4
0 4
1 5
0 4
0 2
0 4
0 4
0 2
1 5
0 4
0 4
0 4
0 4
0 5
0 5
0 4
0 4
1 5
1 3
2 4
0 4
2 4
3 4
1 5
2 5
1 5
0 5
0 5
1 4
2 5
0 5
1 4
0 4
1 5
0 5
0 4
11 1
0 4
2 5
0 4
0 3
0 4
13 3
0 4
1 5
0 4
1 3
2 5
0 5
3 5
0 4
3 5
2 1
1 2
1 5
0 5
0 5
0 5
0 3
1 3
1 5
4 4
1 5
2 5
2 4
1 5
1 3
2 3
7 5
0 5
0 5
1 5
0 5
0 4
0 4
2 1
1 4
0 5
0 5
2 5
2 1
2 5
1 5
1 5
1 5
5 1
0 4
0 5
2 5
0 5
0 5
4 5
1 5
0 5
2 5
1 3
0 5
0 5
0 5
0 5
0 5
3 5
0 4
0 5
0 4
2 5
0 5
0 5
0 5
0 3
1 5
3 5
0 5
0 5
1 5
2 5
2 4
1 5
5 5
0 4
0 5
5 5
1 4
4 4
2 4
1 2
0 3
6 5
2 5
4 5
0 3
6 5
1 5
0 4
1 5
1 5
1 5
24 1
2 5
1 5
0 4
9 2
1 4
2 5
4 5
2 5
0 5
0 4
1 2
4 5
0 4
1 5
3 5
1 5
769 5
1 2
2 2
1 4
1 4
3 5
2 4
0 5
0 4
5 4
0 5
0 4
4 4
3 1
0 5
6 1
7 5
2 5
8 5
0 5
0 4
1 5
4 1
1 4
1 4
1 5
2 2
4 4
0 5
2 4
0 4
12 5
1 4
0 3
0 5
0 3
1 3
2 5
0 4
0 4
0 4
0 5
4 4
2 5
0 5
3 5
3 5
0 3
3 5
5 1
4 2
35 1
0 5
1 3
0 5
14 1
1 5
5 1
0 4
4 1
1 5
0 5
0 3
38 5
1 5
1 4
0 4
3 5
0 3
1 4
0 4
0 2
2 4
0 3
0 4
3 2
0 5
1 5
8 5
0 2
1 5
0 3
133 5
4 5
5 5
0 5
9 5
1 5
1 5
1 5
2 3
0 5
0 5
0 5
8 5
0 4
1 5
3 5
1 5
9 5
7 5
2 5
2 5
0 4
0 5
2 5
0 4
3 1
0 4
1 5
4 5
0 3
0 5
1 4
0 5
0 4
1 5
0 5
0 4
0 4
1 5
5 1
2 5
0 5
0 5
0 4
1 4
1 3
3 5
0 5
0 4
1 3
0 3
3 3
2 4
1 4
2 5
4 2
3 5
2 3
1 3
2 5
2 5
0 5
8 3
2 1
3 5
7 5
1 5
2 5
4 5
12 4
0 5
3 5
1 5
2 5
0 5
3 5
3 5
0 5
1 5
2 5
6 1
3 4
1 4
5 3
2 5
10 1
4 5
1 5
2 4
2 1
0 5
1 5
2 4
6 1
31 5
3 2
3 3
1 5
10 1
2 3
4 2
7 5
1 5
1 5
4 5
2 5
2 5
1 5
8 1
6 5
1 3
1 3
0 3
2 4
8 3
2 5
1 1
13 5
0 5
3 5
11 5
2 5
3 1
42 5
2 5
0 5
0 5
0 4
0 5
4 4
41 5
0 4
0 5
10 1
0 5
0 5
0 5
0 5
0 4
6 1
1 5
0 3
0 5
0 4
0 5
0 2
0 4
1 5
0 2
0 5
0 5
0 5
0 4
0 5
0 4
0 5
2 5
5 1
0 4
0 5
0 3
0 4
1 5
0 5
0 5
0 5
0 5
0 3
8 1
5 1
0 4
0 5
1 5
0 5
0 5
0 5
0 5
0 4
0 5
0 5
1 4
1 5
0 5
0 5
0 5
0 5
4 5
0 5
2 5
1 5
1 5
0 5
0 5
