1 5
6 3
4 4
3 3
1 5
0 5
1 5
2 5
2 5
1 4
2 5
1 5
0 5
0 5
1 5
1 5
2 2
0 4
1 5
0 5
0 4
0 5
1 5
1 5
2 5
2 5
9 2
2 5
1 5
2 5
0 4
1 5
0 5
0 5
0 5
0 5
1 5
2 4
1 5
3 5
1 5
1 5
6 1
0 5
1 5
0 5
0 5
0 5
1 5
1 4
1 5
1 5
0 4
0 5
0 4
0 5
1 5
1 5
1 5
2 5
1 5
1 5
1 4
2 5
0 4
0 5
0 4
0 5
1 2
0 5
0 5
2 5
1 5
5 1
1 4
0 5
1 3
0 4
1 4
0 5
0 5
0 5
0 5
1 5
0 5
0 5
1 5
0 5
1 5
1 4
1 4
0 4
0 5
0 5
1 4
0 4
0 4
0 4
0 5
0 5
0 5
4 4
2 5
0 4
0 5
1 4
3 5
0 5
0 5
0 5
0 5
0 4
1 5
0 5
0 5
0 5
0 4
0 4
0 5
1 5
0 5
0 5
0 5
0 5
1 5
0 5
0 4
2 4
0 5
3 1
5 5
1 5
5 1
6 1
0 5
0 5
0 5
1 5
2 5
0 5
1 3
1 5
0 5
0 5
2 2
1 5
0 5
3 3
5 1
0 5
0 5
0 5
0 4
0 5
0 3
3 5
2 5
1 4
0 4
0 5
0 5
0 5
0 4
0 5
0 4
0 5
0 4
0 4
0 5
0 4
0 4
0 5
0 5
1 5
2 4
0 5
3 5
2 5
1 5
2 5
2 5
1 5
5 4
0 4
1 4
3 4
1 5
3 4
0 5
1 5
2 5
0 5
0 4
2 2
7 3
1 4
0 5
1 4
11 5
0 5
0 5
0 5
0 5
0 4
0 5
0 4
0 5
0 5
4 5
0 4
0 5
0 5
1 1
0 5
0 5
0 4
1 5
1 5
0 4
2 5
1 4
3 5
0 4
1 4
1 4
5 5
3 2
2 4
0 5
0 4
0 4
1 4
4 1
0 4
2 1
2 5
0 5
1 5
0 5
3 4
6 5
5 5
0 5
0 5
0 4
0 4
0 5
1 5
7 1
0 5
0 5
0 4
4 5
4 1
1 5
2 5
1 5
6 2
1 5
0 4
5 5
17 1
0 4
3 5
0 4
1 4
0 4
4 5
3 1
1 5
4 5
3 5
5 5
6 5
4 5
2 5
1 5
0 4
0 4
2 4
3 5
4 4
0 4
1 4
0 4
20 5
5 4
43 5
12 5
5 4
0 4
3 2
7 5
33 5
9 5
5 5
4 5
3 5
57 5
1 2
0 4
2 4
0 4
0 5
0 5
3 5
1 4
1 5
2 4
184 5
1 5
0 4
0 4
0 5
3 5
4 5
2 3
0 5
0 4
2 5
0 4
0 5
3 4
7 5
3 5
1 4
0 2
1 5
2 4
2 2
1 5
2 5
41 5
1 4
7 2
0 4
1 5
0 3
0 5
4 3
9 5
1 5
0 5
1 1
2 5
0 5
0 5
1 3
1 5
2 4
1 5
2 5
2 5
0 5
1 1
3 5
0 5
0 5
0 5
2 5
4 5
9 1
0 5
0 5
2 5
0 5
0 5
0 5
1 5
1 4
0 5
0 5
0 5
5 5
1 5
1 5
1 5
0 5
0 5
3 5
1 5
5 5
0 5
0 4
3 5
0 4
1 5
1 5
4 5
0 5
0 5
3 5
1 5
2 3
2 5
1 5
1 4
13 5
0 5
3 5
3 5
5 5
0 5
0 5
2 5
0 5
5 5
0 5
1 5
3 5
0 5
0 4
0 5
4 3
1 5
3 5
11 5
1 5
2 5
5 2
2 3
2 5
5 5
1 5
17 5
1 5
14 5
4 4
2 5
1 5
0 5
1 5
8 5
4 3
13 5
9 5
14 4
0 5
8 3
20 5
13 5
1 5
6 5
67 5
6 3
5 5
5 5
6 5
5 5
13 1
2 5
2 5
1 5
22 5
4 2
0 5
0 5
2 1
1 2
0 5
0 4
0 5
2 1
0 5
0 5
0 5
0 5
2 4
1 5
0 5
4 1
0 5
0 5
0 5
0 5
0 5
0 5
0 5
0 5
0 5
2 5
0 5
0 5
0 5
0 5
0 5
1 3
0 5
1 5
0 5
0 5
0 4
15 1
0 5
0 5
0 5
0 4
1 2
0 4
0 2
0 4
0 5
2 2
0 5
0 5
1 5
0 5
0 4
1 4
0 5
0 5
0 5
0 4
0 5
0 5
0 5
0 5
0 5
0 5
0 5
0 3
0 4
0 5
0 5
1 2
0 5
0 3
0 5
0 5
0 4
0 5
4 1
0 5
0 5
0 5
0 4
4 1
0 5
2 1
0 5
0 4
0 5
0 5
0 2
0 5
0 5
0 4
0 5
0 5
0 5
0 5
0 5
0 5
0 5
0 5
0 5
0 5
0 5
0 5
0 4
0 4
1 4
1 5
0 5
2 5
0 5
0 5
0 5
0 2
0 5
0 5
0 5
0 4
0 5
0 5
0 5
0 5
0 5
1 5
0 4
0 5
