6 3
1 5
9 1
1 3
0 4
2 5
7 1
1 4
1 4
0 5
2 2
1 5
12 1
1 5
0 4
7 2
1 5
12 2
24 1
3 5
2 5
1 3
12 1
1 5
3 5
0 5
2 5
0 4
1 5
0 5
1 5
2 5
3 5
0 5
0 5
0 5
4 1
1 4
2 4
0 5
1 3
0 5
15 1
1 4
1 5
6 1
17 1
23 1
2 5
0 5
0 5
1 4
2 5
0 4
0 5
0 5
1 4
1 5
0 5
0 5
0 5
3 3
1 5
8 1
1 5
1 4
1 5
0 4
1 3
2 4
14 3
1 3
0 5
2 5
1 5
2 4
9 5
11 1
1 5
2 4
1 5
0 5
0 5
13 1
1 3
14 1
36 1
0 4
1 5
2 4
1 5
208 3
1 3
15 1
30 1
12 1
2 5
0 5
15 1
2 5
30 1
0 4
0 5
0 4
1 5
0 3
17 2
0 3
13 2
1 5
0 5
3 5
1 5
1 4
6 1
0 3
0 4
3 5
0 5
0 5
1 5
6 2
0 4
0 5
0 5
0 4
0 5
0 3
2 1
2 5
1 5
0 5
3 4
0 5
2 5
3 5
0 5
5 1
0 3
0 4
0 2
0 5
0 4
13 1
0 5
4 1
0 5
1 5
0 4
0 5
1 5
1 5
0 5
1 4
0 5
1 5
2 5
0 5
1 5
0 5
0 3
2 2
0 4
0 5
0 5
0 5
2 4
0 4
0 5
0 5
2 1
2 2
1 5
0 5
0 5
0 5
0 3
0 5
2 5
0 5
0 5
0 5
0 5
0 5
3 3
1 3
0 4
7 1
0 5
1 5
6 5
1 5
3 3
0 5
0 5
0 4
0 4
0 5
1 5
0 3
0 4
1 4
0 5
0 5
0 5
2 5
0 5
0 5
0 5
0 5
0 5
0 4
0 3
0 5
0 5
1 5
0 5
6 5
1 5
0 3
4 4
0 5
0 5
1 5
0 4
0 5
1 3
0 5
0 5
11 5
31 1
2 5
1 4
0 4
0 5
9 1
0 5
0 5
0 5
0 3
0 2
0 5
0 5
2 4
0 5
1 5
0 4
1 5
0 1
0 5
0 5
0 4
0 5
0 5
0 5
0 5
0 5
0 5
0 5
3 5
1 5
0 5
0 5
0 4
0 5
0 5
0 4
0 5
0 5
0 5
6 5
0 5
0 5
0 5
0 4
0 5
0 4
0 5
0 5
0 4
0 4
0 5
10 1
1 5
5 5
0 5
0 5
0 5
2 5
0 5
0 5
0 5
1 3
0 5
0 5
0 5
21 5
0 5
3 5
1 5
1 5
0 5
0 5
0 5
0 5
0 4
0 4
1 5
0 5
0 5
3 4
0 5
0 5
1 4
1 5
0 5
22 1
0 5
2 5
0 5
0 4
2 5
0 2
29 1
0 5
0 5
6 1
0 5
11 1
0 5
7 1
0 5
0 5
9 1
2 5
0 5
2 4
2 5
0 5
0 5
0 5
0 2
0 5
5 5
290 4
0 5
2 5
0 5
1 4
0 5
0 5
0 5
0 4
0 3
3 2
0 5
0 5
0 5
0 5
0 5
0 5
7 5
0 5
0 5
1 5
0 5
0 3
1 5
2 2
1 5
1 5
1 5
0 5
1 5
0 5
2 4
3 5
2 5
1 5
6 1
0 5
3 5
0 5
0 5
0 5
0 5
0 5
0 5
0 5
0 4
0 4
3 5
0 5
4 5
0 5
0 4
1 5
0 5
0 4
0 5
0 5
0 5
1 5
3 1
3 5
6 5
0 5
1 5
0 4
8 1
0 4
0 5
26 1
11 1
1 5
1 1
1 5
1 5
0 5
0 3
6 5
1 5
0 5
11 1
0 5
1 5
0 5
0 5
1 4
1 5
0 5
0 5
0 5
0 5
0 5
0 3
1 5
0 5
0 3
0 5
0 5
0 3
0 4
0 5
0 3
0 4
0 2
0 4
0 5
0 5
0 5
0 4
0 5
0 5
0 4
0 4
7 5
1 5
0 4
0 5
1 5
7 2
0 4
0 4
0 5
0 5
0 5
1 5
1 5
0 5
2 5
2 5
1 5
12 1
1 5
0 5
3 5
2 3
3 5
0 5
6 5
1 5
0 5
0 5
1 5
1 4
0 5
1 5
3 5
214 1
2 5
31 1
0 5
4 1
0 5
0 5
0 4
0 5
3 5
0 4
0 3
2 5
0 5
0 4
0 3
0 4
6 4
0 5
0 5
12 1
3 4
1 5
1 5
0 4
7 1
0 4
0 5
0 5
0 5
4 5
0 5
8 5
1 5
0 5
0 5
0 4
0 4
0 5
0 5
0 5
2 5
1 5
0 5
1 5
11 4
3 5
0 4
0 5
0 5
3 5
5 1
1 5
1 4
1 5
1 5
0 5
0 5
0 3
29 2
0 5
2 3
0 5
0 5
0 5
0 5
4 1
0 5
1 5
0 5
0 5
0 5
0 5
0 5
0 5
1 4
0 5
0 4
0 4
0 5
0 4
0 4
1 5
0 4
0 4
1 5
0 4
1 2
1 5
43 5
7 5
8 1
0 5
1 4
8 5
3 5
1 5
6 5
1 4
4 4
5 2
3 5
0 5
0 5
1 5
0 3
0 5
0 5
2 5
1 4
1 5
0 5
1 5
0 5
0 5
0 5
0 4
0 5
0 5
1 5
0 5
0 5
0 5
0 5
0 5
0 5
6 5
0 5
6 5
1 5
0 5
1 5
0 5
0 5
1 5
0 4
0 5
1 5
8 5
7 5
8 5
0 4
3 5
5 5
4 5
0 5
0 5
0 5
0 5
0 5
0 5
0 5
0 5
0 4
0 5
0 5
0 5
0 5
0 5
0 5
0 5
0 5
0 5
9 1
0 5
0 5
0 5
0 4
0 5
0 5
0 5
0 5
0 5
0 5
0 5
0 5
