5 4
17 4
14 1
18 1
5 3
7 5
6 4
8 5
22 1
5 4
46 4
13 4
22 1
4 4
9 5
2 3
4 5
5 5
4 3
3 4
3 4
22 1
8 5
4 3
22 1
30 4
14 5
4 3
19 4
46 4
15 2
19 5
10 5
21 1
5 5
16 5
14 5
6 4
10 5
18 1
7 4
11 4
9 4
10 5
11 1
4 5
9 1
8 1
10 1
8 4
15 5
9 5
4 4
22 1
21 5
16 5
17 1
24 1
20 1
22 5
14 1
6 4
4 4
4 3
3 4
6 2
14 3
8 5
7 3
22 1
3 3
8 3
21 5
3 3
1 4
17 1
6 4
5 5
12 1
10 5
14 1
15 1
5 4
10 2
23 3
39 1
27 4
15 4
57 1
33 1
10 4
15 4
18 4
4 3
81 3
34 4
25 5
32 5
12 2
113 1
157 1
14 4
16 5
24 5
21 2
17 5
17 1
18 5
7 4
2 3
9 3
148 1
17 1
13 5
13 1
20 1
8 5
5 3
5 4
15 1
23 1
6 4
26 1
17 1
5 3
7 5
7 5
10 5
8 5
22 1
11 5
6 3
8 5
11 5
13 5
9 5
5 4
7 5
8 5
8 5
21 5
5 3
3 5
7 5
6 4
8 5
20 1
6 4
6 4
17 5
7 5
10 5
16 5
22 1
5 4
10 5
34 1
19 2
24 1
15 5
6 4
19 5
15 4
21 2
19 5
184 5
13 4
25 1
15 5
26 5
5 4
10 5
14 5
7 4
33 1
24 1
11 2
19 1
23 1
5 3
6 4
5 4
9 4
4 3
16 1
25 1
13 1
13 3
4 3
9 5
5 4
6 5
3 5
5 5
5 2
2 5
6 5
6 4
10 1
4 5
3 5
50 4
9 1
17 4
10 1
4 4
11 1
11 1
4 5
6 4
8 4
11 1
8 5
14 2
5 4
10 1
7 5
13 1
2 5
17 5
1 3
2 4
2 4
16 1
8 2
5 5
6 5
10 2
12 2
3 5
8 5
3 4
10 1
99 1
15 1
10 1
3 2
8 5
14 1
3 5
23 1
43 1
21 1
113 1
4 5
7 4
11 1
12 1
9 5
6 3
12 1
116 1
3 5
19 4
27 5
6 1
2 4
3 2
1 4
7 1
23 2
25 3
4 5
3 5
3 5
9 1
1 5
5 5
2 5
3 5
1 5
8 1
5 4
26 4
1 4
0 4
5 1
2 5
4 1
16 2
4 5
3 5
17 1
2 5
1 5
8 2
0 4
1 4
18 1
20 1
2 5
4 1
6 5
7 2
3 5
14 1
13 1
5 2
10 5
10 5
6 5
32 1
18 1
19 1
6 5
1 3
5 4
2 5
2 5
8 1
4 5
10 1
9 1
10 1
8 1
7 5
11 2
9 1
7 1
9 1
3 5
7 1
10 1
9 1
0 4
4 2
17 1
8 1
8 1
11 1
8 1
10 1
6 5
6 1
2 5
12 1
6 1
10 1
8 1
9 1
3 5
5 5
2 5
76 1
10 5
4 5
4 5
9 1
4 1
5 1
6 5
3 4
6 5
6 4
8 1
12 1
3 5
2 3
5 5
2 3
9 1
0 4
4 5
7 5
86 1
6 1
8 5
2 4
19 1
2 4
3 5
4 5
13 1
3 5
6 1
4 5
1 3
12 1
4 5
6 1
4 5
4 5
10 1
6 5
3 5
8 1
3 5
10 1
1 4
2 5
4 2
6 1
3 5
2 5
2 5
2 5
10 1
2 5
2 5
1 5
3 5
6 2
3 5
6 1
6 1
3 5
2 4
6 1
2 5
7 1
0 4
1 5
1 5
11 1
0 3
3 5
2 5
0 3
6 1
19 1
0 4
3 5
1 5
3 5
1 5
3 2
1 5
12 1
7 1
0 3
5 1
2 5
6 1
2 2
4 1
2 1
5 1
4 1
5 1
4 1
4 1
5 1
10 1
4 1
4 1
4 1
1 5
0 4
4 5
5 1
5 1
3 1
4 1
4 1
5 1
2 5
6 1
1 5
4 5
5 1
5 1
1 5
5 1
1 5
0 3
5 1
5 1
2 5
7 1
5 1
5 1
0 5
0 5
1 4
23 1
0 5
5 1
3 1
6 1
1 4
0 4
6 1
61 5
0 4
1 3
6 1
4 5
0 5
5 1
3 1
6 1
0 3
1 5
2 5
3 5
0 5
7 1
9 4
4 5
0 4
0 4
6 1
2 5
5 1
1 5
1 2
6 1
2 5
0 5
6 1
1 3
1 5
3 5
7 1
6 1
2 3
6 1
1 5
6 1
4 1
0 5
6 1
2 5
4 1
6 1
2 5
20 5
216 1
85 5
0 4
2 5
141 3
2 5
30 5
2 5
69 3
98 4
108 5
99 5
2 5
25 1
49 5
0 3
6 1
7 1
8 1
5 1
7 5
10 5
2 2
1 4
2 5
117 1
1 2
7 1
119 1
6 1
5 1
207 1
7 1
12 5
11 5
6 1
19 3
191 4
179 1
25 4
53 5
67 1
55 4
125 1
64 2
92 1
5 3
26 5
286 1
14 5
44 5
73 5
30 3
18 5
54 5
53 2
0 5
23 5
102 4
12 5
103 1
17 5
15 5
41 5
22 5
