5	4	7	0.714286
17	4	22	0.772727
14	1	56	0.25
18	1	49	0.367347
5	3	7	0.714286
7	5	16	0.4375
6	4	13	0.461538
8	5	15	0.533333
22	1	56	0.392857
5	4	10	0.5
46	4	61	0.754098
13	4	18	0.722222
22	1	56	0.392857
4	4	8	0.5
9	5	15	0.6
2	3	5	0.4
4	5	9	0.444444
5	5	9	0.555556
4	3	6	0.666667
3	4	5	0.6
3	4	7	0.428571
22	1	61	0.360656
8	5	14	0.571429
4	3	8	0.5
22	1	73	0.30137
30	4	39	0.769231
14	5	23	0.608696
4	3	11	0.363636
19	4	25	0.76
46	4	62	0.741935
15	2	21	0.714286
19	5	55	0.345455
10	5	17	0.588235
21	1	46	0.456522
5	5	10	0.5
16	5	22	0.727273
14	5	23	0.608696
6	4	13	0.461538
10	5	19	0.526316
18	1	96	0.1875
7	4	49	0.142857
11	4	22	0.5
9	4	13	0.692308
10	5	17	0.588235
11	1	56	0.196429
4	5	7	0.571429
9	1	32	0.28125
8	1	53	0.150943
10	1	47	0.212766
8	4	14	0.571429
15	5	24	0.625
9	5	16	0.5625
4	4	8	0.5
22	1	79	0.278481
21	5	32	0.65625
16	5	26	0.615385
17	1	56	0.303571
24	1	67	0.358209
20	1	61	0.327869
22	5	32	0.6875
14	1	48	0.291667
6	4	11	0.545455
4	4	8	0.5
4	3	10	0.4
3	4	7	0.428571
6	2	18	0.333333
14	3	22	0.636364
8	5	15	0.533333
7	3	11	0.636364
22	1	53	0.415094
3	3	9	0.333333
8	3	12	0.666667
21	5	35	0.6
3	3	8	0.375
1	4	4	0.25
17	1	30	0.566667
6	4	11	0.545455
5	5	15	0.333333
12	1	28	0.428571
10	5	20	0.5
14	1	38	0.368421
15	1	30	0.5
5	4	24	0.208333
10	2	12	0.833333
23	3	30	0.766667
39	1	85	0.458824
27	4	68	0.397059
15	4	35	0.428571
57	1	88	0.647727
33	1	66	0.5
10	4	30	0.333333
15	4	33	0.454545
18	4	43	0.418605
4	3	14	0.285714
81	3	105	0.771429
34	4	58	0.586207
25	5	35	0.714286
32	5	52	0.615385
12	2	24	0.5
113	1	232	0.487069
157	1	267	0.588015
14	4	37	0.378378
16	5	32	0.5
24	5	46	0.521739
21	2	35	0.6
17	5	31	0.548387
17	1	44	0.386364
18	5	30	0.6
7	4	15	0.466667
2	3	7	0.285714
9	3	14	0.642857
148	1	197	0.751269
17	1	33	0.515152
13	5	21	0.619048
13	1	31	0.419355
20	1	42	0.47619
8	5	24	0.333333
5	3	12	0.416667
5	4	12	0.416667
15	1	24	0.625
23	1	52	0.442308
6	4	14	0.428571
26	1	48	0.541667
17	1	33	0.515152
5	3	13	0.384615
7	5	19	0.368421
7	5	24	0.291667
10	5	19	0.526316
8	5	19	0.421053
22	1	43	0.511628
11	5	23	0.478261
6	3	8	0.75
8	5	23	0.347826
11	5	23	0.478261
13	5	25	0.52
9	5	22	0.409091
5	4	12	0.416667
7	5	17	0.411765
8	5	17	0.470588
8	5	16	0.5
21	5	47	0.446809
5	3	13	0.384615
3	5	6	0.5
7	5	18	0.388889
6	4	19	0.315789
8	5	18	0.444444
20	1	41	0.487805
6	4	11	0.545455
6	4	16	0.375
17	5	37	0.459459
7	5	25	0.28
10	5	32	0.3125
16	5	36	0.444444
22	1	42	0.52381
5	4	25	0.2
10	5	31	0.322581
34	1	69	0.492754
19	2	27	0.703704
24	1	37	0.648649
15	5	26	0.576923
6	4	13	0.461538
19	5	45	0.422222
15	4	34	0.441176
21	2	38	0.552632
19	5	37	0.513514
184	5	266	0.691729
13	4	31	0.419355
25	1	50	0.5
15	5	31	0.483871
26	5	46	0.565217
5	4	11	0.454545
10	5	24	0.416667
14	5	23	0.608696
7	4	12	0.583333
33	1	59	0.559322
24	1	47	0.510638
11	2	24	0.458333
19	1	40	0.475
23	1	42	0.547619
5	3	10	0.5
6	4	14	0.428571
5	4	11	0.454545
9	4	26	0.346154
4	3	12	0.333333
16	1	26	0.615385
25	1	40	0.625
13	1	26	0.5
13	3	30	0.433333
4	3	10	0.4
9	5	18	0.5
5	4	9	0.555556
6	5	13	0.461538
3	5	13	0.230769
5	5	10	0.5
5	2	14	0.357143
2	5	9	0.222222
6	5	14	0.428571
6	4	11	0.545455
10	1	17	0.588235
4	5	13	0.307692
3	5	9	0.333333
50	4	80	0.625
9	1	14	0.642857
17	4	26	0.653846
10	1	15	0.666667
4	4	10	0.4
11	1	24	0.458333
11	1	17	0.647059
4	5	11	0.363636
6	4	10	0.6
8	4	13	0.615385
11	1	15	0.733333
8	5	15	0.533333
14	2	20	0.7
5	4	12	0.416667
10	1	14	0.714286
7	5	20	0.35
13	1	21	0.619048
2	5	8	0.25
17	5	49	0.346939
1	3	7	0.142857
2	4	7	0.285714
2	4	5	0.4
16	1	24	0.666667
8	2	13	0.615385
5	5	16	0.3125
6	5	17	0.352941
10	2	15	0.666667
12	2	18	0.666667
3	5	11	0.272727
8	5	29	0.275862
3	4	9	0.333333
10	1	15	0.666667
99	1	137	0.722628
15	1	20	0.75
10	1	15	0.666667
3	2	5	0.6
8	5	21	0.380952
14	1	20	0.7
3	5	9	0.333333
23	1	34	0.676471
43	1	62	0.693548
21	1	30	0.7
113	1	154	0.733766
4	5	17	0.235294
7	4	11	0.636364
11	1	18	0.611111
12	1	20	0.6
9	5	22	0.409091
6	3	12	0.5
12	1	19	0.631579
116	1	203	0.571429
3	5	10	0.3
19	4	48	0.395833
27	5	69	0.391304
6	1	9	0.666667
2	4	6	0.333333
3	2	4	0.75
1	4	4	0.25
7	1	12	0.583333
23	2	49	0.469388
25	3	41	0.609756
4	5	10	0.4
3	5	10	0.3
3	5	8	0.375
9	1	14	0.642857
1	5	6	0.166667
5	5	9	0.555556
2	5	4	0.5
3	5	9	0.333333
1	5	7	0.142857
8	1	11	0.727273
5	4	14	0.357143
26	4	49	0.530612
1	4	6	0.166667
0	4	3	0
5	1	8	0.625
2	5	7	0.285714
4	1	4	1
16	2	23	0.695652
4	5	18	0.222222
3	5	8	0.375
17	1	24	0.708333
2	5	11	0.181818
1	5	5	0.2
8	2	12	0.666667
0	4	4	0
1	4	13	0.0769231
18	1	27	0.666667
20	1	29	0.689655
2	5	6	0.333333
4	1	6	0.666667
6	5	18	0.333333
7	2	9	0.777778
3	5	13	0.230769
14	1	23	0.608696
13	1	19	0.684211
5	2	12	0.416667
10	5	24	0.416667
10	5	25	0.4
6	5	16	0.375
32	1	52	0.615385
18	1	27	0.666667
19	1	28	0.678571
6	5	23	0.26087
1	3	4	0.25
5	4	13	0.384615
2	5	8	0.25
2	5	12	0.166667
8	1	12	0.666667
4	5	11	0.363636
10	1	16	0.625
9	1	13	0.692308
10	1	14	0.714286
8	1	12	0.666667
7	5	15	0.466667
11	2	17	0.647059
9	1	15	0.6
7	1	12	0.583333
9	1	13	0.692308
3	5	11	0.272727
7	1	15	0.466667
10	1	13	0.769231
9	1	13	0.692308
0	4	4	0
4	2	6	0.666667
17	1	24	0.708333
8	1	14	0.571429
8	1	11	0.727273
11	1	16	0.6875
8	1	11	0.727273
10	1	15	0.666667
6	5	13	0.461538
6	1	9	0.666667
2	5	7	0.285714
12	1	18	0.666667
6	1	9	0.666667
10	1	15	0.666667
8	1	12	0.666667
9	1	13	0.692308
3	5	11	0.272727
5	5	13	0.384615
2	5	6	0.333333
76	1	112	0.678571
10	5	25	0.4
4	5	9	0.444444
4	5	12	0.333333
9	1	14	0.642857
4	1	6	0.666667
5	1	7	0.714286
6	5	15	0.4
3	4	7	0.428571
6	5	18	0.333333
6	4	19	0.315789
8	1	15	0.533333
12	1	18	0.666667
3	5	12	0.25
2	3	5	0.4
5	5	12	0.416667
2	3	4	0.5
9	1	15	0.6
0	4	2	0
4	5	12	0.333333
7	5	12	0.583333
86	1	115	0.747826
6	1	11	0.545455
8	5	15	0.533333
2	4	5	0.4
19	1	29	0.655172
2	4	7	0.285714
3	5	8	0.375
4	5	10	0.4
13	1	17	0.764706
3	5	11	0.272727
6	1	8	0.75
4	5	11	0.363636
1	3	4	0.25
12	1	16	0.75
4	5	10	0.4
6	1	8	0.75
4	5	7	0.571429
4	5	7	0.571429
10	1	15	0.666667
6	5	11	0.545455
3	5	6	0.5
8	1	12	0.666667
3	5	8	0.375
10	1	15	0.666667
1	4	7	0.142857
2	5	10	0.2
4	2	6	0.666667
6	1	8	0.75
3	5	10	0.3
2	5	8	0.25
2	5	7	0.285714
2	5	4	0.5
10	1	14	0.714286
2	5	5	0.4
2	5	9	0.222222
1	5	5	0.2
3	5	6	0.5
6	2	8	0.75
3	5	10	0.3
6	1	9	0.666667
6	1	9	0.666667
3	5	6	0.5
2	4	6	0.333333
6	1	9	0.666667
2	5	4	0.5
7	1	11	0.636364
0	4	3	0
1	5	4	0.25
1	5	5	0.2
11	1	14	0.785714
0	3	2	0
3	5	6	0.5
2	5	6	0.333333
0	3	1	0
6	1	9	0.666667
19	1	27	0.703704
0	4	3	0
3	5	7	0.428571
1	5	4	0.25
3	5	8	0.375
1	5	4	0.25
3	2	4	0.75
1	5	6	0.166667
12	1	18	0.666667
7	1	11	0.636364
0	3	1	0
5	1	8	0.625
2	5	5	0.4
6	1	8	0.75
2	2	2	1
4	1	6	0.666667
2	1	5	0.4
5	1	8	0.625
4	1	5	0.8
5	1	8	0.625
4	1	5	0.8
4	1	7	0.571429
5	1	8	0.625
10	1	14	0.714286
4	1	7	0.571429
4	1	6	0.666667
4	1	5	0.8
1	5	4	0.25
0	4	2	0
4	5	7	0.571429
5	1	8	0.625
5	1	8	0.625
3	1	4	0.75
4	1	6	0.666667
4	1	7	0.571429
5	1	8	0.625
2	5	7	0.285714
6	1	10	0.6
1	5	3	0.333333
4	5	7	0.571429
5	1	8	0.625
5	1	7	0.714286
1	5	3	0.333333
5	1	8	0.625
1	5	4	0.25
0	3	2	0
5	1	7	0.714286
5	1	8	0.625
2	5	7	0.285714
7	1	11	0.636364
5	1	8	0.625
5	1	8	0.625
0	5	2	0
0	5	4	0
1	4	4	0.25
23	1	31	0.741935
0	5	5	0
5	1	7	0.714286
3	1	4	0.75
6	1	9	0.666667
1	4	2	0.5
0	4	1	0
6	1	8	0.75
61	5	197	0.309645
0	4	1	0
1	3	2	0.5
6	1	9	0.666667
4	5	11	0.363636
0	5	3	0
5	1	6	0.833333
3	1	4	0.75
6	1	9	0.666667
0	3	1	0
1	5	3	0.333333
2	5	4	0.5
3	5	7	0.428571
0	5	1	0
7	1	9	0.777778
9	4	13	0.692308
4	5	8	0.5
0	4	1	0
0	4	2	0
6	1	10	0.6
2	5	4	0.5
5	1	8	0.625
1	5	3	0.333333
1	2	1	1
6	1	8	0.75
2	5	5	0.4
0	5	2	0
6	1	10	0.6
1	3	2	0.5
1	5	3	0.333333
3	5	6	0.5
7	1	9	0.777778
6	1	9	0.666667
2	3	3	0.666667
6	1	7	0.857143
1	5	6	0.166667
6	1	9	0.666667
4	1	6	0.666667
0	5	1	0
6	1	8	0.75
2	5	4	0.5
4	1	7	0.571429
6	1	9	0.666667
2	5	4	0.5
20	5	105	0.190476
216	1	457	0.472648
85	5	212	0.400943
0	4	1	0
2	5	5	0.4
141	3	271	0.520295
2	5	5	0.4
30	5	79	0.379747
2	5	4	0.5
69	3	115	0.6
98	4	252	0.388889
108	5	302	0.357616
99	5	184	0.538043
2	5	4	0.5
25	1	34	0.735294
49	5	123	0.398374
0	3	3	0
6	1	8	0.75
7	1	11	0.636364
8	1	12	0.666667
5	1	8	0.625
7	5	42	0.166667
10	5	70	0.142857
2	2	4	0.5
1	4	1	1
2	5	5	0.4
117	1	166	0.704819
1	2	2	0.5
7	1	12	0.583333
119	1	170	0.7
6	1	10	0.6
5	1	9	0.555556
207	1	284	0.728873
7	1	11	0.636364
12	5	44	0.272727
11	5	43	0.255814
6	1	8	0.75
19	3	30	0.633333
191	4	270	0.707407
179	1	246	0.727642
25	4	63	0.396825
53	5	133	0.398496
67	1	97	0.690722
55	4	88	0.625
125	1	171	0.730994
64	2	94	0.680851
92	1	161	0.571429
5	3	26	0.192308
26	5	72	0.361111
286	1	390	0.733333
14	5	60	0.233333
44	5	99	0.444444
73	5	190	0.384211
30	3	59	0.508475
18	5	66	0.272727
54	5	138	0.391304
53	2	104	0.509615
0	5	3	0
23	5	56	0.410714
102	4	222	0.459459
12	5	48	0.25
103	1	143	0.72028
17	5	55	0.309091
15	5	48	0.3125
41	5	117	0.350427
22	5	61	0.360656
