11	4	19	0.578947
0	5	18	0
24	1	42	0.571429
14	1	28	0.5
10	5	17	0.588235
11	1	24	0.458333
14	5	37	0.378378
21	1	39	0.538462
15	1	41	0.365854
24	1	43	0.55814
11	2	21	0.52381
14	5	27	0.518519
7	2	20	0.35
19	1	38	0.5
15	5	24	0.625
10	1	41	0.243902
17	1	36	0.472222
12	1	27	0.444444
9	3	22	0.409091
15	4	31	0.483871
18	1	35	0.514286
10	1	21	0.47619
8	4	16	0.5
13	1	24	0.541667
21	1	37	0.567568
18	1	34	0.529412
17	5	30	0.566667
13	5	24	0.541667
13	4	23	0.565217
14	1	26	0.538462
10	5	25	0.4
13	1	27	0.481481
13	1	26	0.5
5	4	18	0.277778
12	5	22	0.545455
12	1	23	0.521739
12	1	31	0.387097
2	3	8	0.25
13	1	25	0.52
2	3	15	0.133333
7	4	13	0.538462
8	5	14	0.571429
10	1	21	0.47619
10	5	33	0.30303
23	1	36	0.638889
15	1	30	0.5
13	1	24	0.541667
12	1	24	0.5
18	5	31	0.580645
17	4	29	0.586207
17	1	32	0.53125
7	5	19	0.368421
6	1	15	0.4
7	1	21	0.333333
9	5	19	0.473684
9	1	18	0.5
13	1	25	0.52
21	5	36	0.583333
15	1	34	0.441176
22	5	38	0.578947
13	1	30	0.433333
16	2	25	0.64
17	1	32	0.53125
15	5	41	0.365854
91	1	189	0.481481
32	1	80	0.4
7	5	22	0.318182
4	5	11	0.363636
10	5	20	0.5
8	5	18	0.444444
14	2	24	0.583333
9	1	20	0.45
10	1	25	0.4
5	4	10	0.5
5	4	10	0.5
5	1	22	0.227273
3	5	12	0.25
13	5	36	0.361111
5	1	10	0.5
12	1	22	0.545455
3	4	12	0.25
2	5	6	0.333333
8	1	14	0.571429
5	5	16	0.3125
7	4	13	0.538462
6	1	12	0.5
9	1	17	0.529412
3	5	8	0.375
7	1	14	0.5
4	1	9	0.444444
5	2	9	0.555556
5	5	10	0.5
8	1	17	0.470588
9	5	13	0.692308
2	5	5	0.4
3	5	7	0.428571
4	2	7	0.571429
3	5	7	0.428571
4	1	9	0.444444
5	5	12	0.416667
4	4	6	0.666667
3	5	6	0.5
15	5	27	0.555556
13	1	25	0.52
8	4	18	0.444444
3	1	7	0.428571
19	1	42	0.452381
7	1	14	0.5
1	5	8	0.125
10	1	20	0.5
11	1	21	0.52381
10	1	20	0.5
2	3	7	0.285714
9	1	17	0.529412
6	5	18	0.333333
4	3	7	0.571429
15	1	24	0.625
16	1	29	0.551724
3	1	7	0.428571
1	4	8	0.125
3	4	9	0.333333
5	3	7	0.714286
5	5	11	0.454545
7	1	14	0.5
3	3	6	0.5
4	5	12	0.333333
2	4	6	0.333333
3	4	6	0.5
4	1	9	0.444444
4	1	9	0.444444
7	1	15	0.466667
5	4	8	0.625
7	1	14	0.5
1	5	3	0.333333
11	2	23	0.478261
5	5	19	0.263158
11	5	27	0.407407
3	5	6	0.5
9	3	14	0.642857
3	4	5	0.6
7	5	12	0.583333
2	3	3	0.666667
65	5	115	0.565217
8	2	21	0.380952
4	3	10	0.4
4	5	6	0.666667
4	5	9	0.444444
5	5	12	0.416667
7	5	17	0.411765
2	5	4	0.5
4	5	13	0.307692
2	5	9	0.222222
42	1	78	0.538462
23	5	37	0.621622
24	1	49	0.489796
9	5	19	0.473684
16	4	23	0.695652
6	5	18	0.333333
74	1	134	0.552239
16	1	37	0.432432
3	5	12	0.25
12	1	25	0.48
15	1	30	0.5
8	5	15	0.533333
5	5	13	0.384615
0	3	3	0
10	4	14	0.714286
8	5	13	0.615385
14	2	22	0.636364
2	3	4	0.5
6	4	7	0.857143
0	3	3	0
14	5	19	0.736842
20	1	42	0.47619
6	5	10	0.6
5	2	10	0.5
34	1	58	0.586207
13	1	22	0.590909
8	5	17	0.470588
15	1	31	0.483871
32	1	67	0.477612
12	2	26	0.461538
11	1	21	0.52381
11	1	21	0.52381
7	1	14	0.5
0	5	13	0
11	5	25	0.44
32	1	48	0.666667
4	1	13	0.307692
4	3	6	0.666667
3	5	8	0.375
6	5	12	0.5
5	5	12	0.416667
13	1	32	0.40625
3	4	10	0.3
52	3	73	0.712329
16	1	67	0.238806
9	4	13	0.692308
2	4	2	1
5	5	10	0.5
4	4	6	0.666667
7	1	24	0.291667
6	1	21	0.285714
0	5	3	0
3	5	7	0.428571
2	5	7	0.285714
21	5	45	0.466667
6	1	17	0.352941
29	5	49	0.591837
8	1	20	0.4
2	5	6	0.333333
2	3	3	0.666667
8	4	12	0.666667
4	5	17	0.235294
1	3	2	0.5
4	5	10	0.4
17	1	54	0.314815
11	5	18	0.611111
13	1	31	0.419355
35	4	38	0.921053
16	3	42	0.380952
11	5	18	0.611111
18	1	46	0.391304
21	3	31	0.677419
9	1	22	0.409091
3	5	6	0.5
5	5	9	0.555556
10	2	23	0.434783
3	5	5	0.6
17	1	44	0.386364
9	5	15	0.6
11	2	25	0.44
10	5	19	0.526316
4	5	11	0.363636
16	1	46	0.347826
12	5	21	0.571429
1	4	1	1
13	5	20	0.65
1	2	5	0.2
0	5	6	0
2	5	3	0.666667
0	4	2	0
6	5	12	0.5
11	4	16	0.6875
8	5	12	0.666667
12	5	17	0.705882
9	5	19	0.473684
16	1	50	0.32
0	5	2	0
0	4	3	0
12	1	24	0.5
11	5	15	0.733333
20	1	37	0.540541
4	1	40	0.1
11	1	38	0.289474
18	3	31	0.580645
6	4	11	0.545455
12	5	21	0.571429
0	4	0	0
4	5	11	0.363636
9	5	23	0.391304
4	5	7	0.571429
15	1	36	0.416667
6	5	12	0.5
5	5	16	0.3125
12	1	23	0.521739
0	5	3	0
3	5	12	0.25
9	1	18	0.5
39	1	101	0.386139
2	3	11	0.181818
9	1	17	0.529412
2	4	4	0.5
4	5	6	0.666667
0	5	0	0
12	1	21	0.571429
2	5	9	0.222222
1	4	6	0.166667
1	5	5	0.2
11	1	21	0.52381
3	4	5	0.6
32	5	45	0.711111
10	3	15	0.666667
21	1	51	0.411765
17	5	27	0.62963
20	5	26	0.769231
16	1	37	0.432432
13	1	49	0.265306
7	4	14	0.5
13	5	26	0.5
7	1	43	0.162791
4	3	7	0.571429
8	5	10	0.8
2	1	10	0.2
6	5	8	0.75
10	5	19	0.526316
6	1	25	0.24
11	5	12	0.916667
11	5	19	0.578947
17	5	31	0.548387
1	1	9	0.111111
1	5	1	1
2	2	12	0.166667
11	5	16	0.6875
8	5	12	0.666667
9	5	12	0.75
8	5	10	0.8
18	1	44	0.409091
12	5	15	0.8
14	1	45	0.311111
7	1	23	0.304348
11	5	20	0.55
8	5	11	0.727273
9	1	26	0.346154
8	5	12	0.666667
8	1	25	0.32
7	5	8	0.875
7	5	19	0.368421
6	5	8	0.75
5	5	5	1
6	4	7	0.857143
7	1	34	0.205882
6	5	7	0.857143
6	5	9	0.666667
6	5	12	0.5
4	5	6	0.666667
5	5	6	0.833333
45	5	63	0.714286
5	5	5	1
84	5	109	0.770642
4	5	5	0.8
5	5	6	0.833333
3	5	5	0.6
4	5	5	0.8
2	1	17	0.117647
3	5	4	0.75
3	5	4	0.75
6	5	8	0.75
4	5	5	0.8
3	5	4	0.75
3	4	3	1
2	5	2	1
8	1	17	0.470588
2	5	2	1
3	1	23	0.130435
3	5	3	1
9	5	13	0.692308
4	1	12	0.333333
5	1	24	0.208333
4	1	12	0.333333
2	4	2	1
4	5	5	0.8
3	1	17	0.176471
4	1	10	0.4
3	5	5	0.6
1	3	5	0.2
5	1	12	0.416667
3	5	5	0.6
1	2	1	1
3	2	9	0.333333
4	5	5	0.8
7	1	13	0.538462
11	1	41	0.268293
5	1	26	0.192308
19	1	98	0.193878
41	5	61	0.672131
13	1	60	0.216667
8	1	46	0.173913
15	1	80	0.1875
11	4	20	0.55
11	3	27	0.407407
37	5	48	0.770833
24	1	72	0.333333
11	2	39	0.282051
19	5	26	0.730769
15	5	27	0.555556
22	5	28	0.785714
11	1	34	0.323529
34	5	40	0.85
17	5	28	0.607143
31	5	34	0.911765
20	5	28	0.714286
6	1	28	0.214286
10	1	70	0.142857
29	5	38	0.763158
20	5	24	0.833333
12	5	20	0.6
9	1	27	0.333333
14	5	16	0.875
5	1	52	0.0961538
32	4	37	0.864865
5	1	45	0.111111
24	4	28	0.857143
6	1	25	0.24
3	1	12	0.25
4	1	30	0.133333
2	1	23	0.0869565
15	5	17	0.882353
5	5	6	0.833333
5	3	5	1
8	5	8	1
53	2	176	0.301136
24	1	114	0.210526
5	5	6	0.833333
3	1	10	0.3
29	1	105	0.27619
6	1	27	0.222222
6	1	13	0.461538
2	1	14	0.142857
9	5	10	0.9
40	4	54	0.740741
2	1	7	0.285714
6	5	7	0.857143
15	5	19	0.789474
9	5	11	0.818182
2	1	5	0.4
19	5	25	0.76
8	5	12	0.666667
14	5	20	0.7
15	5	17	0.882353
7	1	20	0.35
6	1	23	0.26087
7	5	9	0.777778
8	5	9	0.888889
51	1	177	0.288136
35	1	135	0.259259
14	1	77	0.181818
10	1	55	0.181818
27	5	37	0.72973
11	1	56	0.196429
16	5	29	0.551724
18	5	31	0.580645
23	5	33	0.69697
26	5	34	0.764706
9	1	31	0.290323
14	5	22	0.636364
32	5	50	0.64
6	1	33	0.181818
0	1	2	0
15	5	24	0.625
24	5	35	0.685714
21	5	29	0.724138
11	1	58	0.189655
18	1	81	0.222222
16	1	61	0.262295
13	3	18	0.722222
13	5	20	0.65
11	1	54	0.203704
17	4	22	0.772727
4	1	33	0.121212
16	5	22	0.727273
11	5	20	0.55
6	1	28	0.214286
7	1	34	0.205882
53	5	85	0.623529
6	1	35	0.171429
9	5	11	0.818182
2	3	6	0.333333
0	4	0	0
9	5	12	0.75
8	5	11	0.727273
7	5	9	0.777778
6	5	8	0.75
9	5	12	0.75
5	5	6	0.833333
7	4	8	0.875
30	1	112	0.267857
16	1	73	0.219178
9	5	16	0.5625
30	5	48	0.625
8	5	14	0.571429
47	5	73	0.643836
27	5	37	0.72973
7	1	30	0.233333
5	1	29	0.172414
15	5	17	0.882353
9	5	11	0.818182
10	5	12	0.833333
10	4	12	0.833333
8	1	26	0.307692
20	1	77	0.25974
25	5	30	0.833333
10	5	15	0.666667
16	5	20	0.8
6	5	7	0.857143
16	5	28	0.571429
10	1	43	0.232558
5	5	7	0.714286
36	5	46	0.782609
8	5	8	1
19	4	28	0.678571
24	1	134	0.179104
14	1	38	0.368421
15	1	52	0.288462
11	5	12	0.916667
13	1	57	0.22807
9	5	11	0.818182
16	1	50	0.32
48	1	147	0.326531
21	1	62	0.33871
20	1	75	0.266667
23	5	33	0.69697
22	1	117	0.188034
5	1	12	0.416667
23	1	80	0.2875
23	1	72	0.319444
59	5	78	0.75641
23	5	32	0.71875
22	5	31	0.709677
21	1	82	0.256098
64	5	92	0.695652
7	5	11	0.636364
21	5	28	0.75
22	1	52	0.423077
17	5	21	0.809524
23	1	87	0.264368
21	5	27	0.777778
111	5	163	0.680982
18	5	25	0.72
25	5	29	0.862069
2	5	3	0.666667
16	5	22	0.727273
1	5	2	0.5
19	5	27	0.703704
1	5	2	0.5
22	5	26	0.846154
29	5	40	0.725
19	4	21	0.904762
23	5	29	0.793103
20	5	25	0.8
28	5	38	0.736842
12	5	20	0.6
15	5	17	0.882353
13	5	15	0.866667
25	5	37	0.675676
16	4	23	0.695652
11	4	13	0.846154
12	5	14	0.857143
11	5	14	0.785714
20	5	26	0.769231
20	5	24	0.833333
12	5	16	0.75
24	4	35	0.685714
13	5	18	0.722222
12	5	14	0.857143
26	5	43	0.604651
20	5	27	0.740741
12	5	16	0.75
10	5	14	0.714286
22	1	67	0.328358
13	5	18	0.722222
14	5	19	0.736842
26	5	40	0.65
26	1	81	0.320988
54	5	107	0.504673
14	5	20	0.7
9	2	54	0.166667
32	5	56	0.571429
37	5	72	0.513889
17	5	27	0.62963
