11 4
0 5
24 1
14 1
10 5
11 1
14 5
21 1
15 1
24 1
11 2
14 5
7 2
19 1
15 5
10 1
17 1
12 1
9 3
15 4
18 1
10 1
8 4
13 1
21 1
18 1
17 5
13 5
13 4
14 1
10 5
13 1
13 1
5 4
12 5
12 1
12 1
2 3
13 1
2 3
7 4
8 5
10 1
10 5
23 1
15 1
13 1
12 1
18 5
17 4
17 1
7 5
6 1
7 1
9 5
9 1
13 1
21 5
15 1
22 5
13 1
16 2
17 1
15 5
91 1
32 1
7 5
4 5
10 5
8 5
14 2
9 1
10 1
5 4
5 4
5 1
3 5
13 5
5 1
12 1
3 4
2 5
8 1
5 5
7 4
6 1
9 1
3 5
7 1
4 1
5 2
5 5
8 1
9 5
2 5
3 5
4 2
3 5
4 1
5 5
4 4
3 5
15 5
13 1
8 4
3 1
19 1
7 1
1 5
10 1
11 1
10 1
2 3
9 1
6 5
4 3
15 1
16 1
3 1
1 4
3 4
5 3
5 5
7 1
3 3
4 5
2 4
3 4
4 1
4 1
7 1
5 4
7 1
1 5
11 2
5 5
11 5
3 5
9 3
3 4
7 5
2 3
65 5
8 2
4 3
4 5
4 5
5 5
7 5
2 5
4 5
2 5
42 1
23 5
24 1
9 5
16 4
6 5
74 1
16 1
3 5
12 1
15 1
8 5
5 5
0 3
10 4
8 5
14 2
2 3
6 4
0 3
14 5
20 1
6 5
5 2
34 1
13 1
8 5
15 1
32 1
12 2
11 1
11 1
7 1
0 5
11 5
32 1
4 1
4 3
3 5
6 5
5 5
13 1
3 4
52 3
16 1
9 4
2 4
5 5
4 4
7 1
6 1
0 5
3 5
2 5
21 5
6 1
29 5
8 1
2 5
2 3
8 4
4 5
1 3
4 5
17 1
11 5
13 1
35 4
16 3
11 5
18 1
21 3
9 1
3 5
5 5
10 2
3 5
17 1
9 5
11 2
10 5
4 5
16 1
12 5
1 4
13 5
1 2
0 5
2 5
0 4
6 5
11 4
8 5
12 5
9 5
16 1
0 5
0 4
12 1
11 5
20 1
4 1
11 1
18 3
6 4
12 5
0 4
4 5
9 5
4 5
15 1
6 5
5 5
12 1
0 5
3 5
9 1
39 1
2 3
9 1
2 4
4 5
0 5
12 1
2 5
1 4
1 5
11 1
3 4
32 5
10 3
21 1
17 5
20 5
16 1
13 1
7 4
13 5
7 1
4 3
8 5
2 1
6 5
10 5
6 1
11 5
11 5
17 5
1 1
1 5
2 2
11 5
8 5
9 5
8 5
18 1
12 5
14 1
7 1
11 5
8 5
9 1
8 5
8 1
7 5
7 5
6 5
5 5
6 4
7 1
6 5
6 5
6 5
4 5
5 5
45 5
5 5
84 5
4 5
5 5
3 5
4 5
2 1
3 5
3 5
6 5
4 5
3 5
3 4
2 5
8 1
2 5
3 1
3 5
9 5
4 1
5 1
4 1
2 4
4 5
3 1
4 1
3 5
1 3
5 1
3 5
1 2
3 2
4 5
7 1
11 1
5 1
19 1
41 5
13 1
8 1
15 1
11 4
11 3
37 5
24 1
11 2
19 5
15 5
22 5
11 1
34 5
17 5
31 5
20 5
6 1
10 1
29 5
20 5
12 5
9 1
14 5
5 1
32 4
5 1
24 4
6 1
3 1
4 1
2 1
15 5
5 5
5 3
8 5
53 2
24 1
5 5
3 1
29 1
6 1
6 1
2 1
9 5
40 4
2 1
6 5
15 5
9 5
2 1
19 5
8 5
14 5
15 5
7 1
6 1
7 5
8 5
51 1
35 1
14 1
10 1
27 5
11 1
16 5
18 5
23 5
26 5
9 1
14 5
32 5
6 1
0 1
15 5
24 5
21 5
11 1
18 1
16 1
13 3
13 5
11 1
17 4
4 1
16 5
11 5
6 1
7 1
53 5
6 1
9 5
2 3
0 4
9 5
8 5
7 5
6 5
9 5
5 5
7 4
30 1
16 1
9 5
30 5
8 5
47 5
27 5
7 1
5 1
15 5
9 5
10 5
10 4
8 1
20 1
25 5
10 5
16 5
6 5
16 5
10 1
5 5
36 5
8 5
19 4
24 1
14 1
15 1
11 5
13 1
9 5
16 1
48 1
21 1
20 1
23 5
22 1
5 1
23 1
23 1
59 5
23 5
22 5
21 1
64 5
7 5
21 5
22 1
17 5
23 1
21 5
111 5
18 5
25 5
2 5
16 5
1 5
19 5
1 5
22 5
29 5
19 4
23 5
20 5
28 5
12 5
15 5
13 5
25 5
16 4
11 4
12 5
11 5
20 5
20 5
12 5
24 4
13 5
12 5
26 5
20 5
12 5
10 5
22 1
13 5
14 5
26 5
26 1
54 5
14 5
9 2
32 5
37 5
17 5
