0 5
0 4
2 2
1 5
1 3
3 5
2 3
4 4
5 4
1 4
2 4
1 5
1 3
5 1
1 5
2 3
2 2
2 5
0 3
0 5
3 4
1 3
1 5
2 2
1 2
2 5
4 1
0 5
1 5
1 4
0 5
2 1
0 4
1 5
4 2
3 5
0 5
1 4
1 5
0 5
2 5
1 5
1 5
1 5
3 5
2 3
5 5
4 4
1 4
2 4
5 1
0 5
4 5
3 4
2 4
3 5
3 4
3 4
1 5
1 5
1 5
2 4
1 5
2 5
2 5
8 4
8 4
9 3
1 4
12 1
2 4
2 5
3 5
2 3
2 5
1 3
1 3
1 5
6 2
2 5
7 1
2 4
2 5
2 4
1 5
0 5
1 5
2 4
0 4
0 5
1 5
3 3
1 5
0 5
12 1
2 5
1 5
2 5
1 5
2 5
0 3
1 5
1 4
0 5
2 4
0 5
1 5
0 5
1 4
1 5
1 5
0 5
2 5
1 4
1 5
2 5
1 5
4 5
3 5
1 4
12 1
4 4
1 4
8 1
0 5
1 5
2 5
2 3
2 4
2 5
2 5
0 5
1 5
0 4
0 5
0 4
0 3
0 5
1 5
0 5
0 4
0 5
10 1
0 4
1 2
1 5
1 5
0 5
1 5
0 5
0 3
1 5
2 5
5 1
1 2
1 5
1 4
6 4
1 5
0 4
2 5
1 5
1 5
1 4
1 4
1 2
1 4
2 4
4 4
4 5
12 1
2 5
3 2
3 4
1 4
3 5
0 5
2 5
4 5
3 4
0 4
1 4
1 4
0 5
0 5
1 5
0 4
4 5
1 5
0 5
1 5
1 4
2 5
4 5
3 4
1 5
5 2
2 4
1 5
8 1
1 4
6 3
1 4
2 5
1 5
0 5
2 5
0 5
0 4
2 3
0 4
2 5
2 5
2 1
2 5
3 5
1 5
4 5
2 5
4 5
2 5
1 5
5 1
0 3
5 2
2 5
1 4
3 5
0 4
3 4
1 3
3 5
4 5
6 1
2 4
2 5
3 1
4 3
1 4
13 1
2 5
1 5
2 5
1 5
12 1
0 5
2 5
1 5
8 1
2 4
2 4
2 5
4 3
3 3
4 2
1 5
2 5
3 2
5 2
0 5
3 5
0 4
2 2
2 5
2 5
2 5
1 4
10 1
0 4
3 5
1 5
1 4
4 1
1 5
2 5
3 5
0 5
1 5
2 4
1 5
1 5
5 5
1 5
1 5
9 1
4 1
5 2
1 4
0 5
0 5
5 2
3 4
8 1
2 1
2 1
1 5
2 5
2 5
2 5
3 5
8 5
1 5
7 1
4 1
4 4
3 5
1 5
6 1
3 5
2 4
1 5
1 5
5 1
3 5
1 5
1 4
1 5
11 1
1 5
0 4
1 4
3 4
1 5
2 5
1 3
3 2
0 5
4 3
1 4
1 5
2 4
0 5
0 4
6 5
3 2
1 5
6 5
1 4
3 2
5 2
2 4
0 5
0 5
2 5
2 5
0 5
1 5
1 3
0 4
2 3
1 5
2 5
1 3
2 5
1 5
0 5
0 5
7 1
1 5
1 5
47 1
0 5
0 5
0 5
1 5
0 5
0 5
3 1
0 4
1 5
9 4
0 4
0 4
0 5
0 5
4 3
1 5
1 5
2 5
0 5
1 5
1 4
2 5
1 4
1 5
4 2
20 3
4 3
1 5
1 5
1 5
3 2
0 5
1 4
0 5
0 5
1 4
26 5
9 4
0 5
0 5
2 3
1 5
0 5
0 5
1 4
2 5
1 5
6 2
0 3
0 5
1 5
5 3
1 5
1 5
0 5
0 5
5 1
0 5
0 5
0 5
1 4
1 4
1 4
1 5
8 2
1 5
17 1
3 5
0 5
2 2
0 3
3 2
1 5
0 4
7 1
0 5
0 5
0 5
1 5
0 3
0 4
0 5
7 2
0 5
7 2
0 4
20 1
2 5
2 2
0 5
0 5
2 5
2 4
19 3
2 5
1 4
1 5
0 4
0 3
0 4
0 5
0 4
0 5
0 5
0 4
0 4
1 5
0 5
0 5
1 5
1 4
3 2
0 5
1 4
0 5
4 5
1 4
0 4
9 1
0 5
0 5
1 3
0 4
1 5
1 4
3 5
1 4
22 1
0 4
2 2
1 5
2 5
5 5
5 1
3 5
7 1
1 3
5 1
7 1
4 1
0 5
0 5
1 5
0 4
1 5
0 4
1 5
0 4
0 5
0 4
2 5
2 3
0 5
0 3
0 5
4 1
6 1
6 2
3 1
0 4
8 4
1 5
2 4
2 3
4 4
7 1
1 5
34 2
22 1
0 4
0 5
3 2
0 5
1 4
2 3
5 1
1 4
3 4
1 3
2 3
2 5
7 1
1 5
8 1
1 5
1 4
1 5
4 2
7 5
2 5
0 5
2 5
1 4
2 5
0 3
1 5
2 2
0 5
0 5
2 5
1 4
2 4
3 1
2 5
12 1
2 5
0 5
2 5
2 5
1 5
1 5
0 4
2 3
1 4
2 4
8 4
3 5
4 5
16 5
8 5
8 5
0 4
2 3
3 5
22 1
0 5
0 5
3 5
0 4
1 5
0 4
3 1
8 1
1 4
1 5
1 5
1 5
2 2
2 4
2 4
320 5
2 4
0 5
1 5
5 2
0 5
0 5
1 5
4 5
2 3
0 5
3 3
0 5
2 5
1 5
0 5
0 5
0 3
4 5
0 5
0 4
0 5
0 4
0 5
5 2
4 1
0 4
2 4
4 4
0 3
5 5
1 3
5 2
0 5
10 1
3 1
5 5
1 5
1 3
0 5
2 2
0 3
0 3
4 1
4 5
10 1
2 5
3 3
7 2
1 2
33 1
3 5
2 5
5 2
10 1
23 2
2 5
1 5
2 5
2 5
2 4
9 1
2 4
4 2
2 2
10 1
4 4
3 1
0 5
2 1
8 1
3 1
1 5
6 4
2 2
6 2
0 5
2 5
2 5
1 5
0 5
1 5
0 3
0 5
1 4
1 4
1 5
4 1
2 5
5 1
12 1
0 5
3 3
0 5
3 4
11 5
2 5
1 5
1 5
3 5
2 5
6 1
6 5
6 2
3 1
0 5
1 5
7 4
0 3
3 5
72 1
4 5
1 5
1 4
1 5
1 3
2 5
1 5
2 4
0 3
4 5
4 3
3 5
1 4
2 4
0 5
0 5
3 2
1 5
6 1
10 4
2 4
2 5
1 5
0 3
0 3
2 3
4 5
2 1
3 4
3 1
4 3
1 5
4 2
1 5
0 3
1 5
24 1
3 2
0 5
0 5
2 5
6 1
3 5
1 5
6 4
3 5
3 4
1 5
2 5
3 3
2 3
2 3
6 5
6 5
2 3
0 3
1 3
6 5
3 5
4 1
3 4
1 4
107 1
0 5
5 1
3 5
5 5
6 1
13 5
1 5
4 5
3 5
1 3
2 5
1 3
4 1
3 4
3 2
2 1
4 5
2 5
1 4
2 5
3 1
0 5
5 5
1 5
0 5
1 5
4 4
3 1
3 3
3 5
0 5
3 5
5 5
4 5
0 4
1 4
4 5
2 5
2 4
1 5
8 2
0 4
1 4
0 4
2 5
0 5
0 5
4 4
2 5
7 3
7 3
1 5
1 5
0 5
2 5
2 5
2 5
1 3
1 5
1 3
0 5
2 5
0 4
1 5
1 2
1 5
1 3
4 3
6 4
1 5
1 5
2 4
1 2
1 5
4 1
6 1
0 5
2 4
4 4
2 4
8 2
0 3
6 1
3 2
0 5
0 5
1 4
3 5
0 5
9 1
1 3
1 5
5 3
2 4
0 4
2 4
4 5
2 5
5 5
40 5
7 1
26 1
3 3
0 3
6 1
1 5
5 5
6 1
0 5
5 5
3 2
13 5
1 5
2 4
0 5
0 4
4 5
1 5
0 4
3 5
3 5
2 5
0 4
3 5
1 5
3 5
7 5
5 5
5 1
0 5
1 5
0 5
0 5
0 5
3 5
1 5
9 5
1 4
1 4
2 5
1 5
0 5
0 3
0 5
17 1
4 3
6 5
7 5
7 1
2 5
10 5
1 5
2 5
1 5
2 4
3 4
1 4
7 1
13 1
3 5
6 5
0 5
0 5
1 4
2 5
0 4
27 5
4 5
10 5
4 5
4 3
13 1
0 4
0 3
5 5
4 2
4 5
2 5
3 4
1 5
5 5
2 5
3 2
3 5
5 1
6 2
1 4
6 5
3 5
4 2
12 1
3 5
3 5
3 5
12 2
1 4
1 5
5 5
3 5
5 4
6 2
2 3
12 1
8 1
1 5
7 5
8 2
0 5
2 5
651 5
0 3
2 4
10 5
0 5
1 4
1 3
1 4
0 5
1 5
2 5
0 4
0 4
2 4
4 5
4 3
1 5
1 3
1 5
2 5
1 5
3 1
0 5
0 4
3 1
0 5
16 1
4 5
4 5
2 4
2 2
7 1
2 5
0 5
3 2
0 5
0 5
0 5
1 4
4 4
2 4
6 1
1 5
3 5
4 5
3 4
3 5
3 5
0 5
3 5
2 5
10 1
2 5
2 3
12 1
2 5
1 5
0 5
8 1
1 5
1 5
6 5
0 5
0 4
3 5
5 1
2 5
3 5
2 5
2 5
1 4
4 3
7 1
2 5
105 5
0 4
6 5
5 1
9 2
1 5
722 4
0 5
0 5
1 5
5 1
3 1
2 5
9 1
34 1
12 5
7 5
7 2
5 5
8 1
3 5
10 5
6 5
4 5
10 5
6 5
1 5
2 5
1 4
0 4
3 4
2 5
4 5
4 5
8 2
3 3
6 1
2 5
5 4
1 4
5 3
27 1
36 5
11 5
7 5
10 1
4 4
4 4
5 3
4 5
4 5
13 5
4 3
6 2
6 2
2 4
11 5
10 1
7 5
12 1
5 5
11 1
14 2
22 1
7 5
15 5
9 5
9 1
5 2
9 1
12 5
8 5
5 5
5 5
6 1
7 1
9 1
3 5
9 1
5 5
10 1
5 5
10 1
18 5
7 1
116 2
32 2
6 1
2 5
13 5
10 5
8 2
31 5
23 1
