0	5	1	0
0	4	1	0
2	2	2	1
1	5	2	0.5
1	3	2	0.5
3	5	4	0.75
2	3	7	0.285714
4	4	5	0.8
5	4	5	1
1	4	2	0.5
2	4	3	0.666667
1	5	2	0.5
1	3	3	0.333333
5	1	9	0.555556
1	5	2	0.5
2	3	3	0.666667
2	2	3	0.666667
2	5	3	0.666667
0	3	2	0
0	5	2	0
3	4	4	0.75
1	3	2	0.5
1	5	2	0.5
2	2	3	0.666667
1	2	2	0.5
2	5	3	0.666667
4	1	8	0.5
0	5	2	0
1	5	3	0.333333
1	4	2	0.5
0	5	1	0
2	1	8	0.25
0	4	1	0
1	5	2	0.5
4	2	8	0.5
3	5	4	0.75
0	5	1	0
1	4	2	0.5
1	5	1	1
0	5	0	0
2	5	2	1
1	5	1	1
1	5	1	1
1	5	1	1
3	5	3	1
2	3	2	1
5	5	5	1
4	4	4	1
1	4	1	1
2	4	2	1
5	1	15	0.333333
0	5	0	0
4	5	4	1
3	4	3	1
2	4	3	0.666667
3	5	3	1
3	4	3	1
3	4	4	0.75
1	5	1	1
1	5	1	1
1	5	1	1
2	4	2	1
1	5	1	1
2	5	2	1
2	5	2	1
8	4	9	0.888889
8	4	9	0.888889
9	3	11	0.818182
1	4	1	1
12	1	21	0.571429
2	4	3	0.666667
2	5	5	0.4
3	5	4	0.75
2	3	3	0.666667
2	5	3	0.666667
1	3	1	1
1	3	2	0.5
1	5	1	1
6	2	11	0.545455
2	5	2	1
7	1	17	0.411765
2	4	2	1
2	5	2	1
2	4	3	0.666667
1	5	1	1
0	5	0	0
1	5	2	0.5
2	4	2	1
0	4	0	0
0	5	1	0
1	5	1	1
3	3	3	1
1	5	1	1
0	5	1	0
12	1	23	0.521739
2	5	2	1
1	5	1	1
2	5	2	1
1	5	1	1
2	5	2	1
0	3	1	0
1	5	1	1
1	4	1	1
0	5	0	0
2	4	2	1
0	5	0	0
1	5	1	1
0	5	0	0
1	4	1	1
1	5	1	1
1	5	1	1
0	5	0	0
2	5	2	1
1	4	2	0.5
1	5	1	1
2	5	2	1
1	5	2	0.5
4	5	4	1
3	5	4	0.75
1	4	2	0.5
12	1	18	0.666667
4	4	4	1
1	4	1	1
8	1	14	0.571429
0	5	0	0
1	5	1	1
2	5	2	1
2	3	2	1
2	4	2	1
2	5	3	0.666667
2	5	2	1
0	5	0	0
1	5	1	1
0	4	0	0
0	5	0	0
0	4	0	0
0	3	0	0
0	5	0	0
1	5	1	1
0	5	0	0
0	4	0	0
0	5	0	0
10	1	16	0.625
0	4	0	0
1	2	3	0.333333
1	5	1	1
1	5	1	1
0	5	0	0
1	5	1	1
0	5	0	0
0	3	0	0
1	5	1	1
2	5	2	1
5	1	11	0.454545
1	2	6	0.166667
1	5	1	1
1	4	2	0.5
6	4	7	0.857143
1	5	1	1
0	4	1	0
2	5	3	0.666667
1	5	2	0.5
1	5	3	0.333333
1	4	1	1
1	4	3	0.333333
1	2	3	0.333333
1	4	2	0.5
2	4	2	1
4	4	5	0.8
4	5	4	1
12	1	23	0.521739
2	5	3	0.666667
3	2	4	0.75
3	4	3	1
1	4	2	0.5
3	5	3	1
0	5	0	0
2	5	2	1
4	5	4	1
3	4	3	1
0	4	0	0
1	4	1	1
1	4	1	1
0	5	0	0
0	5	0	0
1	5	2	0.5
0	4	0	0
4	5	4	1
1	5	2	0.5
0	5	0	0
1	5	1	1
1	4	3	0.333333
2	5	2	1
4	5	5	0.8
3	4	3	1
1	5	1	1
5	2	7	0.714286
2	4	2	1
1	5	3	0.333333
8	1	11	0.727273
1	4	1	1
6	3	6	1
1	4	1	1
2	5	3	0.666667
1	5	2	0.5
0	5	1	0
2	5	2	1
0	5	1	0
0	4	0	0
2	3	3	0.666667
0	4	0	0
2	5	2	1
2	5	2	1
2	1	13	0.153846
2	5	2	1
3	5	3	1
1	5	3	0.333333
4	5	4	1
2	5	2	1
4	5	4	1
2	5	2	1
1	5	1	1
5	1	9	0.555556
0	3	1	0
5	2	10	0.5
2	5	2	1
1	4	2	0.5
3	5	3	1
0	4	4	0
3	4	3	1
1	3	1	1
3	5	4	0.75
4	5	7	0.571429
6	1	12	0.5
2	4	4	0.5
2	5	3	0.666667
3	1	6	0.5
4	3	5	0.8
1	4	2	0.5
13	1	19	0.684211
2	5	2	1
1	5	2	0.5
2	5	2	1
1	5	3	0.333333
12	1	16	0.75
0	5	3	0
2	5	2	1
1	5	3	0.333333
8	1	14	0.571429
2	4	3	0.666667
2	4	2	1
2	5	3	0.666667
4	3	6	0.666667
3	3	4	0.75
4	2	12	0.333333
1	5	4	0.25
2	5	2	1
3	2	5	0.6
5	2	7	0.714286
0	5	0	0
3	5	4	0.75
0	4	2	0
2	2	4	0.5
2	5	2	1
2	5	3	0.666667
2	5	2	1
1	4	1	1
10	1	23	0.434783
0	4	0	0
3	5	4	0.75
1	5	2	0.5
1	4	1	1
4	1	33	0.121212
1	5	5	0.2
2	5	3	0.666667
3	5	4	0.75
0	5	1	0
1	5	1	1
2	4	3	0.666667
1	5	2	0.5
1	5	2	0.5
5	5	5	1
1	5	1	1
1	5	2	0.5
9	1	14	0.642857
4	1	12	0.333333
5	2	7	0.714286
1	4	1	1
0	5	0	0
0	5	0	0
5	2	6	0.833333
3	4	3	1
8	1	19	0.421053
2	1	40	0.05
2	1	16	0.125
1	5	2	0.5
2	5	2	1
2	5	3	0.666667
2	5	2	1
3	5	3	1
8	5	9	0.888889
1	5	5	0.2
7	1	12	0.583333
4	1	10	0.4
4	4	5	0.8
3	5	6	0.5
1	5	2	0.5
6	1	26	0.230769
3	5	4	0.75
2	4	3	0.666667
1	5	2	0.5
1	5	4	0.25
5	1	9	0.555556
3	5	8	0.375
1	5	2	0.5
1	4	2	0.5
1	5	1	1
11	1	17	0.647059
1	5	1	1
0	4	0	0
1	4	3	0.333333
3	4	3	1
1	5	1	1
2	5	2	1
1	3	1	1
3	2	5	0.6
0	5	0	0
4	3	4	1
1	4	1	1
1	5	1	1
2	4	4	0.5
0	5	0	0
0	4	0	0
6	5	6	1
3	2	22	0.136364
1	5	2	0.5
6	5	6	1
1	4	1	1
3	2	6	0.5
5	2	10	0.5
2	4	2	1
0	5	0	0
0	5	1	0
2	5	3	0.666667
2	5	2	1
0	5	3	0
1	5	1	1
1	3	1	1
0	4	0	0
2	3	2	1
1	5	1	1
2	5	2	1
1	3	2	0.5
2	5	2	1
1	5	1	1
0	5	0	0
0	5	0	0
7	1	12	0.583333
1	5	2	0.5
1	5	1	1
47	1	63	0.746032
0	5	0	0
0	5	0	0
0	5	1	0
1	5	1	1
0	5	1	0
0	5	0	0
3	1	5	0.6
0	4	0	0
1	5	1	1
9	4	11	0.818182
0	4	1	0
0	4	2	0
0	5	1	0
0	5	1	0
4	3	5	0.8
1	5	2	0.5
1	5	1	1
2	5	2	1
0	5	0	0
1	5	1	1
1	4	1	1
2	5	3	0.666667
1	4	3	0.333333
1	5	2	0.5
4	2	5	0.8
20	3	24	0.833333
4	3	4	1
1	5	2	0.5
1	5	2	0.5
1	5	2	0.5
3	2	3	1
0	5	0	0
1	4	1	1
0	5	0	0
0	5	1	0
1	4	1	1
26	5	29	0.896552
9	4	10	0.9
0	5	0	0
0	5	0	0
2	3	3	0.666667
1	5	1	1
0	5	0	0
0	5	0	0
1	4	1	1
2	5	2	1
1	5	1	1
6	2	9	0.666667
0	3	3	0
0	5	0	0
1	5	1	1
5	3	5	1
1	5	1	1
1	5	2	0.5
0	5	0	0
0	5	0	0
5	1	8	0.625
0	5	0	0
0	5	0	0
0	5	0	0
1	4	1	1
1	4	1	1
1	4	1	1
1	5	1	1
8	2	11	0.727273
1	5	1	1
17	1	22	0.772727
3	5	3	1
0	5	0	0
2	2	3	0.666667
0	3	0	0
3	2	8	0.375
1	5	1	1
0	4	2	0
7	1	11	0.636364
0	5	1	0
0	5	0	0
0	5	0	0
1	5	2	0.5
0	3	0	0
0	4	0	0
0	5	1	0
7	2	21	0.333333
0	5	1	0
7	2	11	0.636364
0	4	0	0
20	1	28	0.714286
2	5	3	0.666667
2	2	2	1
0	5	1	0
0	5	1	0
2	5	3	0.666667
2	4	2	1
19	3	32	0.59375
2	5	2	1
1	4	1	1
1	5	1	1
0	4	0	0
0	3	0	0
0	4	0	0
0	5	2	0
0	4	0	0
0	5	0	0
0	5	0	0
0	4	1	0
0	4	0	0
1	5	1	1
0	5	1	0
0	5	0	0
1	5	1	1
1	4	1	1
3	2	6	0.5
0	5	0	0
1	4	1	1
0	5	0	0
4	5	9	0.444444
1	4	1	1
0	4	0	0
9	1	12	0.75
0	5	0	0
0	5	1	0
1	3	1	1
0	4	0	0
1	5	1	1
1	4	1	1
3	5	3	1
1	4	2	0.5
22	1	31	0.709677
0	4	0	0
2	2	3	0.666667
1	5	2	0.5
2	5	2	1
5	5	5	1
5	1	10	0.5
3	5	3	1
7	1	11	0.636364
1	3	2	0.5
5	1	9	0.555556
7	1	13	0.538462
4	1	13	0.307692
0	5	0	0
0	5	2	0
1	5	1	1
0	4	0	0
1	5	1	1
0	4	0	0
1	5	2	0.5
0	4	1	0
0	5	1	0
0	4	1	0
2	5	2	1
2	3	3	0.666667
0	5	0	0
0	3	1	0
0	5	0	0
4	1	7	0.571429
6	1	21	0.285714
6	2	8	0.75
3	1	8	0.375
0	4	0	0
8	4	9	0.888889
1	5	1	1
2	4	2	1
2	3	2	1
4	4	4	1
7	1	17	0.411765
1	5	1	1
34	2	43	0.790698
22	1	31	0.709677
0	4	0	0
0	5	1	0
3	2	3	1
0	5	2	0
1	4	2	0.5
2	3	3	0.666667
5	1	9	0.555556
1	4	1	1
3	4	4	0.75
1	3	1	1
2	3	3	0.666667
2	5	2	1
7	1	11	0.636364
1	5	1	1
8	1	12	0.666667
1	5	1	1
1	4	1	1
1	5	1	1
4	2	7	0.571429
7	5	9	0.777778
2	5	3	0.666667
0	5	2	0
2	5	3	0.666667
1	4	1	1
2	5	2	1
0	3	0	0
1	5	1	1
2	2	9	0.222222
0	5	1	0
0	5	0	0
2	5	4	0.5
1	4	1	1
2	4	2	1
3	1	11	0.272727
2	5	10	0.2
12	1	19	0.631579
2	5	4	0.5
0	5	1	0
2	5	3	0.666667
2	5	3	0.666667
1	5	2	0.5
1	5	2	0.5
0	4	3	0
2	3	5	0.4
1	4	1	1
2	4	3	0.666667
8	4	9	0.888889
3	5	4	0.75
4	5	4	1
16	5	19	0.842105
8	5	9	0.888889
8	5	9	0.888889
0	4	1	0
2	3	4	0.5
3	5	4	0.75
22	1	31	0.709677
0	5	0	0
0	5	1	0
3	5	4	0.75
0	4	1	0
1	5	1	1
0	4	0	0
3	1	7	0.428571
8	1	17	0.470588
1	4	1	1
1	5	1	1
1	5	1	1
1	5	1	1
2	2	8	0.25
2	4	2	1
2	4	3	0.666667
320	5	356	0.898876
2	4	2	1
0	5	0	0
1	5	1	1
5	2	8	0.625
0	5	0	0
0	5	0	0
1	5	1	1
4	5	4	1
2	3	2	1
0	5	0	0
3	3	6	0.5
0	5	0	0
2	5	3	0.666667
1	5	1	1
0	5	0	0
0	5	0	0
0	3	1	0
4	5	5	0.8
0	5	0	0
0	4	0	0
0	5	1	0
0	4	0	0
0	5	0	0
5	2	6	0.833333
4	1	4	1
0	4	0	0
2	4	5	0.4
4	4	4	1
0	3	0	0
5	5	6	0.833333
1	3	1	1
5	2	7	0.714286
0	5	0	0
10	1	15	0.666667
3	1	5	0.6
5	5	7	0.714286
1	5	1	1
1	3	1	1
0	5	0	0
2	2	2	1
0	3	0	0
0	3	0	0
4	1	8	0.5
4	5	4	1
10	1	13	0.769231
2	5	4	0.5
3	3	3	1
7	2	8	0.875
1	2	1	1
33	1	44	0.75
3	5	8	0.375
2	5	4	0.5
5	2	6	0.833333
10	1	13	0.769231
23	2	38	0.605263
2	5	4	0.5
1	5	2	0.5
2	5	2	1
2	5	4	0.5
2	4	6	0.333333
9	1	14	0.642857
2	4	2	1
4	2	5	0.8
2	2	4	0.5
10	1	13	0.769231
4	4	4	1
3	1	16	0.1875
0	5	0	0
2	1	5	0.4
8	1	12	0.666667
3	1	5	0.6
1	5	1	1
6	4	7	0.857143
2	2	7	0.285714
6	2	10	0.6
0	5	0	0
2	5	2	1
2	5	2	1
1	5	1	1
0	5	0	0
1	5	2	0.5
0	3	0	0
0	5	0	0
1	4	1	1
1	4	1	1
1	5	1	1
4	1	8	0.5
2	5	2	1
5	1	15	0.333333
12	1	16	0.75
0	5	0	0
3	3	3	1
0	5	1	0
3	4	5	0.6
11	5	13	0.846154
2	5	2	1
1	5	1	1
1	5	1	1
3	5	3	1
2	5	2	1
6	1	12	0.5
6	5	6	1
6	2	11	0.545455
3	1	8	0.375
0	5	0	0
1	5	1	1
7	4	7	1
0	3	0	0
3	5	5	0.6
72	1	96	0.75
4	5	7	0.571429
1	5	1	1
1	4	4	0.25
1	5	2	0.5
1	3	10	0.1
2	5	2	1
1	5	3	0.333333
2	4	3	0.666667
0	3	5	0
4	5	4	1
4	3	10	0.4
3	5	3	1
1	4	1	1
2	4	4	0.5
0	5	1	0
0	5	4	0
3	2	4	0.75
1	5	1	1
6	1	9	0.666667
10	4	11	0.909091
2	4	2	1
2	5	2	1
1	5	1	1
0	3	0	0
0	3	1	0
2	3	2	1
4	5	4	1
2	1	4	0.5
3	4	4	0.75
3	1	8	0.375
4	3	6	0.666667
1	5	4	0.25
4	2	5	0.8
1	5	2	0.5
0	3	0	0
1	5	2	0.5
24	1	33	0.727273
3	2	4	0.75
0	5	3	0
0	5	1	0
2	5	3	0.666667
6	1	9	0.666667
3	5	6	0.5
1	5	5	0.2
6	4	7	0.857143
3	5	4	0.75
3	4	4	0.75
1	5	2	0.5
2	5	6	0.333333
3	3	6	0.5
2	3	7	0.285714
2	3	4	0.5
6	5	7	0.857143
6	5	7	0.857143
2	3	5	0.4
0	3	4	0
1	3	3	0.333333
6	5	7	0.857143
3	5	5	0.6
4	1	10	0.4
3	4	3	1
1	4	2	0.5
107	1	183	0.584699
0	5	0	0
5	1	16	0.3125
3	5	3	1
5	5	5	1
6	1	13	0.461538
13	5	15	0.866667
1	5	2	0.5
4	5	4	1
3	5	3	1
1	3	1	1
2	5	2	1
1	3	3	0.333333
4	1	10	0.4
3	4	3	1
3	2	4	0.75
2	1	7	0.285714
4	5	4	1
2	5	3	0.666667
1	4	3	0.333333
2	5	2	1
3	1	7	0.428571
0	5	1	0
5	5	5	1
1	5	1	1
0	5	3	0
1	5	1	1
4	4	4	1
3	1	5	0.6
3	3	4	0.75
3	5	4	0.75
0	5	0	0
3	5	3	1
5	5	5	1
4	5	5	0.8
0	4	0	0
1	4	1	1
4	5	4	1
2	5	2	1
2	4	2	1
1	5	1	1
8	2	13	0.615385
0	4	0	0
1	4	3	0.333333
0	4	1	0
2	5	2	1
0	5	0	0
0	5	0	0
4	4	5	0.8
2	5	6	0.333333
7	3	12	0.583333
7	3	9	0.777778
1	5	1	1
1	5	1	1
0	5	1	0
2	5	2	1
2	5	2	1
2	5	2	1
1	3	1	1
1	5	1	1
1	3	1	1
0	5	0	0
2	5	3	0.666667
0	4	0	0
1	5	1	1
1	2	3	0.333333
1	5	1	1
1	3	2	0.5
4	3	7	0.571429
6	4	6	1
1	5	2	0.5
1	5	1	1
2	4	3	0.666667
1	2	2	0.5
1	5	2	0.5
4	1	8	0.5
6	1	9	0.666667
0	5	0	0
2	4	2	1
4	4	5	0.8
2	4	2	1
8	2	14	0.571429
0	3	1	0
6	1	12	0.5
3	2	4	0.75
0	5	0	0
0	5	0	0
1	4	1	1
3	5	4	0.75
0	5	0	0
9	1	17	0.529412
1	3	2	0.5
1	5	3	0.333333
5	3	7	0.714286
2	4	3	0.666667
0	4	0	0
2	4	3	0.666667
4	5	4	1
2	5	4	0.5
5	5	9	0.555556
40	5	46	0.869565
7	1	82	0.0853659
26	1	40	0.65
3	3	6	0.5
0	3	0	0
6	1	23	0.26087
1	5	3	0.333333
5	5	7	0.714286
6	1	22	0.272727
0	5	2	0
5	5	11	0.454545
3	2	4	0.75
13	5	17	0.764706
1	5	4	0.25
2	4	4	0.5
0	5	2	0
0	4	2	0
4	5	6	0.666667
1	5	3	0.333333
0	4	0	0
3	5	6	0.5
3	5	5	0.6
2	5	3	0.666667
0	4	2	0
3	5	7	0.428571
1	5	4	0.25
3	5	5	0.6
7	5	9	0.777778
5	5	7	0.714286
5	1	15	0.333333
0	5	0	0
1	5	11	0.0909091
0	5	1	0
0	5	1	0
0	5	0	0
3	5	6	0.5
1	5	2	0.5
9	5	11	0.818182
1	4	6	0.166667
1	4	2	0.5
2	5	5	0.4
1	5	3	0.333333
0	5	1	0
0	3	0	0
0	5	3	0
17	1	125	0.136
4	3	11	0.363636
6	5	8	0.75
7	5	9	0.777778
7	1	14	0.5
2	5	6	0.333333
10	5	12	0.833333
1	5	2	0.5
2	5	3	0.666667
1	5	2	0.5
2	4	5	0.4
3	4	5	0.6
1	4	1	1
7	1	12	0.583333
13	1	48	0.270833
3	5	7	0.428571
6	5	10	0.6
0	5	0	0
0	5	0	0
1	4	3	0.333333
2	5	3	0.666667
0	4	0	0
27	5	34	0.794118
4	5	4	1
10	5	11	0.909091
4	5	4	1
4	3	4	1
13	1	18	0.722222
0	4	3	0
0	3	0	0
5	5	5	1
4	2	5	0.8
4	5	5	0.8
2	5	4	0.5
3	4	3	1
1	5	1	1
5	5	6	0.833333
2	5	2	1
3	2	6	0.5
3	5	5	0.6
5	1	9	0.555556
6	2	9	0.666667
1	4	1	1
6	5	6	1
3	5	5	0.6
4	2	5	0.8
12	1	23	0.521739
3	5	5	0.6
3	5	4	0.75
3	5	3	1
12	2	20	0.6
1	4	2	0.5
1	5	1	1
5	5	7	0.714286
3	5	4	0.75
5	4	6	0.833333
6	2	9	0.666667
2	3	3	0.666667
12	1	21	0.571429
8	1	13	0.615385
1	5	1	1
7	5	11	0.636364
8	2	10	0.8
0	5	0	0
2	5	2	1
651	5	746	0.872654
0	3	0	0
2	4	2	1
10	5	11	0.909091
0	5	0	0
1	4	1	1
1	3	1	1
1	4	2	0.5
0	5	0	0
1	5	1	1
2	5	3	0.666667
0	4	0	0
0	4	0	0
2	4	3	0.666667
4	5	6	0.666667
4	3	6	0.666667
1	5	1	1
1	3	1	1
1	5	1	1
2	5	2	1
1	5	1	1
3	1	8	0.375
0	5	2	0
0	4	3	0
3	1	6	0.5
0	5	0	0
16	1	34	0.470588
4	5	4	1
4	5	4	1
2	4	2	1
2	2	8	0.25
7	1	16	0.4375
2	5	3	0.666667
0	5	1	0
3	2	11	0.272727
0	5	1	0
0	5	0	0
0	5	1	0
1	4	2	0.5
4	4	4	1
2	4	2	1
6	1	12	0.5
1	5	1	1
3	5	3	1
4	5	5	0.8
3	4	4	0.75
3	5	3	1
3	5	3	1
0	5	0	0
3	5	4	0.75
2	5	4	0.5
10	1	21	0.47619
2	5	3	0.666667
2	3	3	0.666667
12	1	21	0.571429
2	5	3	0.666667
1	5	2	0.5
0	5	4	0
8	1	13	0.615385
1	5	2	0.5
1	5	19	0.0526316
6	5	8	0.75
0	5	3	0
0	4	6	0
3	5	3	1
5	1	13	0.384615
2	5	3	0.666667
3	5	4	0.75
2	5	4	0.5
2	5	2	1
1	4	1	1
4	3	11	0.363636
7	1	16	0.4375
2	5	3	0.666667
105	5	120	0.875
0	4	1	0
6	5	7	0.857143
5	1	9	0.555556
9	2	12	0.75
1	5	2	0.5
722	4	934	0.773019
0	5	0	0
0	5	8	0
1	5	1	1
5	1	15	0.333333
3	1	14	0.214286
2	5	2	1
9	1	14	0.642857
34	1	64	0.53125
12	5	13	0.923077
7	5	7	1
7	2	10	0.7
5	5	6	0.833333
8	1	22	0.363636
3	5	5	0.6
10	5	11	0.909091
6	5	8	0.75
4	5	6	0.666667
10	5	12	0.833333
6	5	16	0.375
1	5	3	0.333333
2	5	2	1
1	4	1	1
0	4	3	0
3	4	5	0.6
2	5	3	0.666667
4	5	4	1
4	5	5	0.8
8	2	14	0.571429
3	3	8	0.375
6	1	17	0.352941
2	5	4	0.5
5	4	6	0.833333
1	4	1	1
5	3	7	0.714286
27	1	43	0.627907
36	5	44	0.818182
11	5	12	0.916667
7	5	8	0.875
10	1	20	0.5
4	4	5	0.8
4	4	5	0.8
5	3	6	0.833333
4	5	5	0.8
4	5	6	0.666667
13	5	19	0.684211
4	3	10	0.4
6	2	17	0.352941
6	2	15	0.4
2	4	8	0.25
11	5	14	0.785714
10	1	23	0.434783
7	5	11	0.636364
12	1	19	0.631579
5	5	8	0.625
11	1	19	0.578947
14	2	23	0.608696
22	1	38	0.578947
7	5	10	0.7
15	5	18	0.833333
9	5	13	0.692308
9	1	17	0.529412
5	2	10	0.5
9	1	14	0.642857
12	5	15	0.8
8	5	10	0.8
5	5	7	0.714286
5	5	7	0.714286
6	1	12	0.5
7	1	13	0.538462
9	1	17	0.529412
3	5	9	0.333333
9	1	11	0.818182
5	5	8	0.625
10	1	15	0.666667
5	5	10	0.5
10	1	14	0.714286
18	5	26	0.692308
7	1	11	0.636364
116	2	243	0.477366
32	2	47	0.680851
6	1	11	0.545455
2	5	2	1
13	5	17	0.764706
10	5	13	0.769231
8	2	19	0.421053
31	5	38	0.815789
23	1	46	0.5
