4 5
8 3
5 5
7 2
13 1
4 5
3 2
8 5
1 5
0 3
10 1
5 5
5 3
1 5
5 2
7 1
18 1
5 3
6 4
1 5
37 1
2 5
2 4
6 1
2 5
3 3
4 2
5 5
4 4
4 5
12 1
3 2
8 5
5 5
3 5
24 5
4 2
4 5
13 1
8 1
4 2
5 4
2 2
2 4
3 5
10 2
3 5
6 4
6 3
4 4
2 5
4 3
15 4
12 5
5 5
2 4
4 5
13 1
8 4
159 3
2 3
1 3
2 5
2 5
1 5
1 3
3 3
0 4
4 4
1 5
0 5
10 2
1 5
2 4
5 5
24 1
4 2
30 1
0 5
2 5
4 5
0 5
2 4
3 4
4 5
4 5
218 2
6 5
4 5
12 1
10 1
2 4
28 1
3 5
3 2
0 5
17 1
36 1
4 5
1 5
8 1
6 2
3 5
1 5
2 2
1 4
5 5
2 5
13 1
3 4
0 5
1 5
0 5
5 2
3 3
4 5
15 2
7 3
2 5
4 2
1 4
3 2
0 5
0 5
0 5
0 3
0 5
2 5
5 5
0 5
8 4
0 5
0 5
36 1
1 5
1 5
0 4
6 2
2 5
1 5
2 5
4 2
43 1
2 5
4 2
0 5
2 5
1 2
1 4
1 5
3 5
0 5
1 2
12 1
0 3
1 5
0 5
1 5
1 2
0 5
0 5
1 4
0 5
0 5
13 1
1 5
1 5
8 4
1 5
5 4
4 5
2 5
1 5
0 5
1 5
6 4
1 4
7 2
0 5
3 5
1 5
1 5
0 5
1 5
0 5
3 3
2 5
0 4
1 5
0 4
9 2
1 3
1 5
4 2
1 3
3 3
1 5
7 1
2 3
3 2
0 5
1 4
1 2
8 1
2 1
252 1
1 4
1 5
1 5
8 1
1 5
2 4
3 4
3 1
6 4
8 5
2 5
1 4
5 2
17 1
45 2
1 2
3 3
1 5
1 5
4 5
9 3
1 2
6 2
1 5
0 5
1 5
2 3
0 5
1 4
1 5
0 5
0 5
5 5
1 2
1 4
0 4
1 5
0 5
0 5
1 5
1 5
0 5
7 1
5 2
100 4
3 2
1 5
0 5
0 5
0 5
0 5
8 2
4 2
1 5
3 1
2 5
2 5
5 2
0 5
0 5
1 3
0 5
0 5
16 5
1 5
1 3
0 4
7 3
1 5
1 5
1 3
1 2
0 5
0 5
0 5
0 5
1 5
0 5
0 3
0 5
0 5
0 3
0 4
3 5
4 5
1 5
10 1
0 4
0 5
1 1
28 2
2 4
3 1
2 3
0 4
1 5
1 5
0 5
0 4
1 2
34 1
0 5
0 5
1 2
40 3
0 5
0 4
5 5
8 1
2 2
21 2
6 1
0 4
1 3
0 2
0 5
0 2
2 1
0 5
0 5
2 3
12 2
0 5
19 4
2 5
1 5
0 5
0 4
1 5
8 5
1 5
0 3
4 2
16 2
7 5
7 2
6 5
8 1
2 5
3 2
1 5
6 3
0 5
0 5
0 5
6 1
0 5
1 5
1 5
1 4
10 1
3 2
9 5
1 5
0 4
1 5
17 1
1 4
0 4
1 3
1 5
1 3
0 5
1 5
8 1
4 5
2 5
1 5
1 5
2 5
1 5
0 4
4 3
3 4
1 4
1 4
8 5
1 5
4 5
3 5
3 5
1 5
1 4
4 1
1 5
5 5
1 4
3 3
1 5
1 4
2 5
3 5
2 4
3 5
1 4
1 5
12 3
12 5
1 5
1 5
3 5
117 2
3 5
2 3
1 5
1 5
17 2
1 5
1 5
1 5
1 5
2 4
4 5
4 5
5 2
3 5
3 4
1 4
1 5
4 5
1 3
1 5
1 5
11 1
3 2
4 5
1 3
1 5
4 4
7 5
0 5
1 3
1 5
5 1
1 5
4 5
1 3
1 5
1 5
0 2
3 5
1 4
1 5
1 5
1 5
4 2
4 1
1 2
6 2
1 5
4 1
1 4
24 5
4 1
1 5
0 5
10 1
1 3
8 5
1 3
1 5
7 1
1 5
4 5
1 5
1 5
1 1
1 4
11 4
3 5
1 5
3 1
5 1
3 1
1 5
3 1
26 1
1 5
1 3
1 4
0 4
1 2
1 3
6 1
0 4
1 4
3 1
0 3
4 5
10 1
6 5
8 2
0 5
5 4
0 3
1 5
9 1
3 5
0 5
0 2
0 5
0 5
1 2
0 2
0 5
0 5
0 5
0 5
0 4
0 3
0 2
0 2
0 4
42 2
0 2
1 1
2 1
0 3
1 2
0 5
0 4
0 5
0 5
0 4
0 4
0 5
0 1
0 5
0 5
5 1
0 5
0 5
0 4
0 5
3 5
0 3
0 2
7 1
0 5
0 2
0 3
0 5
6 5
0 5
0 5
0 5
0 5
0 3
4 4
0 5
0 5
0 3
0 5
17 1
0 5
0 5
0 5
0 5
0 5
0 5
5 1
10 1
0 5
0 5
0 5
0 5
0 3
0 5
0 4
0 5
11 5
0 4
0 4
0 3
0 5
0 3
0 5
0 4
0 5
0 5
0 5
1 5
0 5
0 5
0 5
2 1
1 4
0 5
0 5
2 4
7 1
0 5
1 5
0 3
0 5
0 2
0 4
0 2
0 4
2 2
0 5
0 2
0 5
0 5
0 5
0 5
0 2
0 5
0 3
0 5
6 1
0 1
1 4
1 5
1 5
