3 5
0 5
0 5
1 5
8 1
0 4
1 4
1 5
0 5
2 5
1 5
3 3
1 5
3 5
0 5
0 4
0 3
0 5
1 5
3 5
2 5
1 5
10 1
0 3
2 5
3 5
2 2
0 5
1 5
8 3
1 5
0 3
0 5
1 5
0 5
11 1
1 5
2 4
16 5
3 5
2 5
2 3
2 4
1 5
2 4
0 5
3 5
1 4
1 4
6 3
68 1
0 4
0 5
0 4
2 5
1 5
3 5
14 1
4 5
0 4
2 4
2 5
3 5
1 5
0 5
0 5
4 2
0 5
0 5
2 5
0 5
2 5
1 5
1 5
0 5
0 5
1 5
1 2
0 5
8 2
0 4
1 5
1 5
0 5
0 5
1 5
1 5
3 3
1 3
1 4
2 5
1 5
1 5
2 5
2 5
0 5
1 5
1 5
1 5
3 5
2 5
0 5
2 5
0 5
0 5
2 5
11 2
1 5
0 4
1 5
1 5
5 5
0 5
1 5
2 4
1 5
1 5
1 5
0 5
1 5
3 5
1 5
1 5
2 5
2 4
0 5
3 5
8 1
1 5
14 1
1 5
1 5
3 5
0 5
0 5
0 5
2 5
1 5
1 5
17 1
11 1
3 5
1 5
5 4
7 5
4 4
3 5
5 5
4 5
1 5
2 5
6 1
16 1
2 5
1 5
3 5
10 1
2 5
2 5
3 5
0 5
25 3
0 5
3 5
3 5
0 5
1 5
5 2
0 5
2 5
5 3
2 5
1 3
4 5
2 5
0 5
1 5
2 4
1 5
5 4
0 4
1 5
0 5
0 5
1 5
0 5
1 5
2 4
1 4
1 5
0 2
0 4
1 5
2 5
2 5
44 1
0 5
0 5
2 4
52 5
1 5
5 4
1 5
0 4
84 2
3 5
2 5
5 5
2 5
13 3
0 5
1 5
1 5
5 5
4 5
2 3
1 5
3 3
0 5
3 5
3 5
4 5
1 5
2 4
2 5
4 5
0 4
0 4
1 5
0 5
0 4
2 5
1 3
1 5
2 5
1 4
1 5
18 1
0 5
0 5
1 5
3 5
3 5
0 5
1 5
1 5
0 4
8 3
1 5
2 4
3 5
15 4
1 5
1 5
1 5
0 5
1 5
1 5
2 5
0 5
0 5
1 5
0 5
1 4
0 5
0 5
0 5
0 5
0 5
0 5
0 5
0 5
1 4
1 4
0 5
12 2
0 5
0 5
0 5
1 5
0 4
8 1
0 5
0 4
0 4
0 4
0 5
0 4
0 5
1 5
0 5
1 4
0 4
0 5
0 5
0 5
0 5
0 4
5 5
0 5
1 5
0 5
0 4
0 4
0 5
1 5
1 5
0 5
0 5
1 5
0 4
8 5
1 3
0 5
2 5
0 5
4 3
1 5
10 5
1 5
5 5
6 5
12 1
2 5
1 5
1 5
1 5
1 3
1 5
7 3
0 5
2 3
5 4
1 4
6 4
0 5
0 5
0 4
0 4
0 5
0 5
0 4
0 5
0 5
0 5
104 3
272 5
2 5
2 4
4 5
3 5
1 5
2 5
1 5
0 5
0 4
0 4
0 4
0 5
0 4
0 5
0 5
0 5
1 5
1 5
1 5
1 5
12 5
2 5
10 3
0 4
3 1
0 5
1 5
0 5
1 5
0 5
0 5
0 5
1 5
0 5
1 5
2 5
0 4
0 5
2 4
0 5
0 5
0 5
0 4
3 5
1 5
1 5
7 4
0 5
3 5
1 5
1 2
1 5
0 5
0 5
0 5
0 5
2 5
0 5
2 3
0 4
0 5
0 3
0 4
0 5
0 5
6 4
1 5
4 5
0 5
0 5
0 5
0 5
0 5
0 5
0 5
1 5
3 5
2 5
2 5
0 5
0 5
0 5
0 5
0 5
1 5
0 5
5 3
0 5
0 5
0 5
0 5
0 4
0 4
0 4
3 5
0 3
0 5
0 5
0 5
0 3
0 4
1 5
2 4
0 4
0 5
0 4
1 5
0 5
3 4
0 4
0 5
1 5
5 4
0 3
0 5
0 5
0 4
1 5
3 5
3 4
0 5
0 5
0 5
0 5
0 5
0 5
358 5
0 3
1 5
0 4
0 5
0 5
0 5
0 5
0 5
0 5
0 5
0 5
0 5
0 3
0 5
0 5
1 3
13 5
0 5
0 5
0 5
0 5
1 5
1 5
1 5
0 5
4 5
0 4
0 4
1 5
0 5
0 5
2 4
0 5
0 3
1 5
3 5
0 5
0 4
2 5
0 5
0 5
0 5
0 4
0 5
4 4
1 5
0 5
0 5
1 5
1 5
0 5
0 5
0 5
3 5
1 5
0 5
0 4
0 5
0 5
0 3
6 5
0 5
0 5
1 3
2 5
0 4
0 4
1 5
1 5
0 5
0 5
1 5
0 5
0 5
0 5
0 5
2 5
0 5
0 5
0 5
0 4
0 5
0 4
2 3
0 5
0 5
1 4
0 5
0 5
18 1
2 5
0 5
0 4
2 5
0 5
3 4
4 5
1 5
0 5
0 5
0 5
0 5
2 5
0 5
1 5
0 4
0 5
1 5
4 5
1 5
0 3
2 5
1 3
0 5
0 4
3 3
0 5
2 5
3 5
0 5
2 5
0 5
1 5
0 5
1 5
0 5
2 5
1 5
0 5
0 5
0 5
7 5
1 5
0 5
0 5
2 4
2 5
1 5
0 5
0 5
2 5
0 5
0 4
0 5
0 5
0 5
1 5
1 3
0 5
0 5
0 5
1 5
0 5
0 5
0 5
1 4
2 5
0 5
3 5
1 4
1 5
0 5
0 5
0 5
0 5
20 5
6 5
1 5
0 5
1 5
0 5
0 4
0 5
0 5
0 5
0 5
0 5
0 5
0 5
0 5
0 5
0 5
2 5
1 5
0 4
0 5
18 5
0 5
0 4
66 5
3 5
0 5
2 4
0 5
0 5
0 5
0 5
4 3
0 3
0 5
0 4
2 5
0 5
0 5
2 5
0 5
0 5
0 4
3 5
0 5
1 5
21 5
1 5
0 5
1 5
0 5
1 5
1 5
53 5
5 5
8 5
2 5
0 5
1 5
0 5
1 5
0 5
9 1
0 5
0 3
0 5
1 5
1 5
0 5
1 5
0 5
0 5
1 5
3 5
0 5
0 5
0 5
0 5
0 5
0 5
0 5
0 5
0 5
7 1
0 5
0 5
0 5
13 1
1 2
0 5
0 5
0 4
0 5
0 5
0 5
0 5
1 1
0 5
0 5
0 5
0 5
0 5
0 5
0 5
0 5
0 5
0 5
0 3
0 5
0 5
0 5
0 5
0 5
0 5
0 5
0 5
0 5
0 5
0 5
0 4
1 5
0 4
0 5
0 5
0 5
0 5
0 5
0 5
0 5
0 4
0 3
0 5
0 3
7 1
0 5
0 5
0 3
0 5
0 5
0 5
0 5
1 5
0 4
0 3
0 5
0 4
0 5
0 5
3 2
0 5
0 5
0 5
0 5
0 5
0 5
0 5
0 5
0 5
0 5
0 5
0 5
0 5
0 5
0 5
0 5
0 5
0 5
0 5
0 5
0 4
0 5
0 5
0 5
0 5
0 5
0 4
0 5
0 5
0 5
0 5
0 5
0 5
0 5
0 3
0 5
0 5
0 5
0 5
0 5
0 4
0 5
0 5
0 3
0 5
0 5
2 1
0 5
0 5
0 5
0 5
0 5
0 5
40 1
0 5
0 5
0 5
0 5
0 5
0 5
0 5
0 5
0 5
0 5
0 4
0 4
0 5
0 4
1 4
0 5
0 5
1 5
0 5
0 5
0 5
0 5
0 5
0 5
3 1
0 5
0 5
0 5
3 2
0 5
0 5
0 5
0 5
17 1
0 5
5 5
0 5
0 5
0 5
0 5
0 5
