3	5	3	1
0	5	2	0
0	5	1	0
1	5	2	0.5
8	1	31	0.258065
0	4	1	0
1	4	1	1
1	5	1	1
0	5	1	0
2	5	2	1
1	5	1	1
3	3	5	0.6
1	5	1	1
3	5	3	1
0	5	0	0
0	4	1	0
0	3	3	0
0	5	0	0
1	5	1	1
3	5	4	0.75
2	5	2	1
1	5	1	1
10	1	57	0.175439
0	3	2	0
2	5	2	1
3	5	4	0.75
2	2	8	0.25
0	5	0	0
1	5	2	0.5
8	3	10	0.8
1	5	2	0.5
0	3	3	0
0	5	1	0
1	5	1	1
0	5	0	0
11	1	75	0.146667
1	5	9	0.111111
2	4	8	0.25
16	5	20	0.8
3	5	4	0.75
2	5	2	1
2	3	8	0.25
2	4	2	1
1	5	1	1
2	4	2	1
0	5	1	0
3	5	3	1
1	4	1	1
1	4	3	0.333333
6	3	14	0.428571
68	1	131	0.519084
0	4	1	0
0	5	0	0
0	4	2	0
2	5	5	0.4
1	5	3	0.333333
3	5	6	0.5
14	1	56	0.25
4	5	6	0.666667
0	4	3	0
2	4	4	0.5
2	5	3	0.666667
3	5	4	0.75
1	5	2	0.5
0	5	0	0
0	5	0	0
4	2	18	0.222222
0	5	1	0
0	5	0	0
2	5	3	0.666667
0	5	0	0
2	5	6	0.333333
1	5	6	0.166667
1	5	2	0.5
0	5	1	0
0	5	0	0
1	5	1	1
1	2	6	0.166667
0	5	0	0
8	2	14	0.571429
0	4	1	0
1	5	2	0.5
1	5	2	0.5
0	5	1	0
0	5	1	0
1	5	5	0.2
1	5	3	0.333333
3	3	11	0.272727
1	3	8	0.125
1	4	3	0.333333
2	5	2	1
1	5	7	0.142857
1	5	1	1
2	5	2	1
2	5	3	0.666667
0	5	0	0
1	5	11	0.0909091
1	5	2	0.5
1	5	2	0.5
3	5	3	1
2	5	2	1
0	5	1	0
2	5	3	0.666667
0	5	1	0
0	5	1	0
2	5	2	1
11	2	21	0.52381
1	5	1	1
0	4	1	0
1	5	1	1
1	5	1	1
5	5	5	1
0	5	1	0
1	5	1	1
2	4	3	0.666667
1	5	1	1
1	5	1	1
1	5	1	1
0	5	0	0
1	5	1	1
3	5	3	1
1	5	3	0.333333
1	5	1	1
2	5	2	1
2	4	2	1
0	5	0	0
3	5	3	1
8	1	41	0.195122
1	5	1	1
14	1	61	0.229508
1	5	1	1
1	5	1	1
3	5	3	1
0	5	0	0
0	5	1	0
0	5	0	0
2	5	2	1
1	5	1	1
1	5	1	1
17	1	71	0.239437
11	1	41	0.268293
3	5	3	1
1	5	1	1
5	4	5	1
7	5	8	0.875
4	4	9	0.444444
3	5	4	0.75
5	5	7	0.714286
4	5	5	0.8
1	5	1	1
2	5	2	1
6	1	36	0.166667
16	1	50	0.32
2	5	3	0.666667
1	5	1	1
3	5	3	1
10	1	56	0.178571
2	5	2	1
2	5	4	0.5
3	5	6	0.5
0	5	0	0
25	3	37	0.675676
0	5	1	0
3	5	4	0.75
3	5	3	1
0	5	2	0
1	5	2	0.5
5	2	15	0.333333
0	5	0	0
2	5	3	0.666667
5	3	12	0.416667
2	5	3	0.666667
1	3	8	0.125
4	5	6	0.666667
2	5	3	0.666667
0	5	2	0
1	5	2	0.5
2	4	3	0.666667
1	5	1	1
5	4	6	0.833333
0	4	3	0
1	5	2	0.5
0	5	1	0
0	5	2	0
1	5	3	0.333333
0	5	3	0
1	5	1	1
2	4	2	1
1	4	1	1
1	5	1	1
0	2	6	0
0	4	1	0
1	5	1	1
2	5	3	0.666667
2	5	4	0.5
44	1	96	0.458333
0	5	1	0
0	5	1	0
2	4	3	0.666667
52	5	67	0.776119
1	5	1	1
5	4	6	0.833333
1	5	1	1
0	4	0	0
84	2	109	0.770642
3	5	4	0.75
2	5	2	1
5	5	6	0.833333
2	5	4	0.5
13	3	20	0.65
0	5	0	0
1	5	1	1
1	5	2	0.5
5	5	5	1
4	5	5	0.8
2	3	3	0.666667
1	5	2	0.5
3	3	9	0.333333
0	5	0	0
3	5	3	1
3	5	4	0.75
4	5	5	0.8
1	5	1	1
2	4	2	1
2	5	2	1
4	5	5	0.8
0	4	3	0
0	4	3	0
1	5	1	1
0	5	2	0
0	4	1	0
2	5	3	0.666667
1	3	2	0.5
1	5	3	0.333333
2	5	2	1
1	4	1	1
1	5	1	1
18	1	67	0.268657
0	5	1	0
0	5	0	0
1	5	1	1
3	5	3	1
3	5	4	0.75
0	5	0	0
1	5	2	0.5
1	5	1	1
0	4	0	0
8	3	16	0.5
1	5	1	1
2	4	2	1
3	5	4	0.75
15	4	20	0.75
1	5	1	1
1	5	1	1
1	5	1	1
0	5	1	0
1	5	1	1
1	5	3	0.333333
2	5	2	1
0	5	1	0
0	5	1	0
1	5	1	1
0	5	0	0
1	4	13	0.0769231
0	5	0	0
0	5	0	0
0	5	0	0
0	5	0	0
0	5	0	0
0	5	0	0
0	5	1	0
0	5	0	0
1	4	2	0.5
1	4	1	1
0	5	0	0
12	2	18	0.666667
0	5	1	0
0	5	2	0
0	5	0	0
1	5	2	0.5
0	4	0	0
8	1	20	0.4
0	5	0	0
0	4	0	0
0	4	0	0
0	4	0	0
0	5	2	0
0	4	0	0
0	5	0	0
1	5	3	0.333333
0	5	1	0
1	4	1	1
0	4	0	0
0	5	0	0
0	5	0	0
0	5	2	0
0	5	0	0
0	4	0	0
5	5	5	1
0	5	0	0
1	5	4	0.25
0	5	1	0
0	4	3	0
0	4	0	0
0	5	1	0
1	5	1	1
1	5	2	0.5
0	5	3	0
0	5	2	0
1	5	3	0.333333
0	4	3	0
8	5	10	0.8
1	3	3	0.333333
0	5	2	0
2	5	3	0.666667
0	5	0	0
4	3	9	0.444444
1	5	3	0.333333
10	5	12	0.833333
1	5	2	0.5
5	5	8	0.625
6	5	7	0.857143
12	1	44	0.272727
2	5	3	0.666667
1	5	2	0.5
1	5	2	0.5
1	5	3	0.333333
1	3	2	0.5
1	5	2	0.5
7	3	10	0.7
0	5	0	0
2	3	5	0.4
5	4	6	0.833333
1	4	3	0.333333
6	4	7	0.857143
0	5	1	0
0	5	0	0
0	4	0	0
0	4	0	0
0	5	0	0
0	5	0	0
0	4	0	0
0	5	0	0
0	5	0	0
0	5	0	0
104	3	134	0.776119
272	5	305	0.891803
2	5	2	1
2	4	2	1
4	5	5	0.8
3	5	3	1
1	5	1	1
2	5	2	1
1	5	1	1
0	5	0	0
0	4	0	0
0	4	0	0
0	4	0	0
0	5	0	0
0	4	0	0
0	5	0	0
0	5	0	0
0	5	2	0
1	5	1	1
1	5	1	1
1	5	1	1
1	5	1	1
12	5	17	0.705882
2	5	2	1
10	3	16	0.625
0	4	0	0
3	1	29	0.103448
0	5	1	0
1	5	1	1
0	5	0	0
1	5	1	1
0	5	0	0
0	5	0	0
0	5	0	0
1	5	1	1
0	5	0	0
1	5	1	1
2	5	3	0.666667
0	4	0	0
0	5	0	0
2	4	2	1
0	5	0	0
0	5	0	0
0	5	0	0
0	4	0	0
3	5	5	0.6
1	5	1	1
1	5	2	0.5
7	4	9	0.777778
0	5	0	0
3	5	3	1
1	5	2	0.5
1	2	2	0.5
1	5	2	0.5
0	5	0	0
0	5	2	0
0	5	1	0
0	5	1	0
2	5	3	0.666667
0	5	0	0
2	3	4	0.5
0	4	0	0
0	5	0	0
0	3	1	0
0	4	1	0
0	5	0	0
0	5	5	0
6	4	7	0.857143
1	5	1	1
4	5	4	1
0	5	0	0
0	5	0	0
0	5	0	0
0	5	0	0
0	5	2	0
0	5	0	0
0	5	0	0
1	5	1	1
3	5	4	0.75
2	5	3	0.666667
2	5	3	0.666667
0	5	0	0
0	5	0	0
0	5	0	0
0	5	0	0
0	5	1	0
1	5	1	1
0	5	0	0
5	3	11	0.454545
0	5	0	0
0	5	0	0
0	5	0	0
0	5	0	0
0	4	0	0
0	4	0	0
0	4	0	0
3	5	5	0.6
0	3	7	0
0	5	0	0
0	5	0	0
0	5	0	0
0	3	0	0
0	4	0	0
1	5	1	1
2	4	2	1
0	4	0	0
0	5	0	0
0	4	0	0
1	5	2	0.5
0	5	0	0
3	4	3	1
0	4	1	0
0	5	0	0
1	5	1	1
5	4	7	0.714286
0	3	0	0
0	5	0	0
0	5	0	0
0	4	0	0
1	5	1	1
3	5	5	0.6
3	4	6	0.5
0	5	0	0
0	5	0	0
0	5	0	0
0	5	0	0
0	5	0	0
0	5	0	0
358	5	405	0.883951
0	3	1	0
1	5	1	1
0	4	2	0
0	5	0	0
0	5	0	0
0	5	0	0
0	5	0	0
0	5	0	0
0	5	0	0
0	5	0	0
0	5	0	0
0	5	0	0
0	3	0	0
0	5	0	0
0	5	0	0
1	3	5	0.2
13	5	16	0.8125
0	5	0	0
0	5	0	0
0	5	0	0
0	5	0	0
1	5	1	1
1	5	2	0.5
1	5	1	1
0	5	0	0
4	5	4	1
0	4	0	0
0	4	0	0
1	5	2	0.5
0	5	1	0
0	5	0	0
2	4	3	0.666667
0	5	0	0
0	3	4	0
1	5	1	1
3	5	3	1
0	5	0	0
0	4	1	0
2	5	3	0.666667
0	5	0	0
0	5	0	0
0	5	0	0
0	4	0	0
0	5	0	0
4	4	5	0.8
1	5	1	1
0	5	0	0
0	5	0	0
1	5	1	1
1	5	3	0.333333
0	5	1	0
0	5	1	0
0	5	0	0
3	5	3	1
1	5	1	1
0	5	0	0
0	4	1	0
0	5	3	0
0	5	1	0
0	3	1	0
6	5	7	0.857143
0	5	2	0
0	5	0	0
1	3	6	0.166667
2	5	2	1
0	4	4	0
0	4	0	0
1	5	1	1
1	5	1	1
0	5	0	0
0	5	0	0
1	5	1	1
0	5	2	0
0	5	0	0
0	5	0	0
0	5	0	0
2	5	2	1
0	5	2	0
0	5	0	0
0	5	0	0
0	4	0	0
0	5	0	0
0	4	0	0
2	3	5	0.4
0	5	1	0
0	5	1	0
1	4	2	0.5
0	5	0	0
0	5	1	0
18	1	44	0.409091
2	5	2	1
0	5	0	0
0	4	0	0
2	5	3	0.666667
0	5	0	0
3	4	4	0.75
4	5	5	0.8
1	5	1	1
0	5	0	0
0	5	0	0
0	5	0	0
0	5	0	0
2	5	3	0.666667
0	5	0	0
1	5	1	1
0	4	0	0
0	5	0	0
1	5	1	1
4	5	5	0.8
1	5	1	1
0	3	3	0
2	5	2	1
1	3	3	0.333333
0	5	7	0
0	4	2	0
3	3	5	0.6
0	5	3	0
2	5	2	1
3	5	3	1
0	5	0	0
2	5	2	1
0	5	2	0
1	5	1	1
0	5	0	0
1	5	2	0.5
0	5	1	0
2	5	3	0.666667
1	5	2	0.5
0	5	1	0
0	5	1	0
0	5	2	0
7	5	8	0.875
1	5	1	1
0	5	1	0
0	5	0	0
2	4	3	0.666667
2	5	3	0.666667
1	5	2	0.5
0	5	1	0
0	5	1	0
2	5	4	0.5
0	5	1	0
0	4	1	0
0	5	1	0
0	5	0	0
0	5	0	0
1	5	1	1
1	3	2	0.5
0	5	0	0
0	5	0	0
0	5	0	0
1	5	1	1
0	5	0	0
0	5	0	0
0	5	0	0
1	4	2	0.5
2	5	2	1
0	5	0	0
3	5	3	1
1	4	1	1
1	5	1	1
0	5	1	0
0	5	0	0
0	5	0	0
0	5	0	0
20	5	26	0.769231
6	5	7	0.857143
1	5	1	1
0	5	0	0
1	5	2	0.5
0	5	0	0
0	4	0	0
0	5	0	0
0	5	0	0
0	5	0	0
0	5	0	0
0	5	0	0
0	5	0	0
0	5	0	0
0	5	0	0
0	5	0	0
0	5	0	0
2	5	2	1
1	5	1	1
0	4	0	0
0	5	0	0
18	5	22	0.818182
0	5	0	0
0	4	0	0
66	5	69	0.956522
3	5	4	0.75
0	5	0	0
2	4	2	1
0	5	0	0
0	5	0	0
0	5	1	0
0	5	0	0
4	3	7	0.571429
0	3	0	0
0	5	0	0
0	4	0	0
2	5	2	1
0	5	0	0
0	5	0	0
2	5	4	0.5
0	5	0	0
0	5	0	0
0	4	0	0
3	5	3	1
0	5	0	0
1	5	2	0.5
21	5	26	0.807692
1	5	1	1
0	5	0	0
1	5	1	1
0	5	0	0
1	5	1	1
1	5	2	0.5
53	5	70	0.757143
5	5	7	0.714286
8	5	10	0.8
2	5	2	1
0	5	0	0
1	5	1	1
0	5	0	0
1	5	1	1
0	5	1	0
9	1	56	0.160714
0	5	0	0
0	3	1	0
0	5	0	0
1	5	1	1
1	5	1	1
0	5	0	0
1	5	1	1
0	5	0	0
0	5	0	0
1	5	1	1
3	5	6	0.5
0	5	0	0
0	5	0	0
0	5	0	0
0	5	0	0
0	5	0	0
0	5	0	0
0	5	0	0
0	5	0	0
0	5	0	0
7	1	32	0.21875
0	5	0	0
0	5	0	0
0	5	0	0
13	1	36	0.361111
1	2	2	0.5
0	5	0	0
0	5	0	0
0	4	0	0
0	5	0	0
0	5	0	0
0	5	0	0
0	5	0	0
1	1	25	0.04
0	5	0	0
0	5	0	0
0	5	0	0
0	5	0	0
0	5	0	0
0	5	0	0
0	5	0	0
0	5	0	0
0	5	0	0
0	5	0	0
0	3	0	0
0	5	0	0
0	5	0	0
0	5	0	0
0	5	0	0
0	5	0	0
0	5	0	0
0	5	0	0
0	5	0	0
0	5	0	0
0	5	0	0
0	5	0	0
0	4	0	0
1	5	1	1
0	4	0	0
0	5	0	0
0	5	0	0
0	5	0	0
0	5	0	0
0	5	0	0
0	5	0	0
0	5	0	0
0	4	0	0
0	3	0	0
0	5	0	0
0	3	0	0
7	1	22	0.318182
0	5	0	0
0	5	0	0
0	3	0	0
0	5	0	0
0	5	0	0
0	5	0	0
0	5	0	0
1	5	1	1
0	4	0	0
0	3	0	0
0	5	0	0
0	4	0	0
0	5	0	0
0	5	0	0
3	2	5	0.6
0	5	0	0
0	5	0	0
0	5	0	0
0	5	0	0
0	5	0	0
0	5	0	0
0	5	0	0
0	5	0	0
0	5	0	0
0	5	0	0
0	5	0	0
0	5	0	0
0	5	0	0
0	5	0	0
0	5	0	0
0	5	0	0
0	5	0	0
0	5	0	0
0	5	0	0
0	5	0	0
0	4	0	0
0	5	0	0
0	5	0	0
0	5	0	0
0	5	0	0
0	5	0	0
0	4	0	0
0	5	0	0
0	5	0	0
0	5	0	0
0	5	0	0
0	5	0	0
0	5	0	0
0	5	0	0
0	3	0	0
0	5	0	0
0	5	0	0
0	5	0	0
0	5	0	0
0	5	0	0
0	4	0	0
0	5	0	0
0	5	0	0
0	3	0	0
0	5	0	0
0	5	0	0
2	1	33	0.0606061
0	5	0	0
0	5	0	0
0	5	0	0
0	5	0	0
0	5	0	0
0	5	0	0
40	1	81	0.493827
0	5	0	0
0	5	0	0
0	5	0	0
0	5	0	0
0	5	0	0
0	5	0	0
0	5	0	0
0	5	0	0
0	5	0	0
0	5	0	0
0	4	0	0
0	4	0	0
0	5	0	0
0	4	0	0
1	4	1	1
0	5	0	0
0	5	0	0
1	5	1	1
0	5	0	0
0	5	0	0
0	5	0	0
0	5	0	0
0	5	0	0
0	5	0	0
3	1	26	0.115385
0	5	0	0
0	5	0	0
0	5	0	0
3	2	6	0.5
0	5	0	0
0	5	0	0
0	5	0	0
0	5	0	0
17	1	40	0.425
0	5	0	0
5	5	5	1
0	5	1	0
0	5	0	0
0	5	0	0
0	5	1	0
0	5	0	0
