3 5
5 3
8 1
6 5
7 1
1 5
5 3
1 2
0 5
1 5
0 4
0 5
2 5
0 4
3 5
2 4
0 4
3 4
6 2
2 4
6 2
1 5
0 5
3 4
3 4
2 5
10 2
4 3
9 1
0 5
0 5
0 5
8 2
10 1
2 4
9 1
1 5
8 1
4 2
2 5
0 5
13 1
3 5
2 3
5 3
2 2
7 3
10 1
1 5
8 3
1 5
7 3
3 5
4 5
8 1
13 1
4 1
5 2
2 5
13 1
2 5
2 5
11 1
2 5
0 4
2 4
2 4
2 5
1 4
6 5
5 4
3 2
2 2
0 5
22 1
1 5
2 4
2 5
4 5
6 2
11 3
1 4
9 3
8 2
2 5
0 5
1 3
2 4
0 4
0 5
2 4
2 4
3 5
0 5
10 1
3 5
13 1
4 3
9 5
0 2
9 4
0 5
8 1
1 4
1 4
2 3
9 1
5 5
7 1
0 5
3 3
3 2
0 4
0 3
22 1
48 1
14 1
0 5
0 3
1 5
6 4
6 2
2 2
65 3
21 1
1 5
1 5
1 5
0 5
0 5
7 3
2 5
1 4
1 5
1 5
4 4
0 5
1 4
15 1
2 5
3 3
15 3
0 3
0 5
2 3
0 5
8 1
0 4
0 5
1 5
0 5
0 5
1 5
2 3
0 5
2 4
1 5
0 4
0 5
0 5
0 5
4 1
4 2
0 4
11 1
0 5
20 4
0 5
18 1
1 4
0 5
0 5
9 1
2 3
0 5
2 4
0 5
6 4
0 4
0 4
1 5
1 5
4 4
2 4
0 5
0 4
0 5
3 3
0 5
1 5
0 3
0 3
0 5
0 5
0 5
1 2
20 2
3 5
1 5
1 4
8 3
0 4
0 5
0 5
52 1
3 1
0 4
0 5
1 3
2 5
1 4
4 5
0 4
0 5
1 5
0 5
1 2
0 5
2 4
2 2
3 4
6 1
3 4
0 4
1 5
11 1
1 5
0 4
1 5
0 5
7 1
463 5
3 5
2 3
7 5
2 2
1 4
2 4
1250 3
1 4
1 5
5 2
11 3
0 5
2 2
0 4
2 5
0 4
0 5
0 5
0 5
7 2
1 5
1 5
10 2
3 1
2 5
7 4
23 1
90 1
2 5
0 4
5 2
7 5
2 4
0 4
2 5
2 5
1 5
1 5
0 5
0 5
9 3
3 5
1 5
5 5
0 5
1 5
1 3
1 5
0 4
3 3
1 5
0 5
4 2
5 5
6 3
0 5
2 5
11 1
4 4
10 3
1 4
2 5
0 1
1 5
1 5
15 1
7 1
1 5
2 4
1 4
1 5
0 4
0 5
4 3
10 3
2 5
1 5
2 5
3 5
0 5
0 4
0 4
0 5
1 5
1 2
1 5
0 5
8 2
1 5
0 4
2 5
0 5
1 4
5 5
0 4
0 5
2 5
2 5
0 5
0 4
0 5
0 5
0 5
0 4
0 5
9 3
1 5
2 5
0 5
2 5
0 5
0 5
0 4
0 5
0 5
0 5
0 3
3 5
7 1
42 4
0 5
2 4
0 4
1 4
1 5
0 5
2 5
1 3
3 2
19 1
4 1
74 2
2 5
1 4
3 5
5 5
1 5
1 5
1 3
0 4
16 3
4 4
2 2
1 5
3 2
1 5
0 5
77 1
3 1
2 5
1 4
1 4
1 4
0 4
0 5
2 2
1 5
2 4
3 5
2 5
1 5
2 2
1 4
3 3
2 5
2 5
0 5
0 5
6 4
0 5
0 5
0 5
3 2
0 4
1 5
0 4
2 5
6 1
2 2
2 5
2 2
2 5
5 5
3 5
1 2
6 4
0 4
1 5
1 3
0 3
0 5
0 5
0 5
2 5
0 5
0 4
15 3
5 3
1 4
0 4
3 5
3 5
5 1
3 4
1 2
4 4
1 3
4 5
1 5
8 2
1 5
1 5
5 2
0 5
6 4
6 5
4 5
1 5
2 3
2 5
0 5
1 3
4 5
1 5
1 5
6 2
2 5
1 4
1 5
8 4
0 4
0 5
1 5
1 4
0 5
1 3
0 5
1 5
1 4
45 4
0 4
0 4
1 5
2 5
15 1
6 5
8 1
0 5
0 5
0 4
1 5
0 5
1 5
2 4
1 4
1 4
8 1
0 3
1 3
9 1
2 5
2 4
0 5
0 5
0 5
4 3
0 3
1 2
1 3
6 2
13 3
0 5
6 5
2 3
0 5
0 4
0 5
0 5
0 5
0 5
15 5
0 3
4 5
9 5
1 5
2 5
6 3
2 4
7 3
8 2
7 5
6 3
2 5
4 2
4 2
0 5
3 5
1 3
1 4
0 5
3 5
10 1
1 5
2 5
0 5
5 5
2 4
2 5
3 4
5 4
8 5
0 5
2 5
1 5
0 5
0 4
0 5
0 5
73 5
1 5
114 4
0 5
0 5
0 5
16 5
0 4
2 5
1 5
0 4
0 5
3 5
23 3
15 3
3 4
11 2
30 5
3 3
0 4
3 5
0 5
6 5
0 5
0 5
1 4
0 3
0 5
0 4
60 1
4 3
1 5
8 1
3 5
34 4
6 1
1 5
1 5
1 5
3 5
1 5
0 4
13 1
2 5
1 5
1 5
1 3
2 3
15 1
1 5
8 1
1 5
0 5
0 5
0 5
1 5
0 5
0 5
17 4
0 5
3 2
1 5
1 5
3 5
4 5
1 3
8 5
11 1
3 5
1 5
1 5
0 5
2 5
5 5
1 5
8 1
3 3
0 5
0 5
2 5
1 5
0 5
3 5
1 5
2 5
1 4
1 5
158 5
0 5
0 5
1 5
2 5
6 5
3 5
1 5
10 5
3 5
1 4
1 5
0 5
0 5
3 4
0 5
0 5
29 1
0 3
0 3
2 5
1 5
0 5
0 5
0 5
25 1
0 4
0 2
0 5
3 5
0 3
267 5
0 5
8 1
0 5
0 4
0 3
0 5
2 5
0 5
0 3
0 2
4 1
0 5
0 4
0 5
0 4
0 5
0 5
0 5
1 5
0 4
7 1
0 2
0 5
0 4
10 1
0 3
0 5
0 5
0 5
14 4
0 4
0 4
0 5
0 5
0 2
0 5
0 4
0 2
0 5
4 1
0 5
0 4
0 5
7 4
0 5
0 5
0 5
0 5
0 5
0 3
0 5
0 5
0 4
11 4
0 5
1 5
0 5
0 5
0 5
0 5
0 3
0 4
0 5
0 5
0 3
0 5
0 5
0 5
0 5
0 5
0 5
0 4
0 5
0 5
2 5
