19 1
14 1
7 5
22 1
23 1
4 3
3 4
17 1
20 1
5 4
26 1
2 4
8 1
1 5
3 5
4 5
2 5
43 1
29 1
33 5
21 2
19 5
45 1
3 4
27 1
22 1
30 1
1 5
10 1
19 1
52 1
25 1
25 1
3 5
24 1
8 5
24 1
8 2
3 3
13 4
107 1
1 4
22 1
1 5
2 5
42 1
79 1
2 5
0 5
72 1
1 5
1 5
2 4
1 4
1 5
35 1
1 5
12 1
15 1
16 1
23 1
3 5
17 1
5 5
2 5
67 1
1 3
4 5
1 3
32 1
3 3
8 3
3 5
2 5
43 1
5 3
1 3
33 1
7 5
39 1
1 4
0 5
6 2
16 3
24 1
29 1
10 4
1 5
2 5
20 1
1 4
4 3
2 5
3 5
3 2
92 1
30 1
0 4
5 4
13 2
22 1
26 1
5 4
3 5
4 2
4 2
16 1
1 5
6 5
20 1
28 1
6 3
23 1
1 3
160 1
2 5
1 4
17 1
5 5
6 2
70 1
21 2
1 3
11 1
2 5
26 1
1 5
1 5
0 5
4 5
5 4
3 4
22 1
14 1
19 2
3 5
24 2
4 5
7 2
0 3
17 1
4 4
156 1
26 1
6 3
34 1
4 3
16 1
7 2
3 5
6 4
1 3
1 5
3 5
14 1
6 2
17 1
6 5
6 1
3 5
2 5
12 1
1 5
14 1
2 5
2 5
5 5
12 1
11 1
1 5
14 1
15 1
11 1
3 5
1 5
2 5
3 5
5 4
9 1
3 5
9 1
0 4
18 1
0 5
8 2
1 5
0 5
1 4
1 4
20 1
1 4
8 1
0 5
0 5
3 1
10 1
0 5
0 5
1 3
0 5
0 5
2 5
4 4
10 5
4 2
2 5
5 5
1 5
25 1
2 4
2 5
3 5
17 1
13 1
6 4
5 5
1 5
4 5
2 4
1 5
2 3
2 2
0 4
1 5
4 5
2 2
4 5
2 5
3 4
4 3
2 5
15 1
1 5
3 4
6 4
2 5
2 5
2 5
4 5
4 5
3 5
1 5
1 4
4 3
6 3
3 3
3 4
2 4
4 2
13 2
6 5
3 3
1 4
20 1
2 4
2 5
3 3
2 5
2 3
3 3
20 1
3 5
3 5
2 5
4 2
17 2
3 5
4 5
2 5
4 4
4 5
2 3
7 3
1 5
54 3
14 1
2 3
0 5
12 1
3 5
0 4
41 1
6 5
3 3
3 1
2 4
1 4
3 4
2 5
1 5
2 5
4 5
2 4
1 5
1 5
0 5
13 3
3 5
2 5
1 4
2 4
3 4
1 5
0 5
2 5
0 5
0 5
4 1
0 3
7 5
1 5
0 5
5 5
2 5
1 5
0 4
13 1
1 3
1 2
5 4
7 5
27 1
1 5
0 5
1 5
2 5
7 3
1 4
1 5
1 5
0 5
0 5
1 4
5 5
2 4
565 2
3 5
9 1
3 4
3 5
1 3
11 1
3 5
1 5
94 1
22 1
0 3
4 3
0 5
1 5
1 4
3 2
0 5
1 5
4 5
2 3
23 1
1 3
5 5
2 2
0 5
0 4
5 3
8 5
12 1
2 5
1 5
1 5
9 4
2 5
2 5
2 4
5 1
0 5
2 5
33 1
3 5
3 4
3 3
4 5
2 5
7 1
12 1
11 5
1 4
0 4
7 2
0 2
2 5
2 5
1 4
0 3
3 5
1 5
14 1
1 5
2 5
3 3
4 5
10 1
2 4
1 5
2 3
4 5
14 1
2 5
2 5
2 4
5 5
4 5
4 5
6 5
12 1
3 4
1 4
5 4
0 4
1 5
2 5
8 1
4 4
0 2
3 4
1 5
11 3
2 4
8 2
4 5
3 4
16 1
4 5
3 5
4 4
2 5
11 1
26 1
2 5
0 3
9 1
2 5
2 1
7 1
1 5
1 5
1 5
3 5
18 4
3 4
8 4
3 5
0 5
0 5
12 5
3 4
0 4
2 4
8 5
2 5
3 1
7 1
3 5
373 4
0 5
0 5
1 3
0 5
0 3
6 5
0 4
0 5
0 4
20 1
0 5
0 4
2 4
4 5
2 5
3 4
14 2
58 1
2 5
7 1
9 2
2 5
5 5
16 1
1 5
2 4
7 5
0 5
27 1
10 5
20 1
9 5
8 5
5 5
3 3
3 1
1 5
5 3
4 5
6 5
34 4
3 5
4 5
2 4
11 1
0 3
1 5
63 1
0 5
415 3
5 3
1 5
1 4
2 5
0 4
4 2
0 5
16 5
12 1
6 2
10 3
6 4
5 5
7 1
0 5
13 2
37 3
22 1
1 5
0 5
195 3
15 3
0 5
27 3
2 4
2 4
2 5
0 5
1 5
0 5
0 5
0 5
2 5
7 4
1 5
3 5
1 5
3 5
19 1
15 1
0 3
11 1
1 5
38 1
0 3
5 5
4 2
7 1
2 5
25 1
15 1
8 5
7 5
0 5
8 5
4 5
17 5
5 5
47 1
2 5
55 1
9 4
33 1
19 2
19 2
12 5
3 5
6 5
3 4
18 5
11 2
4 5
4 5
3 5
4 2
3 5
4 5
0 5
4 3
12 1
1 5
2 4
2 5
0 4
1 5
1 5
0 4
15 5
20 1
0 5
3 5
1 5
5 5
0 4
0 5
1 5
1 5
0 4
0 5
0 5
1 5
0 5
2 4
5 5
6 2
15 1
0 4
13 4
19 3
1 3
41 1
41 1
3 5
3 5
3 5
9 3
4 4
2 5
7 5
5 5
11 3
2 5
1 4
21 1
12 1
2 5
1 5
6 2
2 5
6 5
1 5
22 1
2 5
4 3
5 1
1 5
9 2
2 3
3 5
8 2
1 3
12 1
4 4
1 4
1 5
10 4
3 5
1 5
4 3
1 5
8 1
13 5
3 5
8 1
4 5
0 5
8 1
0 5
5 2
13 1
6 1
31 1
9 1
1 5
11 3
6 1
18 5
12 1
0 3
1 5
5 1
1 5
0 5
2 5
12 1
0 3
3 1
1 5
0 5
0 5
18 2
1 5
18 2
2 5
3 5
3 2
0 5
14 1
4 4
8 2
1 5
2 4
21 3
1 5
0 4
13 5
1 5
5 3
0 5
4 5
6 5
0 4
6 5
2 5
4 5
0 5
3 5
143 1
39 1
13 2
5 5
7 5
0 5
2 5
1 5
2 5
1 4
36 1
2 5
0 5
1 5
0 5
0 5
1 5
2 3
3 3
2 5
5 3
3 5
1 5
0 5
0 5
3 5
0 5
18 1
0 5
0 5
2 5
5 5
4 5
1 1
2 1
17 5
24 1
19 1
2 5
1 5
33 1
0 5
0 5
1 5
2 5
11 1
0 5
3 5
12 1
2 2
1 5
1 4
0 5
0 5
19 1
6 3
4 5
1 5
1 5
2 5
7 5
6 2
3 5
7 1
0 4
9 1
7 1
3 5
1 5
160 5
0 5
5 1
3 4
7 1
11 5
2 5
0 5
1 5
0 5
4 5
4 5
6 5
3 5
1 5
2 4
0 5
17 1
2 5
2 4
3 4
14 1
0 3
8 2
1 5
1 5
2 5
3 5
3 3
0 1
4 5
38 3
1 5
1 5
1 5
1 5
1 5
12 5
1 5
1 5
2 5
4 5
2 4
1 5
7 1
1 5
0 5
2 5
11 3
4 5
6 4
9 5
4 2
2 5
1 2
1 5
1 5
9 5
0 5
2 4
3 5
16 1
17 1
9 5
0 5
0 5
6 1
0 5
0 5
7 5
0 5
5 4
4 1
6 1
7 5
2 3
3 5
3 5
2 5
6 5
6 4
6 4
11 1
1 5
7 5
2 4
2 5
13 1
1 4
2 4
1 5
10 4
1 5
0 5
1 5
0 5
0 5
0 5
6 3
0 5
5 5
5 5
3 5
2 5
0 5
0 5
1 3
1 3
0 5
1 3
1 5
1 5
2 2
0 2
1 4
0 5
1 5
0 5
0 5
1 5
0 5
11 1
3 5
0 5
16 1
2 5
0 5
13 1
27 2
0 5
3 5
2 5
3 5
0 5
0 5
0 5
0 5
2 3
0 5
1 5
0 5
0 5
2 5
0 5
0 4
8 1
0 4
1 4
0 5
0 4
12 5
5 5
0 3
4 5
9 4
3 5
13 1
2 3
3 5
2 4
0 5
4 5
11 1
7 5
0 2
4 2
0 5
2 5
0 5
0 4
3 4
0 5
5 1
0 4
0 5
0 5
5 5
2 4
7 5
4 2
4 1
7 1
0 5
0 5
5 5
0 5
10 1
4 4
2 5
3 5
3 1
1 5
0 5
1 5
0 5
6 1
3 5
2 5
0 5
1 5
3 5
6 5
3 5
4 5
11 5
3 5
2 1
2 5
4 2
0 5
9 1
5 5
4 3
4 5
5 5
13 2
2 4
1 5
0 5
6 3
6 1
0 5
0 5
75 1
6 2
3 1
0 5
4 1
0 5
0 4
0 5
0 5
5 2
0 4
0 5
0 2
18 1
0 5
0 5
3 2
0 5
0 5
0 5
4 1
0 5
0 5
0 5
0 5
0 5
0 5
0 5
2 1
0 5
0 5
0 5
0 5
0 5
0 5
0 5
0 5
0 4
0 4
3 1
0 5
0 2
0 3
0 5
0 3
0 5
0 5
0 5
3 1
0 5
0 5
0 5
0 5
0 5
0 5
0 5
0 3
5 1
0 5
4 1
0 5
1 2
4 1
0 5
0 5
4 1
0 5
6 1
4 1
0 3
0 5
1 5
5 1
0 5
0 2
0 2
0 5
0 2
0 5
0 5
0 5
0 5
0 4
0 5
0 5
0 5
5 1
0 5
0 5
0 5
0 5
0 4
0 5
2 1
0 5
0 5
0 4
0 3
0 4
0 5
0 4
0 5
0 5
0 5
0 5
0 3
0 4
0 4
0 5
0 4
3 2
0 5
0 5
0 5
3 1
0 5
0 5
4 2
0 5
0 5
0 5
0 5
0 5
0 5
4 1
0 3
0 5
0 4
0 5
0 5
0 5
6 1
0 4
0 4
0 5
0 5
1 5
0 5
0 5
0 5
0 5
0 5
0 5
0 5
0 5
0 5
0 5
0 5
0 5
0 4
0 5
0 5
0 5
0 3
3 1
0 5
0 5
0 5
0 5
0 5
0 5
0 5
0 5
0 5
0 4
1 2
0 4
6 1
0 5
0 5
0 5
0 4
0 5
0 5
0 5
6 1
0 5
0 5
0 4
0 4
0 5
0 5
0 3
0 5
0 3
0 5
0 5
0 5
0 5
0 5
0 5
0 5
0 5
0 5
0 5
0 5
0 5
0 5
1 2
0 5
0 5
0 5
0 5
0 5
0 5
0 5
0 2
0 5
0 5
0 5
0 5
0 5
0 4
0 5
0 5
0 5
0 5
0 3
0 5
0 5
0 5
0 5
0 5
0 5
0 5
0 5
0 5
0 5
5 1
4 1
5 1
0 5
1 2
0 4
0 5
0 5
0 5
0 5
0 5
0 5
4 1
0 5
0 3
0 5
0 5
0 5
1 4
0 5
0 5
0 5
0 5
0 5
0 5
6 1
0 4
0 5
0 5
0 5
0 4
3 4
0 5
0 5
0 5
0 5
0 5
1 5
0 5
0 5
1 1
0 5
0 5
0 5
0 5
0 5
0 5
0 5
0 5
8 3
0 5
0 4
0 5
0 5
0 4
0 5
0 5
0 5
0 5
0 5
0 5
0 5
0 5
0 4
0 5
0 5
0 5
0 5
0 5
0 4
0 5
0 5
0 5
0 5
0 5
0 5
0 5
0 5
0 5
0 5
0 5
1 5
