10 5
7 1
20 1
7 4
6 3
10 1
1 3
1 3
12 1
7 5
11 5
13 4
3 5
8 2
7 2
2 4
6 2
10 5
4 5
7 5
5 3
3 5
6 5
7 1
12 1
8 4
9 5
2 5
3 1
3 5
13 5
4 2
22 5
3 5
5 5
0 3
10 5
8 3
4 5
6 2
3 4
21 1
2 5
1 4
7 4
9 1
7 4
1 3
1 5
7 4
12 2
3 5
8 4
8 5
5 5
3 3
1 5
4 5
4 5
2 4
10 5
77 5
6 4
12 4
8 4
14 3
7 1
6 1
10 1
6 2
7 5
5 1
8 5
8 1
14 5
19 2
10 4
6 5
2 4
10 1
2 5
1 4
15 1
4 4
5 4
12 1
5 5
10 2
7 3
2 5
4 4
2 4
1 4
9 5
7 1
4 4
4 5
4 4
5 4
7 1
2 3
6 5
1 5
9 1
2 4
1 4
3 4
25 3
6 1
2 5
4 5
3 5
1 5
1 5
5 4
5 3
1 3
3 5
9 1
11 4
5 5
13 5
6 4
2 4
2 5
0 5
11 5
1 4
3 5
7 1
10 5
9 4
3 3
0 4
0 4
7 5
7 5
4 5
25 5
13 1
12 1
7 4
10 2
15 1
4 5
6 5
7 1
22 1
3 4
12 3
1 4
5 4
6 1
9 4
2 5
7 4
5 5
3 5
5 5
5 5
7 5
13 4
7 2
9 4
7 1
11 4
16 5
6 1
3 5
14 5
4 5
21 1
17 5
8 5
2 5
4 2
4 5
8 3
6 4
2 4
20 3
12 5
3 1
4 5
3 4
1 1
26 1
5 2
1 4
11 5
5 4
17 1
10 5
5 5
7 2
5 4
5 5
11 1
7 5
6 5
4 5
5 2
2 5
1 4
5 3
1 4
59 2
5 1
58 2
1 4
9 5
1 3
12 5
9 5
11 5
19 1
5 5
17 1
8 5
5 4
23 1
10 4
2 4
14 2
4 4
0 4
13 4
13 5
11 1
20 4
10 2
6 1
11 4
2 5
2 5
1 4
6 2
1 5
0 4
2 5
0 5
30 1
10 1
1 4
1 2
0 4
0 2
9 1
0 5
36 3
9 4
5 3
55 3
13 1
0 3
4 1
6 2
2 1
3 4
3 5
2 5
1 4
3 5
10 1
2 5
1 5
2 5
37 4
10 1
6 1
2 5
5 5
2 5
5 4
6 5
13 4
7 3
11 5
6 3
6 3
3 3
6 1
12 1
3 1
2 5
1 1
15 1
19 5
10 4
5 5
3 5
8 3
8 5
21 2
40 5
9 1
8 2
20 1
10 5
6 4
3 5
8 1
12 1
1 5
8 5
9 5
1 4
12 4
3 4
9 4
6 1
6 5
16 5
22 4
10 5
19 1
6 5
4 5
14 1
5 5
11 1
10 1
4 3
11 5
7 5
3 5
30 1
15 5
5 5
10 2
11 1
23 1
4 5
12 5
9 4
19 1
8 5
8 1
12 4
10 5
6 5
8 5
9 5
6 1
7 5
11 5
10 1
16 5
9 5
27 4
7 5
15 2
0 5
0 5
0 5
17 1
2 5
13 5
4 5
14 4
13 1
5 5
12 5
16 3
17 5
7 3
1 5
5 5
11 4
3 5
133 5
12 1
5 4
4 5
1 5
3 5
1 4
90 5
6 2
1 5
3 4
0 4
10 2
47 1
3 4
6 5
7 1
15 3
2 5
2 5
7 5
13 4
4 4
4 5
9 5
3 5
7 1
6 4
0 5
5 5
15 5
0 5
2 5
10 4
5 4
4 5
0 5
6 1
41 5
2 4
7 4
16 3
16 2
61 1
17 4
11 4
21 2
8 4
4 4
14 5
11 1
2 3
12 1
1 4
62 5
31 5
5 1
13 3
11 1
12 4
7 3
3 3
4 4
3 5
11 5
1 5
1 5
2 1
3 4
4 1
20 4
2 5
19 5
1 4
25 1
0 4
9 4
12 3
9 3
2 5
18 3
20 5
6 4
0 5
7 5
6 5
3 2
5 5
8 2
15 4
1 4
2 5
6 3
1 4
2 5
1 4
2 5
2 5
5 5
8 5
1 5
8 2
4 5
13 1
1 5
6 3
25 4
4 5
7 4
1 5
4 5
2 4
15 1
11 4
21 5
2 5
5 4
7 5
0 4
2 4
4 5
2 3
5 5
1 4
2 3
16 5
6 1
6 1
3 5
2 5
3 5
2 5
2 5
0 4
3 5
3 5
7 1
3 5
10 1
5 1
6 5
66 5
1 4
1 4
2 5
3 4
4 3
4 1
1 3
25 1
23 4
1 5
5 1
23 5
1 5
1 5
13 4
7 5
7 3
13 5
3 5
5 4
2 5
4 1
14 5
5 1
8 1
2 5
3 4
2 5
2 5
3 5
3 3
2 5
11 5
3 4
7 1
1 2
7 4
0 4
2 2
3 4
2 1
4 4
4 5
3 1
7 1
2 2
3 5
1 5
3 5
4 5
5 5
20 1
240 5
106 5
11 5
19 4
2 5
13 4
9 5
3 5
6 5
3 5
10 1
11 1
5 5
6 5
10 5
17 4
7 1
1 5
5 5
2 5
10 1
4 5
2 5
39 1
58 1
52 5
21 5
48 2
58 5
2 5
48 5
21 5
2 5
5 4
11 1
3 5
5 5
13 4
9 5
27 4
0 2
14 1
4 5
65 5
4 3
3 5
3 5
0 5
14 1
7 5
14 5
3 5
8 5
3 4
19 1
10 5
2 5
4 5
3 5
5 5
4 5
3 4
2 5
25 1
26 3
3 5
2 5
9 1
2 5
2 5
0 5
5 2
15 5
1 2
30 5
46 5
98 5
9 4
66 5
27 5
10 5
7 5
8 5
8 4
66 5
82 5
18 5
17 5
18 5
116 5
66 5
13 5
110 5
