8 5
8 5
10 5
11 5
9 5
2 5
2 5
1 5
2 5
1 5
11 5
2 5
11 5
10 5
7 5
0 5
1 5
2 5
11 5
1 5
9 5
2 5
10 5
5 5
10 5
11 5
11 5
6 5
2 5
1 5
2 5
3 5
3 5
2 5
10 5
3 5
2 5
12 5
12 5
12 5
2 5
10 5
1 5
8 5
2 5
6 5
1 5
3 5
1 5
3 5
10 5
2 1
9 5
1 5
2 5
9 5
11 5
8 5
9 5
10 5
11 5
9 5
12 5
12 5
10 4
11 5
3 1
11 5
12 5
11 5
1 1
17 1
13 5
8 1
7 1
12 5
8 5
10 5
13 5
14 5
12 1
9 5
13 5
12 5
14 5
14 5
13 5
10 5
13 5
1 1
18 5
25 5
9 5
14 5
23 5
15 5
15 5
16 5
26 5
27 5
14 5
5 1
6 5
1 5
6 5
2 5
5 5
5 5
6 5
7 3
5 5
9 3
12 3
13 5
13 5
12 5
10 5
16 5
13 5
15 5
15 5
17 5
21 5
15 5
20 5
21 5
23 5
23 5
3 5
24 5
21 5
23 5
22 5
22 5
1 4
9 1
29 5
4 4
9 5
9 3
6 5
7 5
9 5
18 1
30 5
30 5
26 5
28 5
32 5
18 1
3 5
10 1
9 1
12 5
14 5
12 1
25 5
25 5
24 5
25 5
17 4
29 1
19 1
25 5
2 3
38 5
10 1
30 5
13 5
39 5
27 5
28 5
24 5
23 5
31 5
30 5
29 5
31 5
23 5
27 5
23 5
34 5
24 5
37 5
39 5
8 5
9 5
20 1
44 5
38 5
6 4
26 1
11 4
36 5
49 5
27 5
24 5
36 5
47 5
8 5
6 4
8 5
12 2
7 5
42 5
14 1
39 5
11 5
12 5
15 1
21 1
13 5
13 5
24 5
20 5
19 5
19 5
18 5
22 5
16 5
16 5
18 5
18 5
23 5
8 5
4 5
21 5
6 5
22 5
18 5
7 5
20 5
22 1
6 2
10 4
22 1
19 5
19 1
23 1
15 5
13 4
22 5
23 1
17 1
24 5
12 1
20 1
14 5
11 5
9 4
12 1
20 5
8 1
15 5
13 1
15 1
25 1
21 1
27 5
22 1
32 5
20 5
7 1
15 5
11 1
16 1
18 5
8 1
22 5
18 5
14 5
16 5
20 5
12 5
21 5
13 1
23 1
23 5
24 5
41 1
18 5
32 1
34 1
34 1
35 1
35 1
32 1
11 1
17 5
10 1
16 5
34 1
34 1
29 5
29 1
23 5
39 1
26 5
12 4
39 1
14 5
16 5
24 5
16 5
11 5
33 2
38 1
22 5
21 5
25 5
29 5
19 1
24 1
19 5
25 5
38 1
25 5
73 1
38 1
14 4
11 1
27 5
53 1
25 5
32 1
1 1
19 4
17 5
14 1
16 5
61 1
17 5
21 5
86 1
19 5
22 5
33 1
29 5
30 5
24 5
13 3
18 5
21 5
22 2
23 5
25 5
1 1
26 1
22 1
19 5
13 1
15 5
19 5
30 5
20 5
26 1
21 5
16 1
19 1
22 5
28 1
31 5
20 1
20 5
9 3
17 5
31 5
21 5
22 5
35 4
30 5
286 1
18 5
45 1
31 5
35 1
31 1
21 5
36 2
20 4
23 5
27 5
35 1
37 1
36 1
29 5
30 1
24 5
44 1
26 5
39 1
36 1
22 5
32 1
39 5
19 4
19 4
31 5
26 5
35 1
34 5
8 1
34 5
38 5
18 3
25 5
29 5
26 5
28 5
36 1
22 5
16 5
20 5
19 5
31 5
29 1
28 1
11 4
16 5
13 5
19 5
5 5
48 1
12 5
16 5
25 5
40 1
13 5
35 1
36 1
21 5
22 5
40 1
34 1
35 1
24 5
28 5
64 5
38 5
16 5
26 5
23 5
34 5
48 1
46 1
13 5
70 1
26 5
36 1
1 5
37 1
21 5
21 5
29 5
20 5
27 4
22 5
29 1
35 1
21 5
31 1
14 5
37 5
20 5
26 5
22 1
20 1
22 5
33 5
24 1
37 5
25 5
24 1
47 5
35 4
32 5
16 2
15 1
18 1
32 5
22 5
19 5
23 1
23 5
13 5
20 1
22 1
29 4
28 4
27 1
34 5
14 1
27 1
29 1
24 1
19 1
24 1
13 1
12 5
18 1
14 1
16 5
11 5
13 5
12 5
15 5
17 1
25 1
11 1
10 1
26 1
11 5
26 5
16 1
20 1
18 1
28 5
5 1
15 5
20 5
18 5
12 4
15 5
9 5
13 5
25 5
6 1
25 5
9 1
6 3
22 5
9 5
6 5
17 5
20 5
21 5
5 4
27 5
14 5
5 1
12 5
17 1
16 5
26 5
13 1
3 4
18 5
16 5
28 5
8 1
21 5
13 5
21 5
14 1
20 5
30 5
19 1
26 5
24 5
9 5
35 5
17 1
20 5
11 1
27 1
7 5
19 5
27 5
17 5
18 5
12 5
11 5
12 1
11 1
15 5
21 1
11 1
14 5
17 1
18 1
8 5
9 1
18 1
9 1
14 1
11 5
8 5
19 1
12 5
12 1
21 1
19 5
18 5
7 5
15 4
16 1
19 1
8 4
12 5
9 5
11 5
21 5
7 1
12 5
3 1
10 1
13 5
25 5
7 4
1 1
6 4
13 5
7 5
7 5
1 1
6 5
2 5
5 5
8 5
20 1
30 1
24 1
27 5
25 4
29 1
27 5
38 5
58 5
52 5
23 1
25 1
24 5
15 4
20 5
17 5
28 5
186 1
29 4
22 5
45 5
19 5
17 5
24 5
10 1
20 5
13 1
16 5
19 1
12 1
8 5
12 1
19 5
26 5
12 1
16 5
16 5
20 5
18 5
16 5
20 5
14 1
16 5
17 5
20 5
14 1
15 1
7 1
15 5
34 5
12 5
27 5
20 1
13 5
25 5
19 5
14 1
14 1
32 5
19 5
30 5
24 5
23 5
23 5
24 5
18 5
20 5
14 1
18 4
19 1
12 1
20 5
13 4
23 1
17 5
30 5
20 1
31 1
12 1
42 5
34 5
10 5
23 5
21 1
18 1
20 5
21 1
10 4
26 5
18 5
12 2
21 4
15 1
12 1
18 1
11 1
11 1
10 1
12 1
29 1
30 5
40 5
26 1
41 5
32 5
27 1
34 5
34 4
27 1
38 5
22 5
49 5
31 5
30 1
28 5
26 5
24 5
46 5
33 5
31 4
32 5
30 1
25 1
27 1
25 5
30 1
33 1
16 3
21 1
30 5
30 5
32 5
28 5
32 5
25 5
32 1
22 1
33 5
19 1
34 5
20 5
24 1
39 5
20 5
22 1
39 5
25 1
42 1
31 1
27 2
27 1
27 1
31 1
39 5
40 5
51 5
37 1
45 5
11 3
36 5
13 2
22 1
23 1
65 5
41 5
17 5
29 1
32 5
38 5
43 5
34 1
27 1
21 1
15 3
27 4
46 1
30 1
43 5
22 1
56 5
31 1
49 5
25 5
16 1
44 5
51 5
48 5
33 5
31 4
44 5
44 4
22 1
27 1
25 5
26 5
38 5
31 5
15 1
54 5
61 5
53 5
20 1
48 5
40 5
35 5
25 1
26 1
54 5
24 4
37 5
25 1
55 5
32 1
31 3
26 1
57 5
52 5
29 5
49 5
59 5
29 4
24 1
56 5
49 5
23 1
34 5
13 1
6 3
46 5
48 4
35 5
42 3
44 5
37 5
49 5
45 5
48 5
34 5
51 5
19 4
20 1
38 5
22 1
45 5
57 5
30 5
47 5
41 5
48 5
34 5
14 5
30 3
33 5
39 5
38 5
34 5
39 4
22 1
53 5
19 5
38 4
44 5
37 5
10 1
39 5
42 4
63 5
20 5
82 4
26 5
31 5
58 5
31 5
23 3
59 5
26 1
8 1
14 4
6 1
22 5
51 5
16 4
195 1
29 5
37 1
76 5
88 5
29 1
50 5
18 5
57 5
9 1
9 1
28 5
52 5
20 1
10 1
9 1
34 1
12 3
10 1
63 5
46 5
21 1
45 4
46 5
39 4
14 1
20 1
18 1
45 5
21 5
42 5
23 1
37 4
44 5
22 1
47 5
60 5
19 1
18 1
46 5
47 5
39 5
56 5
15 1
32 5
20 5
38 5
71 5
23 1
15 1
21 1
57 5
121 4
101 5
50 5
23 5
40 4
44 1
15 1
68 5
38 5
36 5
29 1
27 5
48 5
35 5
57 5
20 1
17 1
43 5
47 5
61 5
52 5
14 1
36 5
14 1
48 5
8 1
35 4
28 5
38 5
50 5
19 5
33 5
42 5
35 5
47 5
44 5
50 5
47 5
41 5
39 5
26 5
46 5
40 5
45 5
49 5
43 5
34 5
48 5
62 5
40 5
42 5
42 5
19 1
31 1
16 1
15 3
27 5
36 5
26 3
41 5
34 5
44 5
51 5
32 5
31 5
8 1
2 5
42 4
39 5
47 4
36 5
48 4
37 5
50 5
41 5
53 5
37 5
52 4
38 5
17 1
39 5
33 5
39 5
21 1
50 5
17 1
19 5
53 5
37 4
38 5
21 1
49 5
16 1
24 1
35 5
20 1
4 3
20 1
39 5
21 1
14 1
30 3
40 5
14 1
40 5
40 5
8 3
43 5
31 5
30 5
38 4
38 5
42 5
10 1
58 5
44 5
23 1
44 5
12 1
39 5
50 5
51 5
15 1
12 1
34 5
8 5
42 5
50 4
16 1
21 1
14 1
28 5
45 5
38 4
41 5
41 5
35 5
44 5
23 3
62 5
9 3
14 1
20 1
6 5
42 5
36 5
28 5
41 5
20 1
11 1
15 1
47 5
15 1
27 4
47 5
39 5
41 5
41 5
28 5
13 1
47 5
25 5
27 4
49 4
8 1
46 5
45 5
42 5
24 1
23 1
38 5
33 1
43 5
22 1
44 5
33 5
37 5
22 1
36 5
35 5
33 5
32 5
34 5
48 5
34 5
61 5
39 5
25 3
35 2
7 1
40 5
12 2
37 5
36 5
25 1
34 5
37 1
35 5
19 1
42 5
10 1
22 1
18 1
19 3
36 5
13 1
45 5
17 1
34 5
17 2
44 5
39 5
44 5
28 5
43 5
45 5
25 1
9 1
21 1
39 5
37 5
47 5
40 5
11 1
41 5
48 5
35 4
38 5
29 5
57 5
38 4
35 5
7 1
39 5
23 4
35 5
51 5
44 5
61 5
32 5
37 5
21 5
11 2
43 5
34 5
16 1
39 5
60 5
34 5
27 5
36 5
10 5
56 5
19 1
34 5
70 5
13 1
13 1
32 5
31 5
14 1
49 4
31 5
13 1
29 4
34 5
8 1
27 5
17 1
32 5
44 5
51 5
16 1
40 5
61 5
33 5
37 5
10 1
34 5
39 5
24 3
28 1
22 1
49 5
54 5
43 5
12 1
47 5
36 5
39 5
28 5
34 5
35 5
40 5
34 4
31 5
34 5
36 5
37 5
35 5
40 5
37 5
62 5
41 5
46 3
41 5
16 1
34 5
6 1
43 5
26 5
31 5
17 1
36 5
50 5
50 5
45 5
44 5
30 1
35 5
51 5
35 5
22 1
25 4
18 1
29 5
34 5
32 5
35 5
44 5
33 5
12 1
36 5
53 5
51 5
36 4
42 5
38 5
6 1
43 5
78 1
39 5
44 5
19 1
46 5
55 4
34 5
41 5
43 5
26 1
51 5
43 5
44 5
19 1
20 4
45 5
45 5
21 1
43 5
39 5
16 1
39 5
28 5
11 1
39 5
41 5
12 1
17 1
40 5
28 5
39 5
37 5
38 5
35 1
37 5
51 5
37 4
25 5
46 5
52 5
31 5
38 5
39 5
14 1
35 5
48 5
36 4
37 5
469 1
29 1
51 4
6 1
34 5
40 5
6 1
12 1
50 5
49 5
5 1
49 5
17 1
44 5
40 5
46 5
12 1
12 5
40 5
50 1
39 5
15 1
48 4
46 5
51 5
41 5
38 5
40 5
6 1
15 1
13 1
40 5
709 1
13 1
42 5
32 5
31 4
53 5
34 4
10 1
42 4
13 1
291 1
16 1
12 1
20 1
42 5
22 1
28 5
29 5
19 1
32 4
15 1
47 5
39 5
24 5
36 5
29 1
34 5
35 5
32 4
122 1
2 5
88 5
49 5
38 5
35 5
28 5
11 4
35 5
36 5
32 5
42 5
42 5
51 5
37 5
35 5
12 1
30 5
22 1
60 5
32 5
72 5
23 5
18 1
6 1
23 5
13 5
26 1
23 1
38 5
33 5
32 5
506 1
37 5
29 5
36 5
40 5
37 5
32 5
26 5
31 5
45 5
38 5
26 4
27 5
22 1
41 4
31 1
19 1
33 5
36 5
58 5
42 5
48 5
12 1
28 5
15 1
46 5
49 5
34 5
39 5
8 2
15 5
20 2
12 1
31 5
0 5
15 2
52 4
53 5
45 5
18 1
57 5
21 1
23 1
52 4
24 1
16 1
66 5
59 5
72 5
1 5
25 1
75 5
22 1
56 4
47 5
69 5
31 1
78 5
16 1
1 5
18 1
19 1
1 4
24 1
15 1
15 1
44 5
56 5
51 5
81 5
64 5
57 5
15 1
68 5
49 5
57 5
49 5
34 5
56 5
44 5
69 5
60 5
69 5
27 1
27 1
25 1
66 4
48 5
24 1
3 1
83 5
22 1
52 5
20 1
66 5
79 5
21 1
19 1
22 1
67 5
72 5
71 5
73 5
22 1
77 5
21 1
60 5
28 1
26 1
16 1
20 5
29 1
28 1
69 5
67 5
73 5
4 1
5 5
59 5
27 1
30 1
81 5
37 1
77 5
26 1
64 5
20 1
58 4
32 1
143 1
24 1
86 3
20 5
76 5
58 5
253 1
30 1
33 1
46 5
39 1
63 4
76 5
89 5
25 1
64 5
2 1
22 1
105 5
15 5
51 5
38 1
25 1
69 5
101 5
117 5
39 5
32 1
62 4
105 5
22 1
37 5
69 5
126 5
28 1
75 5
117 5
70 5
37 1
27 1
160 5
75 5
26 1
32 1
33 1
26 1
108 1
25 5
26 1
22 1
38 5
106 1
31 1
48 5
4 1
64 5
73 5
20 3
136 1
53 5
46 4
31 1
29 1
65 4
41 5
76 5
53 1
39 5
47 5
29 1
40 1
66 5
28 5
39 1
46 5
30 1
25 1
18 1
79 4
44 1
56 1
4 1
150 1
40 1
29 4
41 1
3 1
34 1
53 5
28 3
33 5
33 1
42 3
50 4
32 5
36 1
55 5
51 5
34 1
20 3
33 1
50 5
59 1
42 1
43 5
44 5
60 5
38 1
34 5
43 5
34 5
37 1
32 1
41 5
40 1
84 5
25 1
53 5
33 5
58 5
41 5
29 1
1 1
3 5
26 1
62 5
39 5
46 1
175 1
34 1
35 5
3 5
36 4
34 5
47 5
305 1
57 5
49 5
38 5
35 5
55 5
38 1
38 1
45 1
59 5
6 1
28 1
51 1
25 5
62 5
29 1
121 4
63 5
30 5
58 5
20 1
72 5
39 5
44 1
34 1
32 1
37 1
34 1
55 1
43 1
27 5
33 1
35 1
31 5
47 5
75 5
42 5
72 5
3 5
31 1
23 1
56 5
3 5
26 1
65 5
64 5
50 1
37 3
55 1
49 1
73 1
25 1
66 5
28 1
40 5
33 1
22 3
45 5
60 5
34 4
54 5
46 5
58 5
62 5
25 1
38 5
25 1
28 5
51 5
54 5
2 5
53 5
60 5
33 1
62 5
29 1
28 1
69 5
21 1
3 1
43 4
50 1
27 1
62 5
29 1
189 1
56 5
46 4
58 5
46 5
54 5
32 1
59 5
24 1
53 5
18 4
78 5
37 1
46 5
22 1
46 5
48 5
64 5
53 5
55 5
30 1
30 1
62 5
27 1
19 1
32 1
196 1
35 5
35 1
26 1
36 5
38 1
31 1
22 1
55 5
70 5
54 5
27 5
19 1
29 1
39 1
59 5
9 5
61 5
69 5
78 5
65 5
41 1
191 1
36 1
46 5
85 1
38 1
2 3
71 5
28 4
26 1
29 1
28 1
47 5
26 1
38 1
66 5
3 1
35 1
51 5
24 1
65 5
7 3
31 1
12 1
45 5
87 4
29 1
56 5
41 5
27 4
45 4
133 1
65 5
69 5
39 1
39 5
68 5
53 4
33 1
4 5
27 1
30 1
30 1
14 1
69 4
48 5
51 5
34 1
57 5
52 5
167 1
90 5
72 5
30 1
53 5
44 1
38 1
60 5
12 1
50 5
31 5
61 5
28 5
91 5
79 5
29 1
24 1
60 5
73 1
61 5
37 1
32 5
34 2
19 3
65 5
35 5
46 5
52 5
54 5
11 1
20 5
13 1
12 1
11 1
12 1
13 1
13 1
14 1
12 1
23 5
9 4
15 5
14 1
13 1
10 1
15 5
12 1
25 5
12 1
12 1
18 5
13 1
9 1
21 5
13 1
14 1
25 5
11 1
13 1
10 1
13 5
34 5
11 1
12 1
12 1
12 1
10 1
50 5
13 2
12 1
9 1
13 1
14 5
29 5
12 1
12 1
28 5
27 5
11 1
8 5
13 5
13 1
34 5
12 1
11 1
16 5
11 1
13 1
13 1
13 1
13 1
15 5
13 1
27 5
15 5
13 1
26 5
29 5
21 4
13 1
7 1
24 5
13 1
30 5
11 1
11 1
9 4
9 1
9 1
12 5
8 1
9 1
12 5
10 1
9 2
14 5
10 1
9 1
11 5
10 4
11 1
7 1
9 1
11 1
10 1
10 1
14 5
8 1
11 5
15 5
11 5
6 1
12 5
14 5
10 1
11 5
10 1
10 1
8 1
13 5
14 5
12 5
8 1
10 5
10 4
9 1
1 3
8 1
14 5
14 5
10 1
8 1
11 5
10 3
11 1
11 5
3 3
10 1
10 4
8 1
14 5
8 1
10 5
4 1
10 5
6 1
11 5
5 3
7 5
3 5
8 5
11 5
10 5
10 1
10 5
8 1
13 5
8 4
5 5
5 1
8 1
9 1
12 5
8 1
6 1
7 5
7 5
9 5
8 5
7 1
9 5
11 5
11 5
7 1
10 5
5 1
6 1
9 3
7 4
10 5
0 5
10 5
5 1
7 1
8 5
8 5
10 1
9 1
10 1
8 5
13 5
9 1
9 1
8 4
8 1
10 5
7 1
6 5
9 5
4 5
5 4
8 5
6 5
8 5
6 1
7 5
5 1
6 5
6 5
8 1
6 1
8 5
6 1
9 5
9 5
5 5
7 1
7 5
3 1
6 1
9 5
7 5
6 1
5 1
6 1
5 5
6 1
5 4
7 5
6 1
6 1
8 1
5 5
5 4
6 2
8 5
7 5
7 5
5 1
5 4
4 1
5 5
6 1
20 5
6 1
8 5
6 1
7 1
4 1
2 3
6 5
6 4
4 5
5 1
7 5
8 5
5 1
8 5
9 5
5 4
8 5
3 1
4 1
6 5
7 5
6 5
7 5
5 5
6 5
6 1
6 1
6 1
7 1
6 5
6 1
5 5
5 1
8 5
4 4
7 4
6 5
8 5
8 5
5 1
7 5
6 1
5 1
7 5
5 5
5 1
9 5
5 1
7 5
9 5
5 1
7 1
5 5
5 5
4 5
5 4
4 5
5 5
7 1
6 1
5 5
5 1
6 1
4 5
6 1
4 5
3 3
4 5
23 1
5 1
4 5
4 1
8 1
4 4
7 2
5 4
5 5
6 1
5 5
5 5
7 1
7 1
4 5
6 1
4 5
7 2
4 5
5 5
5 3
8 5
6 5
6 5
5 5
5 5
4 5
7 1
5 5
8 1
4 5
6 5
7 1
6 5
7 1
4 5
7 1
8 1
6 1
2 5
3 5
6 1
7 1
2 5
2 1
3 4
4 5
4 5
3 5
3 5
4 5
4 5
5 5
5 1
2 4
3 5
2 5
4 5
4 5
3 5
6 1
3 5
4 5
4 5
2 5
2 5
3 5
1 4
3 5
2 5
3 5
4 5
7 2
5 5
3 5
4 4
5 1
4 1
5 1
5 1
4 5
6 1
3 5
3 5
6 1
6 1
4 5
0 3
5 5
2 3
5 1
6 1
2 5
2 5
3 4
3 5
6 1
3 4
4 1
3 5
2 5
2 5
2 5
2 5
7 1
2 5
2 5
5 5
5 5
3 5
3 5
5 1
3 1
6 1
2 5
7 1
2 5
6 1
0 3
5 5
4 5
4 4
2 5
7 5
2 5
5 1
37 4
4 5
5 5
3 5
4 1
4 1
4 1
5 1
5 1
2 1
4 1
4 1
2 5
2 5
3 5
3 1
5 1
4 1
2 5
5 2
5 1
1 4
1 4
2 5
4 1
3 1
4 1
2 5
5 1
3 5
2 5
3 5
2 5
4 1
3 5
2 5
2 5
2 5
5 2
5 1
2 5
3 1
1 4
1 5
3 1
5 1
5 1
4 1
4 1
5 1
3 5
4 1
1 3
4 1
5 1
5 1
4 1
5 1
3 1
4 1
5 1
5 1
4 1
2 5
1 4
4 1
4 1
4 1
4 1
2 5
4 1
114 3
2 5
2 5
4 1
5 1
2 5
9 5
2 5
5 1
4 1
5 1
4 1
2 5
3 1
2 4
4 1
3 1
1 5
3 1
3 1
2 5
4 1
5 1
2 5
3 5
2 1
3 5
1 5
1 4
4 1
1 5
2 5
2 5
19 5
3 1
4 1
4 1
2 5
2 1
2 5
2 5
3 1
2 5
0 4
2 5
3 1
3 5
2 5
5 1
3 1
3 5
1 5
0 5
2 4
3 1
3 1
2 5
3 1
1 5
5 1
2 5
5 1
5 2
1 5
3 1
3 1
3 1
1 5
5 1
2 5
376 5
1 5
2 1
8 5
6 5
6 5
5 4
5 5
14 4
3 1
3 1
6 4
124 5
6 5
8 5
2 1
8 1
4 5
3 1
2 1
4 1
20 5
11 1
37 1
7 5
4 1
2 1
40 5
3 5
3 4
4 5
5 5
2 1
6 5
6 5
7 5
3 1
34 1
19 1
24 5
2 2
2 1
6 5
6 5
1 1
5 5
4 1
6 5
5 4
536 5
1547 5
4 1
6 5
2 1
2 1
21 1
2 1
6 5
24 5
3 1
2 5
2 5
2 1
6 1
4 1
4 5
6 1
1 1
55 5
6 1
866 1
1 1
5 1
1 1
198 5
77 4
77 5
2 1
7 1
104 5
2 1
1 1
1 1
17 1
1 1
7 1
2 1
14 1
58 5
1 1
59 5
25 1
81 5
3 1
9 1
259 5
10 5
2 1
19 1
10 1
5 1
5 1
13 1
276 4
2079 5
2 1
4 1
13 1
13 5
4 1
9 5
108 5
3 1
3 1
40 1
177 5
5 5
4 1
189 5
4 1
2 1
17 1
12 1
422 5
24 3
435 5
29 1
26 1
10 1
7 1
46 2
10 3
14 5
20 5
406 5
22 5
