8	5	11	0.727273
8	5	9	0.888889
10	5	12	0.833333
11	5	13	0.846154
9	5	11	0.818182
2	5	4	0.5
2	5	5	0.4
1	5	3	0.333333
2	5	4	0.5
1	5	3	0.333333
11	5	13	0.846154
2	5	5	0.4
11	5	14	0.785714
10	5	12	0.833333
7	5	9	0.777778
0	5	5	0
1	5	3	0.333333
2	5	2	1
11	5	12	0.916667
1	5	4	0.25
9	5	12	0.75
2	5	2	1
10	5	12	0.833333
5	5	7	0.714286
10	5	12	0.833333
11	5	12	0.916667
11	5	12	0.916667
6	5	7	0.857143
2	5	3	0.666667
1	5	2	0.5
2	5	2	1
3	5	3	1
3	5	4	0.75
2	5	2	1
10	5	12	0.833333
3	5	4	0.75
2	5	2	1
12	5	13	0.923077
12	5	13	0.923077
12	5	13	0.923077
2	5	2	1
10	5	11	0.909091
1	5	2	0.5
8	5	9	0.888889
2	5	3	0.666667
6	5	6	1
1	5	2	0.5
3	5	3	1
1	5	2	0.5
3	5	4	0.75
10	5	12	0.833333
2	1	4	0.5
9	5	10	0.9
1	5	1	1
2	5	2	1
9	5	10	0.9
11	5	11	1
8	5	9	0.888889
9	5	9	1
10	5	10	1
11	5	13	0.846154
9	5	11	0.818182
12	5	14	0.857143
12	5	14	0.857143
10	4	12	0.833333
11	5	13	0.846154
3	1	4	0.75
11	5	12	0.916667
12	5	14	0.857143
11	5	13	0.846154
1	1	4	0.25
17	1	20	0.85
13	5	17	0.764706
8	1	11	0.727273
7	1	9	0.777778
12	5	14	0.857143
8	5	8	1
10	5	13	0.769231
13	5	17	0.764706
14	5	17	0.823529
12	1	15	0.8
9	5	11	0.818182
13	5	15	0.866667
12	5	13	0.923077
14	5	16	0.875
14	5	15	0.933333
13	5	14	0.928571
10	5	12	0.833333
13	5	14	0.928571
1	1	1	1
18	5	20	0.9
25	5	27	0.925926
9	5	11	0.818182
14	5	15	0.933333
23	5	24	0.958333
15	5	17	0.882353
15	5	17	0.882353
16	5	17	0.941176
26	5	28	0.928571
27	5	29	0.931034
14	5	16	0.875
5	1	6	0.833333
6	5	10	0.6
1	5	4	0.25
6	5	10	0.6
2	5	6	0.333333
5	5	9	0.555556
5	5	9	0.555556
6	5	10	0.6
7	3	8	0.875
5	5	7	0.714286
9	3	11	0.818182
12	3	15	0.8
13	5	15	0.866667
13	5	16	0.8125
12	5	15	0.8
10	5	12	0.833333
16	5	18	0.888889
13	5	17	0.764706
15	5	18	0.833333
15	5	19	0.789474
17	5	21	0.809524
21	5	25	0.84
15	5	20	0.75
20	5	23	0.869565
21	5	23	0.913043
23	5	24	0.958333
23	5	25	0.92
3	5	5	0.6
24	5	26	0.923077
21	5	23	0.913043
23	5	25	0.92
22	5	24	0.916667
22	5	24	0.916667
1	4	12	0.0833333
9	1	18	0.5
29	5	40	0.725
4	4	7	0.571429
9	5	22	0.409091
9	3	14	0.642857
6	5	16	0.375
7	5	23	0.304348
9	5	36	0.25
18	1	37	0.486486
30	5	34	0.882353
30	5	43	0.697674
26	5	34	0.764706
28	5	35	0.8
32	5	48	0.666667
18	1	37	0.486486
3	5	19	0.157895
10	1	29	0.344828
9	1	36	0.25
12	5	23	0.521739
14	5	26	0.538462
12	1	32	0.375
25	5	33	0.757576
25	5	33	0.757576
24	5	33	0.727273
25	5	32	0.78125
17	4	37	0.459459
29	1	56	0.517857
19	1	35	0.542857
25	5	48	0.520833
2	3	11	0.181818
38	5	47	0.808511
10	1	25	0.4
30	5	38	0.789474
13	5	27	0.481481
39	5	55	0.709091
27	5	34	0.794118
28	5	46	0.608696
24	5	29	0.827586
23	5	29	0.793103
31	5	36	0.861111
30	5	37	0.810811
29	5	34	0.852941
31	5	38	0.815789
23	5	29	0.793103
27	5	34	0.794118
23	5	27	0.851852
34	5	39	0.871795
24	5	28	0.857143
37	5	43	0.860465
39	5	46	0.847826
8	5	20	0.4
9	5	18	0.5
20	1	40	0.5
44	5	59	0.745763
38	5	49	0.77551
6	4	11	0.545455
26	1	53	0.490566
11	4	20	0.55
36	5	44	0.818182
49	5	64	0.765625
27	5	33	0.818182
24	5	37	0.648649
36	5	54	0.666667
47	5	57	0.824561
8	5	18	0.444444
6	4	14	0.428571
8	5	18	0.444444
12	2	20	0.6
7	5	19	0.368421
42	5	51	0.823529
14	1	33	0.424242
39	5	56	0.696429
11	5	26	0.423077
12	5	26	0.461538
15	1	37	0.405405
21	1	51	0.411765
13	5	31	0.419355
13	5	30	0.433333
24	5	41	0.585366
20	5	32	0.625
19	5	33	0.575758
19	5	32	0.59375
18	5	37	0.486486
22	5	38	0.578947
16	5	28	0.571429
16	5	31	0.516129
18	5	31	0.580645
18	5	30	0.6
23	5	36	0.638889
8	5	22	0.363636
4	5	12	0.333333
21	5	33	0.636364
6	5	13	0.461538
22	5	34	0.647059
18	5	28	0.642857
7	5	21	0.333333
20	5	29	0.689655
22	1	40	0.55
6	2	14	0.428571
10	4	20	0.5
22	1	45	0.488889
19	5	41	0.463415
19	1	41	0.463415
23	1	45	0.511111
15	5	35	0.428571
13	4	31	0.419355
22	5	41	0.536585
23	1	39	0.589744
17	1	37	0.459459
24	5	41	0.585366
12	1	27	0.444444
20	1	51	0.392157
14	5	27	0.518519
11	5	22	0.5
9	4	19	0.473684
12	1	28	0.428571
20	5	31	0.645161
8	1	30	0.266667
15	5	25	0.6
13	1	43	0.302326
15	1	48	0.3125
25	1	57	0.438596
21	1	54	0.388889
27	5	38	0.710526
22	1	61	0.360656
32	5	47	0.680851
20	5	35	0.571429
7	1	36	0.194444
15	5	25	0.6
11	1	53	0.207547
16	1	51	0.313725
18	5	27	0.666667
8	1	37	0.216216
22	5	33	0.666667
18	5	30	0.6
14	5	32	0.4375
16	5	32	0.5
20	5	35	0.571429
12	5	27	0.444444
21	5	36	0.583333
13	1	32	0.40625
23	1	44	0.522727
23	5	39	0.589744
24	5	40	0.6
41	1	61	0.672131
18	5	33	0.545455
32	1	66	0.484848
34	1	57	0.596491
34	1	54	0.62963
35	1	58	0.603448
35	1	53	0.660377
32	1	51	0.627451
11	1	37	0.297297
17	5	31	0.548387
10	1	36	0.277778
16	5	30	0.533333
34	1	60	0.566667
34	1	54	0.62963
29	5	40	0.725
29	1	63	0.460317
23	5	30	0.766667
39	1	60	0.65
26	5	36	0.722222
12	4	15	0.8
39	1	56	0.696429
14	5	19	0.736842
16	5	27	0.592593
24	5	37	0.648649
16	5	26	0.615385
11	5	23	0.478261
33	2	53	0.622642
38	1	62	0.612903
22	5	38	0.578947
21	5	34	0.617647
25	5	45	0.555556
29	5	39	0.74359
19	1	50	0.38
24	1	33	0.727273
19	5	29	0.655172
25	5	35	0.714286
38	1	61	0.622951
25	5	37	0.675676
73	1	99	0.737374
38	1	64	0.59375
14	4	24	0.583333
11	1	29	0.37931
27	5	39	0.692308
53	1	77	0.688312
25	5	35	0.714286
32	1	62	0.516129
1	1	2	0.5
19	4	25	0.76
17	5	25	0.68
14	1	39	0.358974
16	5	21	0.761905
61	1	82	0.743902
17	5	34	0.5
21	5	29	0.724138
86	1	117	0.735043
19	5	29	0.655172
22	5	31	0.709677
33	1	65	0.507692
29	5	44	0.659091
30	5	47	0.638298
24	5	39	0.615385
13	3	24	0.541667
18	5	31	0.580645
21	5	35	0.6
22	2	38	0.578947
23	5	38	0.605263
25	5	36	0.694444
1	1	4	0.25
26	1	55	0.472727
22	1	47	0.468085
19	5	25	0.76
13	1	28	0.464286
15	5	22	0.681818
19	5	30	0.633333
30	5	41	0.731707
20	5	28	0.714286
26	1	49	0.530612
21	5	31	0.677419
16	1	38	0.421053
19	1	36	0.527778
22	5	30	0.733333
28	1	51	0.54902
31	5	43	0.72093
20	1	37	0.540541
20	5	28	0.714286
9	3	26	0.346154
17	5	36	0.472222
31	5	44	0.704545
21	5	39	0.538462
22	5	34	0.647059
35	4	52	0.673077
30	5	48	0.625
286	1	340	0.841176
18	5	32	0.5625
45	1	71	0.633803
31	5	42	0.738095
35	1	54	0.648148
31	1	64	0.484375
21	5	28	0.75
36	2	61	0.590164
20	4	27	0.740741
23	5	30	0.766667
27	5	38	0.710526
35	1	63	0.555556
37	1	62	0.596774
36	1	70	0.514286
29	5	43	0.674419
30	1	56	0.535714
24	5	39	0.615385
44	1	80	0.55
26	5	43	0.604651
39	1	71	0.549296
36	1	64	0.5625
22	5	32	0.6875
32	1	54	0.592593
39	5	49	0.795918
19	4	28	0.678571
19	4	26	0.730769
31	5	46	0.673913
26	5	39	0.666667
35	1	64	0.546875
34	5	40	0.85
8	1	23	0.347826
34	5	45	0.755556
38	5	49	0.77551
18	3	32	0.5625
25	5	38	0.657895
29	5	38	0.763158
26	5	34	0.764706
28	5	36	0.777778
36	1	67	0.537313
22	5	34	0.647059
16	5	29	0.551724
20	5	26	0.769231
19	5	31	0.612903
31	5	45	0.688889
29	1	52	0.557692
28	1	40	0.7
11	4	18	0.611111
16	5	19	0.842105
13	5	15	0.866667
19	5	30	0.633333
5	5	15	0.333333
48	1	63	0.761905
12	5	19	0.631579
16	5	19	0.842105
25	5	42	0.595238
40	1	55	0.727273
13	5	25	0.52
35	1	51	0.686275
36	1	50	0.72
21	5	30	0.7
22	5	36	0.611111
40	1	56	0.714286
34	1	56	0.607143
35	1	48	0.729167
24	5	35	0.685714
28	5	36	0.777778
64	5	92	0.695652
38	5	47	0.808511
16	5	27	0.592593
26	5	33	0.787879
23	5	27	0.851852
34	5	41	0.829268
48	1	80	0.6
46	1	77	0.597403
13	5	26	0.5
70	1	101	0.693069
26	5	35	0.742857
36	1	55	0.654545
1	5	2	0.5
37	1	68	0.544118
21	5	32	0.65625
21	5	35	0.6
29	5	39	0.74359
20	5	32	0.625
27	4	35	0.771429
22	5	39	0.564103
29	1	65	0.446154
35	1	66	0.530303
21	5	34	0.617647
31	1	80	0.3875
14	5	21	0.666667
37	5	42	0.880952
20	5	31	0.645161
26	5	31	0.83871
22	1	60	0.366667
20	1	59	0.338983
22	5	33	0.666667
33	5	39	0.846154
24	1	56	0.428571
37	5	50	0.74
25	5	30	0.833333
24	1	83	0.289157
47	5	54	0.87037
35	4	43	0.813953
32	5	40	0.8
16	2	40	0.4
15	1	54	0.277778
18	1	59	0.305085
32	5	39	0.820513
22	5	30	0.733333
19	5	29	0.655172
23	1	49	0.469388
23	5	41	0.560976
13	5	22	0.590909
20	1	42	0.47619
22	1	48	0.458333
29	4	43	0.674419
28	4	45	0.622222
27	1	52	0.519231
34	5	57	0.596491
14	1	32	0.4375
27	1	45	0.6
29	1	49	0.591837
24	1	46	0.521739
19	1	39	0.487179
24	1	43	0.55814
13	1	33	0.393939
12	5	23	0.521739
18	1	33	0.545455
14	1	30	0.466667
16	5	28	0.571429
11	5	21	0.52381
13	5	24	0.541667
12	5	22	0.545455
15	5	26	0.576923
17	1	33	0.515152
25	1	55	0.454545
11	1	40	0.275
10	1	29	0.344828
26	1	51	0.509804
11	5	23	0.478261
26	5	48	0.541667
16	1	33	0.484848
20	1	35	0.571429
18	1	35	0.514286
28	5	38	0.736842
5	1	22	0.227273
15	5	17	0.882353
20	5	27	0.740741
18	5	26	0.692308
12	4	16	0.75
15	5	22	0.681818
9	5	12	0.75
13	5	16	0.8125
25	5	30	0.833333
6	1	20	0.3
25	5	35	0.714286
9	1	27	0.333333
6	3	16	0.375
22	5	30	0.733333
9	5	10	0.9
6	5	12	0.5
17	5	19	0.894737
20	5	24	0.833333
21	5	22	0.954545
5	4	15	0.333333
27	5	30	0.9
14	5	20	0.7
5	1	19	0.263158
12	5	12	1
17	1	42	0.404762
16	5	26	0.615385
26	5	31	0.83871
13	1	40	0.325
3	4	12	0.25
18	5	19	0.947368
16	5	25	0.64
28	5	40	0.7
8	1	24	0.333333
21	5	31	0.677419
13	5	18	0.722222
21	5	24	0.875
14	1	40	0.35
20	5	30	0.666667
30	5	41	0.731707
19	1	55	0.345455
26	5	35	0.742857
24	5	33	0.727273
9	5	18	0.5
35	5	47	0.744681
17	1	45	0.377778
20	5	34	0.588235
11	1	40	0.275
27	1	68	0.397059
7	5	16	0.4375
19	5	28	0.678571
27	5	39	0.692308
17	5	25	0.68
18	5	25	0.72
12	5	24	0.5
11	5	17	0.647059
12	1	25	0.48
11	1	25	0.44
15	5	23	0.652174
21	1	36	0.583333
11	1	26	0.423077
14	5	24	0.583333
17	1	32	0.53125
18	1	37	0.486486
8	5	20	0.4
9	1	27	0.333333
18	1	47	0.382979
9	1	22	0.409091
14	1	29	0.482759
11	5	19	0.578947
8	5	14	0.571429
19	1	39	0.487179
12	5	19	0.631579
12	1	31	0.387097
21	1	44	0.477273
19	5	28	0.678571
18	5	33	0.545455
7	5	16	0.4375
15	4	24	0.625
16	1	40	0.4
19	1	48	0.395833
8	4	10	0.8
12	5	17	0.705882
9	5	10	0.9
11	5	14	0.785714
21	5	28	0.75
7	1	21	0.333333
12	5	17	0.705882
3	1	15	0.2
10	1	31	0.322581
13	5	17	0.764706
25	5	34	0.735294
7	4	11	0.636364
1	1	6	0.166667
6	4	8	0.75
13	5	17	0.764706
7	5	8	0.875
7	5	8	0.875
1	1	8	0.125
6	5	6	1
2	5	2	1
5	5	5	1
8	5	8	1
20	1	54	0.37037
30	1	72	0.416667
24	1	63	0.380952
27	5	38	0.710526
25	4	35	0.714286
29	1	62	0.467742
27	5	38	0.710526
38	5	45	0.844444
58	5	90	0.644444
52	5	86	0.604651
23	1	77	0.298701
25	1	60	0.416667
24	5	36	0.666667
15	4	26	0.576923
20	5	33	0.606061
17	5	21	0.809524
28	5	43	0.651163
186	1	276	0.673913
29	4	37	0.783784
22	5	33	0.666667
45	5	60	0.75
19	5	32	0.59375
17	5	26	0.653846
24	5	29	0.827586
10	1	29	0.344828
20	5	27	0.740741
13	1	37	0.351351
16	5	32	0.5
19	1	41	0.463415
12	1	36	0.333333
8	5	10	0.8
12	1	36	0.333333
19	5	33	0.575758
26	5	31	0.83871
12	1	31	0.387097
16	5	21	0.761905
16	5	22	0.727273
20	5	29	0.689655
18	5	24	0.75
16	5	31	0.516129
20	5	27	0.740741
14	1	38	0.368421
16	5	32	0.5
17	5	25	0.68
20	5	30	0.666667
14	1	45	0.311111
15	1	46	0.326087
7	1	19	0.368421
15	5	20	0.75
34	5	45	0.755556
12	5	19	0.631579
27	5	33	0.818182
20	1	48	0.416667
13	5	19	0.684211
25	5	31	0.806452
19	5	34	0.558824
14	1	54	0.259259
14	1	59	0.237288
32	5	38	0.842105
19	5	31	0.612903
30	5	37	0.810811
24	5	37	0.648649
23	5	32	0.71875
23	5	26	0.884615
24	5	34	0.705882
18	5	26	0.692308
20	5	26	0.769231
14	1	45	0.311111
18	4	26	0.692308
19	1	51	0.372549
12	1	42	0.285714
20	5	29	0.689655
13	4	28	0.464286
23	1	56	0.410714
17	5	32	0.53125
30	5	49	0.612245
20	1	53	0.377358
31	1	69	0.449275
12	1	60	0.2
42	5	59	0.711864
34	5	53	0.641509
10	5	14	0.714286
23	5	42	0.547619
21	1	53	0.396226
18	1	48	0.375
20	5	37	0.540541
21	1	60	0.35
10	4	34	0.294118
26	5	50	0.52
18	5	34	0.529412
12	2	50	0.24
21	4	50	0.42
15	1	55	0.272727
12	1	35	0.342857
18	1	51	0.352941
11	1	31	0.354839
11	1	26	0.423077
10	1	28	0.357143
12	1	32	0.375
29	1	67	0.432836
30	5	47	0.638298
40	5	57	0.701754
26	1	69	0.376812
41	5	60	0.683333
32	5	53	0.603774
27	1	66	0.409091
34	5	53	0.641509
34	4	52	0.653846
27	1	75	0.36
38	5	59	0.644068
22	5	47	0.468085
49	5	71	0.690141
31	5	55	0.563636
30	1	87	0.344828
28	5	48	0.583333
26	5	43	0.604651
24	5	49	0.489796
46	5	65	0.707692
33	5	48	0.6875
31	4	50	0.62
32	5	45	0.711111
30	1	67	0.447761
25	1	61	0.409836
27	1	75	0.36
25	5	41	0.609756
30	1	73	0.410959
33	1	81	0.407407
16	3	30	0.533333
21	1	52	0.403846
30	5	53	0.566038
30	5	46	0.652174
32	5	51	0.627451
28	5	52	0.538462
32	5	52	0.615385
25	5	48	0.520833
32	1	86	0.372093
22	1	64	0.34375
33	5	47	0.702128
19	1	70	0.271429
34	5	50	0.68
20	5	33	0.606061
24	1	65	0.369231
39	5	51	0.764706
20	5	34	0.588235
22	1	70	0.314286
39	5	59	0.661017
25	1	66	0.378788
42	1	102	0.411765
31	1	80	0.3875
27	2	65	0.415385
27	1	80	0.3375
27	1	78	0.346154
31	1	82	0.378049
39	5	62	0.629032
40	5	64	0.625
51	5	78	0.653846
37	1	78	0.474359
45	5	68	0.661765
11	3	35	0.314286
36	5	63	0.571429
13	2	35	0.371429
22	1	46	0.478261
23	1	51	0.45098
65	5	89	0.730337
41	5	65	0.630769
17	5	45	0.377778
29	1	70	0.414286
32	5	65	0.492308
38	5	49	0.77551
43	5	68	0.632353
34	1	95	0.357895
27	1	83	0.325301
21	1	61	0.344262
15	3	29	0.517241
27	4	38	0.710526
46	1	98	0.469388
30	1	79	0.379747
43	5	74	0.581081
22	1	77	0.285714
56	5	73	0.767123
31	1	82	0.378049
49	5	68	0.720588
25	5	65	0.384615
16	1	58	0.275862
44	5	66	0.666667
51	5	85	0.6
48	5	66	0.727273
33	5	48	0.6875
31	4	50	0.62
44	5	67	0.656716
44	4	58	0.758621
22	1	55	0.4
27	1	80	0.3375
25	5	32	0.78125
26	5	39	0.666667
38	5	61	0.622951
31	5	61	0.508197
15	1	52	0.288462
54	5	70	0.771429
61	5	77	0.792208
53	5	70	0.757143
20	1	50	0.4
48	5	58	0.827586
40	5	52	0.769231
35	5	44	0.795455
25	1	86	0.290698
26	1	91	0.285714
54	5	63	0.857143
24	4	35	0.685714
37	5	53	0.698113
25	1	90	0.277778
55	5	74	0.743243
32	1	82	0.390244
31	3	47	0.659574
26	1	94	0.276596
57	5	78	0.730769
52	5	78	0.666667
29	5	48	0.604167
49	5	67	0.731343
59	5	78	0.75641
29	4	43	0.674419
24	1	87	0.275862
56	5	72	0.777778
49	5	65	0.753846
23	1	67	0.343284
34	5	67	0.507463
13	1	81	0.160494
6	3	32	0.1875
46	5	57	0.807018
48	4	68	0.705882
35	5	54	0.648148
42	3	61	0.688525
44	5	60	0.733333
37	5	43	0.860465
49	5	66	0.742424
45	5	58	0.775862
48	5	58	0.827586
34	5	47	0.723404
51	5	65	0.784615
19	4	29	0.655172
20	1	86	0.232558
38	5	57	0.666667
22	1	87	0.252874
45	5	61	0.737705
57	5	67	0.850746
30	5	38	0.789474
47	5	58	0.810345
41	5	63	0.650794
48	5	70	0.685714
34	5	41	0.829268
14	5	40	0.35
30	3	46	0.652174
33	5	41	0.804878
39	5	53	0.735849
38	5	47	0.808511
34	5	42	0.809524
39	4	48	0.8125
22	1	91	0.241758
53	5	69	0.768116
19	5	36	0.527778
38	4	50	0.76
44	5	61	0.721311
37	5	43	0.860465
10	1	69	0.144928
39	5	48	0.8125
42	4	52	0.807692
63	5	78	0.807692
20	5	25	0.8
82	4	103	0.796117
26	5	30	0.866667
31	5	36	0.861111
58	5	82	0.707317
31	5	35	0.885714
23	3	42	0.547619
59	5	84	0.702381
26	1	100	0.26
8	1	26	0.307692
14	4	19	0.736842
6	1	39	0.153846
22	5	27	0.814815
51	5	73	0.69863
16	4	20	0.8
195	1	316	0.617089
29	5	33	0.878788
37	1	128	0.289062
76	5	142	0.535211
88	5	151	0.582781
29	1	116	0.25
50	5	68	0.735294
18	5	54	0.333333
57	5	75	0.76
9	1	43	0.209302
9	1	39	0.230769
28	5	32	0.875
52	5	87	0.597701
20	1	101	0.19802
10	1	34	0.294118
9	1	40	0.225
34	1	123	0.276423
12	3	39	0.307692
10	1	39	0.25641
63	5	140	0.45
46	5	60	0.766667
21	1	74	0.283784
45	4	59	0.762712
46	5	60	0.766667
39	4	53	0.735849
14	1	63	0.222222
20	1	85	0.235294
18	1	70	0.257143
45	5	58	0.775862
21	5	24	0.875
42	5	51	0.823529
23	1	62	0.370968
37	4	50	0.74
44	5	55	0.8
22	1	57	0.385965
47	5	63	0.746032
60	5	75	0.8
19	1	78	0.24359
18	1	68	0.264706
46	5	64	0.71875
47	5	60	0.783333
39	5	50	0.78
56	5	71	0.788732
15	1	58	0.258621
32	5	43	0.744186
20	5	48	0.416667
38	5	48	0.791667
71	5	94	0.755319
23	1	70	0.328571
15	1	56	0.267857
21	1	74	0.283784
57	5	66	0.863636
121	4	171	0.707602
101	5	125	0.808
50	5	79	0.632911
23	5	52	0.442308
40	4	57	0.701754
44	1	60	0.733333
15	1	69	0.217391
68	5	79	0.860759
38	5	44	0.863636
36	5	52	0.692308
29	1	82	0.353659
27	5	54	0.5
48	5	60	0.8
35	5	42	0.833333
57	5	74	0.77027
20	1	79	0.253165
17	1	95	0.178947
43	5	62	0.693548
47	5	54	0.87037
61	5	85	0.717647
52	5	62	0.83871
14	1	55	0.254545
36	5	45	0.8
14	1	55	0.254545
48	5	59	0.813559
8	1	22	0.363636
35	4	42	0.833333
28	5	42	0.666667
38	5	52	0.730769
50	5	59	0.847458
19	5	27	0.703704
33	5	43	0.767442
42	5	51	0.823529
35	5	46	0.76087
47	5	58	0.810345
44	5	57	0.77193
50	5	63	0.793651
47	5	62	0.758065
41	5	51	0.803922
39	5	52	0.75
26	5	37	0.702703
46	5	53	0.867925
40	5	54	0.740741
45	5	53	0.849057
49	5	58	0.844828
43	5	56	0.767857
34	5	44	0.772727
48	5	59	0.813559
62	5	84	0.738095
40	5	50	0.8
42	5	68	0.617647
42	5	55	0.763636
19	1	76	0.25
31	1	79	0.392405
16	1	52	0.307692
15	3	56	0.267857
27	5	35	0.771429
36	5	46	0.782609
26	3	41	0.634146
41	5	49	0.836735
34	5	44	0.772727
44	5	58	0.758621
51	5	60	0.85
32	5	42	0.761905
31	5	39	0.794872
8	1	63	0.126984
2	5	3	0.666667
42	4	54	0.777778
39	5	50	0.78
47	4	56	0.839286
36	5	45	0.8
48	4	57	0.842105
37	5	46	0.804348
50	5	61	0.819672
41	5	52	0.788462
53	5	64	0.828125
37	5	47	0.787234
52	4	60	0.866667
38	5	46	0.826087
17	1	79	0.21519
39	5	49	0.795918
33	5	45	0.733333
39	5	48	0.8125
21	1	77	0.272727
50	5	61	0.819672
17	1	54	0.314815
19	5	45	0.422222
53	5	74	0.716216
37	4	48	0.770833
38	5	49	0.77551
21	1	92	0.228261
49	5	56	0.875
16	1	62	0.258065
24	1	66	0.363636
35	5	44	0.795455
20	1	76	0.263158
4	3	25	0.16
20	1	56	0.357143
39	5	49	0.795918
21	1	74	0.283784
14	1	55	0.254545
30	3	39	0.769231
40	5	52	0.769231
14	1	59	0.237288
40	5	45	0.888889
40	5	46	0.869565
8	3	38	0.210526
43	5	57	0.754386
31	5	38	0.815789
30	5	40	0.75
38	4	44	0.863636
38	5	48	0.791667
42	5	55	0.763636
10	1	30	0.333333
58	5	72	0.805556
44	5	52	0.846154
23	1	63	0.365079
44	5	55	0.8
12	1	40	0.3
39	5	47	0.829787
50	5	57	0.877193
51	5	58	0.87931
15	1	39	0.384615
12	1	63	0.190476
34	5	44	0.772727
8	5	49	0.163265
42	5	58	0.724138
50	4	60	0.833333
16	1	69	0.231884
21	1	80	0.2625
14	1	61	0.229508
28	5	31	0.903226
45	5	53	0.849057
38	4	43	0.883721
41	5	48	0.854167
41	5	46	0.891304
35	5	47	0.744681
44	5	58	0.758621
23	3	35	0.657143
62	5	71	0.873239
9	3	37	0.243243
14	1	58	0.241379
20	1	60	0.333333
6	5	31	0.193548
42	5	49	0.857143
36	5	49	0.734694
28	5	42	0.666667
41	5	55	0.745455
20	1	86	0.232558
11	1	40	0.275
15	1	55	0.272727
47	5	63	0.746032
15	1	60	0.25
27	4	35	0.771429
47	5	54	0.87037
39	5	46	0.847826
41	5	49	0.836735
41	5	49	0.836735
28	5	44	0.636364
13	1	37	0.351351
47	5	55	0.854545
25	5	33	0.757576
27	4	41	0.658537
49	4	59	0.830508
8	1	35	0.228571
46	5	55	0.836364
45	5	62	0.725806
42	5	55	0.763636
24	1	73	0.328767
23	1	74	0.310811
38	5	47	0.808511
33	1	55	0.6
43	5	59	0.728814
22	1	33	0.666667
44	5	51	0.862745
33	5	41	0.804878
37	5	43	0.860465
22	1	60	0.366667
36	5	49	0.734694
35	5	40	0.875
33	5	40	0.825
32	5	42	0.761905
34	5	47	0.723404
48	5	60	0.8
34	5	44	0.772727
61	5	72	0.847222
39	5	47	0.829787
25	3	35	0.714286
35	2	42	0.833333
7	1	34	0.205882
40	5	45	0.888889
12	2	47	0.255319
37	5	54	0.685185
36	5	44	0.818182
25	1	62	0.403226
34	5	49	0.693878
37	1	58	0.637931
35	5	49	0.714286
19	1	66	0.287879
42	5	49	0.857143
10	1	42	0.238095
22	1	58	0.37931
18	1	70	0.257143
19	3	31	0.612903
36	5	45	0.8
13	1	41	0.317073
45	5	58	0.775862
17	1	63	0.269841
34	5	39	0.871795
17	2	59	0.288136
44	5	52	0.846154
39	5	49	0.795918
44	5	55	0.8
28	5	39	0.717949
43	5	55	0.781818
45	5	58	0.775862
25	1	83	0.301205
9	1	57	0.157895
21	1	90	0.233333
39	5	44	0.886364
37	5	49	0.755102
47	5	62	0.758065
40	5	45	0.888889
11	1	61	0.180328
41	5	46	0.891304
48	5	63	0.761905
35	4	40	0.875
38	5	44	0.863636
29	5	32	0.90625
57	5	66	0.863636
38	4	43	0.883721
35	5	41	0.853659
7	1	60	0.116667
39	5	57	0.684211
23	4	27	0.851852
35	5	41	0.853659
51	5	65	0.784615
44	5	56	0.785714
61	5	71	0.859155
32	5	51	0.627451
37	5	42	0.880952
21	5	33	0.636364
11	2	53	0.207547
43	5	51	0.843137
34	5	37	0.918919
16	1	60	0.266667
39	5	48	0.8125
60	5	69	0.869565
34	5	38	0.894737
27	5	30	0.9
36	5	43	0.837209
10	5	22	0.454545
56	5	64	0.875
19	1	68	0.279412
34	5	38	0.894737
70	5	81	0.864198
13	1	32	0.40625
13	1	50	0.26
32	5	36	0.888889
31	5	40	0.775
14	1	53	0.264151
49	4	58	0.844828
31	5	41	0.756098
13	1	56	0.232143
29	4	39	0.74359
34	5	38	0.894737
8	1	65	0.123077
27	5	51	0.529412
17	1	80	0.2125
32	5	35	0.914286
44	5	51	0.862745
51	5	58	0.87931
16	1	67	0.238806
40	5	50	0.8
61	5	70	0.871429
33	5	39	0.846154
37	5	41	0.902439
10	1	52	0.192308
34	5	38	0.894737
39	5	50	0.78
24	3	34	0.705882
28	1	42	0.666667
22	1	93	0.236559
49	5	60	0.816667
54	5	62	0.870968
43	5	49	0.877551
12	1	57	0.210526
47	5	66	0.712121
36	5	40	0.9
39	5	46	0.847826
28	5	35	0.8
34	5	40	0.85
35	5	39	0.897436
40	5	46	0.869565
34	4	39	0.871795
31	5	38	0.815789
34	5	41	0.829268
36	5	42	0.857143
37	5	43	0.860465
35	5	39	0.897436
40	5	51	0.784314
37	5	43	0.860465
62	5	81	0.765432
41	5	50	0.82
46	3	55	0.836364
41	5	48	0.854167
16	1	69	0.231884
34	5	48	0.708333
6	1	31	0.193548
43	5	49	0.877551
26	5	29	0.896552
31	5	38	0.815789
17	1	67	0.253731
36	5	40	0.9
50	5	59	0.847458
50	5	61	0.819672
45	5	54	0.833333
44	5	54	0.814815
30	1	90	0.333333
35	5	42	0.833333
51	5	62	0.822581
35	5	41	0.853659
22	1	52	0.423077
25	4	31	0.806452
18	1	62	0.290323
29	5	32	0.90625
34	5	49	0.693878
32	5	44	0.727273
35	5	48	0.729167
44	5	52	0.846154
33	5	40	0.825
12	1	63	0.190476
36	5	42	0.857143
53	5	65	0.815385
51	5	58	0.87931
36	4	51	0.705882
42	5	47	0.893617
38	5	45	0.844444
6	1	34	0.176471
43	5	50	0.86
78	1	116	0.672414
39	5	44	0.886364
44	5	53	0.830189
19	1	66	0.287879
46	5	53	0.867925
55	4	65	0.846154
34	5	44	0.772727
41	5	47	0.87234
43	5	54	0.796296
26	1	66	0.393939
51	5	58	0.87931
43	5	50	0.86
44	5	50	0.88
19	1	68	0.279412
20	4	30	0.666667
45	5	52	0.865385
45	5	53	0.849057
21	1	72	0.291667
43	5	52	0.826923
39	5	50	0.78
16	1	55	0.290909
39	5	44	0.886364
28	5	37	0.756757
11	1	63	0.174603
39	5	52	0.75
41	5	52	0.788462
12	1	72	0.166667
17	1	79	0.21519
40	5	51	0.784314
28	5	33	0.848485
39	5	47	0.829787
37	5	52	0.711538
38	5	48	0.791667
35	1	58	0.603448
37	5	50	0.74
51	5	58	0.87931
37	4	52	0.711538
25	5	30	0.833333
46	5	54	0.851852
52	5	61	0.852459
31	5	39	0.794872
38	5	47	0.808511
39	5	46	0.847826
14	1	67	0.208955
35	5	48	0.729167
48	5	54	0.888889
36	4	47	0.765957
37	5	46	0.804348
469	1	559	0.838998
29	1	56	0.517857
51	4	59	0.864407
6	1	33	0.181818
34	5	40	0.85
40	5	49	0.816327
6	1	34	0.176471
12	1	67	0.179104
50	5	58	0.862069
49	5	61	0.803279
5	1	25	0.2
49	5	59	0.830508
17	1	76	0.223684
44	5	53	0.830189
40	5	45	0.888889
46	5	63	0.730159
12	1	36	0.333333
12	5	54	0.222222
40	5	49	0.816327
50	1	85	0.588235
39	5	46	0.847826
15	1	67	0.223881
48	4	58	0.827586
46	5	55	0.836364
51	5	59	0.864407
41	5	54	0.759259
38	5	46	0.826087
40	5	48	0.833333
6	1	34	0.176471
15	1	72	0.208333
13	1	63	0.206349
40	5	48	0.833333
709	1	840	0.844048
13	1	55	0.236364
42	5	48	0.875
32	5	48	0.666667
31	4	39	0.794872
53	5	60	0.883333
34	4	42	0.809524
10	1	56	0.178571
42	4	49	0.857143
13	1	63	0.206349
291	1	347	0.838617
16	1	87	0.183908
12	1	66	0.181818
20	1	78	0.25641
42	5	48	0.875
22	1	60	0.366667
28	5	35	0.8
29	5	50	0.58
19	1	91	0.208791
32	4	36	0.888889
15	1	96	0.15625
47	5	53	0.886792
39	5	46	0.847826
24	5	30	0.8
36	5	44	0.818182
29	1	102	0.284314
34	5	43	0.790698
35	5	50	0.7
32	4	39	0.820513
122	1	169	0.721893
2	5	3	0.666667
88	5	103	0.854369
49	5	60	0.816667
38	5	47	0.808511
35	5	45	0.777778
28	5	31	0.903226
11	4	14	0.785714
35	5	44	0.795455
36	5	41	0.878049
32	5	42	0.761905
42	5	51	0.823529
42	5	55	0.763636
51	5	58	0.87931
37	5	41	0.902439
35	5	39	0.897436
12	1	51	0.235294
30	5	42	0.714286
22	1	83	0.26506
60	5	76	0.789474
32	5	35	0.914286
72	5	84	0.857143
23	5	26	0.884615
18	1	67	0.268657
6	1	36	0.166667
23	5	29	0.793103
13	5	36	0.361111
26	1	94	0.276596
23	1	96	0.239583
38	5	46	0.826087
33	5	41	0.804878
32	5	38	0.842105
506	1	604	0.837748
37	5	41	0.902439
29	5	32	0.90625
36	5	51	0.705882
40	5	45	0.888889
37	5	47	0.787234
32	5	37	0.864865
26	5	32	0.8125
31	5	36	0.861111
45	5	64	0.703125
38	5	44	0.863636
26	4	32	0.8125
27	5	33	0.818182
22	1	93	0.236559
41	4	54	0.759259
31	1	86	0.360465
19	1	80	0.2375
33	5	41	0.804878
36	5	41	0.878049
58	5	75	0.773333
42	5	48	0.875
48	5	59	0.813559
12	1	71	0.169014
28	5	42	0.666667
15	1	87	0.172414
46	5	59	0.779661
49	5	73	0.671233
34	5	49	0.693878
39	5	46	0.847826
8	2	42	0.190476
15	5	16	0.9375
20	2	65	0.307692
12	1	53	0.226415
31	5	41	0.756098
0	5	12	0
15	2	62	0.241935
52	4	66	0.787879
53	5	65	0.815385
45	5	53	0.849057
18	1	91	0.197802
57	5	69	0.826087
21	1	93	0.225806
23	1	79	0.291139
52	4	70	0.742857
24	1	117	0.205128
16	1	88	0.181818
66	5	77	0.857143
59	5	69	0.855072
72	5	93	0.774194
1	5	6	0.166667
25	1	68	0.367647
75	5	96	0.78125
22	1	92	0.23913
56	4	76	0.736842
47	5	62	0.758065
69	5	88	0.784091
31	1	115	0.269565
78	5	91	0.857143
16	1	90	0.177778
1	5	1	1
18	1	95	0.189474
19	1	92	0.206522
1	4	1	1
24	1	93	0.258065
15	1	97	0.154639
15	1	85	0.176471
44	5	52	0.846154
56	5	64	0.875
51	5	66	0.772727
81	5	94	0.861702
64	5	76	0.842105
57	5	78	0.730769
15	1	101	0.148515
68	5	79	0.860759
49	5	61	0.803279
57	5	67	0.850746
49	5	56	0.875
34	5	41	0.829268
56	5	69	0.811594
44	5	52	0.846154
69	5	80	0.8625
60	5	76	0.789474
69	5	83	0.831325
27	1	96	0.28125
27	1	99	0.272727
25	1	107	0.233645
66	4	80	0.825
48	5	63	0.761905
24	1	76	0.315789
3	1	9	0.333333
83	5	98	0.846939
22	1	91	0.241758
52	5	62	0.83871
20	1	94	0.212766
66	5	79	0.835443
79	5	92	0.858696
21	1	89	0.235955
19	1	85	0.223529
22	1	92	0.23913
67	5	78	0.858974
72	5	88	0.818182
71	5	86	0.825581
73	5	88	0.829545
22	1	105	0.209524
77	5	100	0.77
21	1	91	0.230769
60	5	76	0.789474
28	1	95	0.294737
26	1	96	0.270833
16	1	85	0.188235
20	5	79	0.253165
29	1	114	0.254386
28	1	110	0.254545
69	5	87	0.793103
67	5	86	0.77907
73	5	85	0.858824
4	1	63	0.0634921
5	5	7	0.714286
59	5	73	0.808219
27	1	93	0.290323
30	1	113	0.265487
81	5	97	0.835052
37	1	133	0.278195
77	5	101	0.762376
26	1	77	0.337662
64	5	82	0.780488
20	1	88	0.227273
58	4	70	0.828571
32	1	94	0.340426
143	1	217	0.658986
24	1	121	0.198347
86	3	101	0.851485
20	5	88	0.227273
76	5	89	0.853933
58	5	79	0.734177
253	1	321	0.788162
30	1	114	0.263158
33	1	132	0.25
46	5	66	0.69697
39	1	126	0.309524
63	4	78	0.807692
76	5	96	0.791667
89	5	110	0.809091
25	1	107	0.233645
64	5	82	0.780488
2	1	5	0.4
22	1	112	0.196429
105	5	123	0.853659
15	5	70	0.214286
51	5	67	0.761194
38	1	86	0.44186
25	1	98	0.255102
69	5	89	0.775281
101	5	118	0.855932
117	5	149	0.785235
39	5	68	0.573529
32	1	146	0.219178
62	4	76	0.815789
105	5	130	0.807692
22	1	93	0.236559
37	5	55	0.672727
69	5	93	0.741935
126	5	149	0.845638
28	1	88	0.318182
75	5	90	0.833333
117	5	145	0.806897
70	5	96	0.729167
37	1	155	0.23871
27	1	132	0.204545
160	5	189	0.846561
75	5	93	0.806452
26	1	119	0.218487
32	1	118	0.271186
33	1	85	0.388235
26	1	101	0.257426
108	1	164	0.658537
25	5	41	0.609756
26	1	96	0.270833
22	1	60	0.366667
38	5	60	0.633333
106	1	168	0.630952
31	1	83	0.373494
48	5	69	0.695652
4	1	13	0.307692
64	5	75	0.853333
73	5	97	0.752577
20	3	43	0.465116
136	1	202	0.673267
53	5	75	0.706667
46	4	63	0.730159
31	1	82	0.378049
29	1	85	0.341176
65	4	80	0.8125
41	5	56	0.732143
76	5	109	0.697248
53	1	106	0.5
39	5	50	0.78
47	5	66	0.712121
29	1	77	0.376623
40	1	99	0.40404
66	5	91	0.725275
28	5	52	0.538462
39	1	118	0.330508
46	5	63	0.730159
30	1	90	0.333333
25	1	78	0.320513
18	1	66	0.272727
79	4	111	0.711712
44	1	93	0.473118
56	1	120	0.466667
4	1	10	0.4
150	1	188	0.797872
40	1	89	0.449438
29	4	44	0.659091
41	1	116	0.353448
3	1	8	0.375
34	1	92	0.369565
53	5	71	0.746479
28	3	45	0.622222
33	5	57	0.578947
33	1	94	0.351064
42	3	73	0.575342
50	4	63	0.793651
32	5	52	0.615385
36	1	92	0.391304
55	5	82	0.670732
51	5	68	0.75
34	1	88	0.386364
20	3	41	0.487805
33	1	95	0.347368
50	5	67	0.746269
59	1	130	0.453846
42	1	95	0.442105
43	5	56	0.767857
44	5	81	0.54321
60	5	91	0.659341
38	1	89	0.426966
34	5	65	0.523077
43	5	65	0.661538
34	5	51	0.666667
37	1	74	0.5
32	1	85	0.376471
41	5	54	0.759259
40	1	103	0.38835
84	5	103	0.815534
25	1	63	0.396825
53	5	79	0.670886
33	5	52	0.634615
58	5	84	0.690476
41	5	70	0.585714
29	1	78	0.371795
1	1	5	0.2
3	5	4	0.75
26	1	87	0.298851
62	5	80	0.775
39	5	53	0.735849
46	1	97	0.474227
175	1	254	0.688976
34	1	89	0.382022
35	5	66	0.530303
3	5	3	1
36	4	55	0.654545
34	5	66	0.515152
47	5	64	0.734375
305	1	364	0.837912
57	5	70	0.814286
49	5	68	0.720588
38	5	54	0.703704
35	5	50	0.7
55	5	74	0.743243
38	1	77	0.493506
38	1	84	0.452381
45	1	105	0.428571
59	5	82	0.719512
6	1	12	0.5
28	1	100	0.28
51	1	133	0.383459
25	5	55	0.454545
62	5	83	0.746988
29	1	91	0.318681
121	4	148	0.817568
63	5	88	0.715909
30	5	66	0.454545
58	5	78	0.74359
20	1	71	0.28169
72	5	98	0.734694
39	5	67	0.58209
44	1	89	0.494382
34	1	93	0.365591
32	1	101	0.316832
37	1	110	0.336364
34	1	105	0.32381
55	1	90	0.611111
43	1	79	0.544304
27	5	44	0.613636
33	1	133	0.24812
35	1	62	0.564516
31	5	79	0.392405
47	5	66	0.712121
75	5	105	0.714286
42	5	51	0.823529
72	5	91	0.791209
3	5	3	1
31	1	117	0.264957
23	1	76	0.302632
56	5	76	0.736842
3	5	4	0.75
26	1	117	0.222222
65	5	87	0.747126
64	5	84	0.761905
50	1	164	0.304878
37	3	59	0.627119
55	1	92	0.597826
49	1	83	0.590361
73	1	136	0.536765
25	1	80	0.3125
66	5	98	0.673469
28	1	81	0.345679
40	5	69	0.57971
33	1	113	0.292035
22	3	58	0.37931
45	5	62	0.725806
60	5	79	0.759494
34	4	48	0.708333
54	5	73	0.739726
46	5	78	0.589744
58	5	93	0.623656
62	5	81	0.765432
25	1	92	0.271739
38	5	64	0.59375
25	1	85	0.294118
28	5	49	0.571429
51	5	69	0.73913
54	5	70	0.771429
2	5	2	1
53	5	67	0.791045
60	5	88	0.681818
33	1	98	0.336735
62	5	84	0.738095
29	1	102	0.284314
28	1	85	0.329412
69	5	95	0.726316
21	1	85	0.247059
3	1	6	0.5
43	4	57	0.754386
50	1	114	0.438596
27	1	95	0.284211
62	5	86	0.72093
29	1	118	0.245763
189	1	240	0.7875
56	5	71	0.788732
46	4	62	0.741935
58	5	76	0.763158
46	5	65	0.707692
54	5	69	0.782609
32	1	97	0.329897
59	5	80	0.7375
24	1	104	0.230769
53	5	68	0.779412
18	4	35	0.514286
78	5	97	0.804124
37	1	69	0.536232
46	5	63	0.730159
22	1	91	0.241758
46	5	63	0.730159
48	5	62	0.774194
64	5	83	0.771084
53	5	70	0.757143
55	5	70	0.785714
30	1	106	0.283019
30	1	103	0.291262
62	5	80	0.775
27	1	84	0.321429
19	1	70	0.271429
32	1	67	0.477612
196	1	251	0.780876
35	5	59	0.59322
35	1	66	0.530303
26	1	98	0.265306
36	5	80	0.45
38	1	109	0.348624
31	1	96	0.322917
22	1	110	0.2
55	5	77	0.714286
70	5	96	0.729167
54	5	75	0.72
27	5	49	0.55102
19	1	79	0.240506
29	1	93	0.311828
39	1	162	0.240741
59	5	91	0.648352
9	5	10	0.9
61	5	82	0.743902
69	5	87	0.793103
78	5	107	0.728972
65	5	87	0.747126
41	1	126	0.325397
191	1	264	0.723485
36	1	137	0.262774
46	5	56	0.821429
85	1	174	0.488506
38	1	113	0.336283
2	3	3	0.666667
71	5	98	0.72449
28	4	36	0.777778
26	1	87	0.298851
29	1	138	0.210145
28	1	97	0.28866
47	5	62	0.758065
26	1	73	0.356164
38	1	103	0.368932
66	5	85	0.776471
3	1	6	0.5
35	1	108	0.324074
51	5	69	0.73913
24	1	102	0.235294
65	5	82	0.792683
7	3	44	0.159091
31	1	112	0.276786
12	1	47	0.255319
45	5	57	0.789474
87	4	103	0.84466
29	1	163	0.177914
56	5	83	0.674699
41	5	67	0.61194
27	4	48	0.5625
45	4	70	0.642857
133	1	205	0.64878
65	5	84	0.77381
69	5	96	0.71875
39	1	105	0.371429
39	5	62	0.629032
68	5	103	0.660194
53	4	87	0.609195
33	1	87	0.37931
4	5	4	1
27	1	116	0.232759
30	1	86	0.348837
30	1	108	0.277778
14	1	49	0.285714
69	4	84	0.821429
48	5	76	0.631579
51	5	63	0.809524
34	1	119	0.285714
57	5	85	0.670588
52	5	69	0.753623
167	1	279	0.598566
90	5	109	0.825688
72	5	95	0.757895
30	1	93	0.322581
53	5	84	0.630952
44	1	125	0.352
38	1	118	0.322034
60	5	82	0.731707
12	1	45	0.266667
50	5	66	0.757576
31	5	38	0.815789
61	5	75	0.813333
28	5	38	0.736842
91	5	120	0.758333
79	5	109	0.724771
29	1	85	0.341176
24	1	76	0.315789
60	5	80	0.75
73	1	174	0.41954
61	5	80	0.7625
37	1	124	0.298387
32	5	42	0.761905
34	2	113	0.300885
19	3	54	0.351852
65	5	81	0.802469
35	5	42	0.833333
46	5	63	0.730159
52	5	81	0.641975
54	5	74	0.72973
11	1	21	0.52381
20	5	26	0.769231
13	1	33	0.393939
12	1	34	0.352941
11	1	32	0.34375
12	1	21	0.571429
13	1	31	0.419355
13	1	34	0.382353
14	1	38	0.368421
12	1	28	0.428571
23	5	30	0.766667
9	4	22	0.409091
15	5	24	0.625
14	1	41	0.341463
13	1	22	0.590909
10	1	25	0.4
15	5	22	0.681818
12	1	27	0.444444
25	5	32	0.78125
12	1	31	0.387097
12	1	33	0.363636
18	5	27	0.666667
13	1	33	0.393939
9	1	19	0.473684
21	5	29	0.724138
13	1	35	0.371429
14	1	32	0.4375
25	5	32	0.78125
11	1	34	0.323529
13	1	38	0.342105
10	1	22	0.454545
13	5	20	0.65
34	5	41	0.829268
11	1	22	0.5
12	1	23	0.521739
12	1	27	0.444444
12	1	31	0.387097
10	1	36	0.277778
50	5	82	0.609756
13	2	23	0.565217
12	1	41	0.292683
9	1	19	0.473684
13	1	31	0.419355
14	5	22	0.636364
29	5	37	0.783784
12	1	26	0.461538
12	1	22	0.545455
28	5	36	0.777778
27	5	35	0.771429
11	1	35	0.314286
8	5	20	0.4
13	5	22	0.590909
13	1	35	0.371429
34	5	41	0.829268
12	1	31	0.387097
11	1	31	0.354839
16	5	26	0.615385
11	1	40	0.275
13	1	23	0.565217
13	1	23	0.565217
13	1	33	0.393939
13	1	29	0.448276
15	5	22	0.681818
13	1	29	0.448276
27	5	32	0.84375
15	5	25	0.6
13	1	25	0.52
26	5	33	0.787879
29	5	35	0.828571
21	4	29	0.724138
13	1	22	0.590909
7	1	23	0.304348
24	5	30	0.8
13	1	37	0.351351
30	5	40	0.75
11	1	24	0.458333
11	1	25	0.44
9	4	15	0.6
9	1	18	0.5
9	1	19	0.473684
12	5	18	0.666667
8	1	17	0.470588
9	1	18	0.5
12	5	18	0.666667
10	1	21	0.47619
9	2	21	0.428571
14	5	20	0.7
10	1	19	0.526316
9	1	18	0.5
11	5	17	0.647059
10	4	16	0.625
11	1	21	0.52381
7	1	17	0.411765
9	1	18	0.5
11	1	21	0.52381
10	1	20	0.5
10	1	19	0.526316
14	5	20	0.7
8	1	20	0.4
11	5	17	0.647059
15	5	20	0.75
11	5	17	0.647059
6	1	16	0.375
12	5	17	0.705882
14	5	20	0.7
10	1	19	0.526316
11	5	18	0.611111
10	1	22	0.454545
10	1	19	0.526316
8	1	17	0.470588
13	5	18	0.722222
14	5	19	0.736842
12	5	16	0.75
8	1	17	0.470588
10	5	14	0.714286
10	4	16	0.625
9	1	19	0.473684
1	3	14	0.0714286
8	1	17	0.470588
14	5	20	0.7
14	5	19	0.736842
10	1	20	0.5
8	1	17	0.470588
11	5	16	0.6875
10	3	14	0.714286
11	1	21	0.52381
11	5	19	0.578947
3	3	16	0.1875
10	1	20	0.5
10	4	16	0.625
8	1	17	0.470588
14	5	26	0.538462
8	1	17	0.470588
10	5	12	0.833333
4	1	12	0.333333
10	5	13	0.769231
6	1	15	0.4
11	5	15	0.733333
5	3	8	0.625
7	5	9	0.777778
3	5	3	1
8	5	9	0.888889
11	5	13	0.846154
10	5	12	0.833333
10	1	18	0.555556
10	5	14	0.714286
8	1	16	0.5
13	5	15	0.866667
8	4	11	0.727273
5	5	7	0.714286
5	1	13	0.384615
8	1	19	0.421053
9	1	17	0.529412
12	5	17	0.705882
8	1	17	0.470588
6	1	15	0.4
7	5	10	0.7
7	5	8	0.875
9	5	10	0.9
8	5	13	0.615385
7	1	15	0.466667
9	5	10	0.9
11	5	15	0.733333
11	5	15	0.733333
7	1	15	0.466667
10	5	12	0.833333
5	1	14	0.357143
6	1	13	0.461538
9	3	13	0.692308
7	4	9	0.777778
10	5	12	0.833333
0	5	2	0
10	5	11	0.909091
5	1	12	0.416667
7	1	15	0.466667
8	5	9	0.888889
8	5	10	0.8
10	1	19	0.526316
9	1	17	0.529412
10	1	19	0.526316
8	5	10	0.8
13	5	17	0.764706
9	1	18	0.5
9	1	18	0.5
8	4	10	0.8
8	1	15	0.533333
10	5	15	0.666667
7	1	15	0.466667
6	5	7	0.857143
9	5	12	0.75
4	5	5	0.8
5	4	7	0.714286
8	5	9	0.888889
6	5	8	0.75
8	5	10	0.8
6	1	16	0.375
7	5	8	0.875
5	1	15	0.333333
6	5	8	0.75
6	5	8	0.75
8	1	15	0.533333
6	1	15	0.4
8	5	10	0.8
6	1	15	0.4
9	5	11	0.818182
9	5	11	0.818182
5	5	8	0.625
7	1	15	0.466667
7	5	9	0.777778
3	1	12	0.25
6	1	13	0.461538
9	5	11	0.818182
7	5	8	0.875
6	1	14	0.428571
5	1	14	0.357143
6	1	15	0.4
5	5	10	0.5
6	1	14	0.428571
5	4	7	0.714286
7	5	9	0.777778
6	1	15	0.4
6	1	14	0.428571
8	1	15	0.533333
5	5	7	0.714286
5	4	7	0.714286
6	2	15	0.4
8	5	12	0.666667
7	5	8	0.875
7	5	10	0.7
5	1	13	0.384615
5	4	8	0.625
4	1	12	0.333333
5	5	7	0.714286
6	1	15	0.4
20	5	37	0.540541
6	1	15	0.4
8	5	10	0.8
6	1	13	0.461538
7	1	16	0.4375
4	1	14	0.285714
2	3	4	0.5
6	5	8	0.75
6	4	9	0.666667
4	5	5	0.8
5	1	12	0.416667
7	5	9	0.777778
8	5	9	0.888889
5	1	15	0.333333
8	5	10	0.8
9	5	11	0.818182
5	4	7	0.714286
8	5	10	0.8
3	1	11	0.272727
4	1	14	0.285714
6	5	8	0.75
7	5	9	0.777778
6	5	7	0.857143
7	5	9	0.777778
5	5	7	0.714286
6	5	7	0.857143
6	1	17	0.352941
6	1	15	0.4
6	1	14	0.428571
7	1	16	0.4375
6	5	9	0.666667
6	1	15	0.4
5	5	7	0.714286
5	1	13	0.384615
8	5	10	0.8
4	4	6	0.666667
7	4	10	0.7
6	5	9	0.666667
8	5	10	0.8
8	5	11	0.727273
5	1	12	0.416667
7	5	9	0.777778
6	1	15	0.4
5	1	14	0.357143
7	5	10	0.7
5	5	7	0.714286
5	1	14	0.357143
9	5	10	0.9
5	1	13	0.384615
7	5	8	0.875
9	5	11	0.818182
5	1	15	0.333333
7	1	15	0.466667
5	5	7	0.714286
5	5	8	0.625
4	5	6	0.666667
5	4	7	0.714286
4	5	6	0.666667
5	5	8	0.625
7	1	13	0.538462
6	1	13	0.461538
5	5	7	0.714286
5	1	11	0.454545
6	1	13	0.461538
4	5	6	0.666667
6	1	13	0.461538
4	5	6	0.666667
3	3	8	0.375
4	5	6	0.666667
23	1	59	0.389831
5	1	11	0.454545
4	5	6	0.666667
4	1	10	0.4
8	1	14	0.571429
4	4	6	0.666667
7	2	12	0.583333
5	4	7	0.714286
5	5	7	0.714286
6	1	13	0.461538
5	5	7	0.714286
5	5	7	0.714286
7	1	15	0.466667
7	1	14	0.5
4	5	6	0.666667
6	1	13	0.461538
4	5	8	0.5
7	2	11	0.636364
4	5	7	0.571429
5	5	7	0.714286
5	3	7	0.714286
8	5	10	0.8
6	5	8	0.75
6	5	8	0.75
5	5	8	0.625
5	5	7	0.714286
4	5	7	0.571429
7	1	14	0.5
5	5	7	0.714286
8	1	13	0.615385
4	5	6	0.666667
6	5	8	0.75
7	1	15	0.466667
6	5	8	0.75
7	1	15	0.466667
4	5	6	0.666667
7	1	15	0.466667
8	1	14	0.571429
6	1	9	0.666667
2	5	5	0.4
3	5	5	0.6
6	1	11	0.545455
7	1	11	0.636364
2	5	6	0.333333
2	1	4	0.5
3	4	6	0.5
4	5	7	0.571429
4	5	6	0.666667
3	5	7	0.428571
3	5	7	0.428571
4	5	6	0.666667
4	5	8	0.5
5	5	7	0.714286
5	1	11	0.454545
2	4	6	0.333333
3	5	7	0.428571
2	5	6	0.333333
4	5	7	0.571429
4	5	6	0.666667
3	5	4	0.75
6	1	9	0.666667
3	5	7	0.428571
4	5	6	0.666667
4	5	6	0.666667
2	5	6	0.333333
2	5	6	0.333333
3	5	7	0.428571
1	4	5	0.2
3	5	6	0.5
2	5	4	0.5
3	5	7	0.428571
4	5	8	0.5
7	2	8	0.875
5	5	7	0.714286
3	5	7	0.428571
4	4	8	0.5
5	1	8	0.625
4	1	8	0.5
5	1	10	0.5
5	1	9	0.555556
4	5	6	0.666667
6	1	9	0.666667
3	5	7	0.428571
3	5	7	0.428571
6	1	11	0.545455
6	1	13	0.461538
4	5	6	0.666667
0	3	5	0
5	5	9	0.555556
2	3	5	0.4
5	1	9	0.555556
6	1	9	0.666667
2	5	6	0.333333
2	5	6	0.333333
3	4	6	0.5
3	5	5	0.6
6	1	11	0.545455
3	4	5	0.6
4	1	10	0.4
3	5	5	0.6
2	5	5	0.4
2	5	6	0.333333
2	5	6	0.333333
2	5	5	0.4
7	1	11	0.636364
2	5	6	0.333333
2	5	6	0.333333
5	5	7	0.714286
5	5	8	0.625
3	5	7	0.428571
3	5	5	0.6
5	1	11	0.454545
3	1	6	0.5
6	1	11	0.545455
2	5	6	0.333333
7	1	11	0.636364
2	5	5	0.4
6	1	10	0.6
0	3	4	0
5	5	7	0.714286
4	5	6	0.666667
4	4	6	0.666667
2	5	6	0.333333
7	5	10	0.7
2	5	6	0.333333
5	1	11	0.454545
37	4	55	0.672727
4	5	6	0.666667
5	5	7	0.714286
3	5	7	0.428571
4	1	9	0.444444
4	1	9	0.444444
4	1	9	0.444444
5	1	8	0.625
5	1	11	0.454545
2	1	6	0.333333
4	1	9	0.444444
4	1	10	0.4
2	5	4	0.5
2	5	4	0.5
3	5	6	0.5
3	1	6	0.5
5	1	9	0.555556
4	1	9	0.444444
2	5	4	0.5
5	2	8	0.625
5	1	9	0.555556
1	4	8	0.125
1	4	4	0.25
2	5	4	0.5
4	1	9	0.444444
3	1	7	0.428571
4	1	7	0.571429
2	5	4	0.5
5	1	11	0.454545
3	5	5	0.6
2	5	4	0.5
3	5	5	0.6
2	5	4	0.5
4	1	8	0.5
3	5	6	0.5
2	5	4	0.5
2	5	4	0.5
2	5	6	0.333333
5	2	10	0.5
5	1	8	0.625
2	5	4	0.5
3	1	7	0.428571
1	4	3	0.333333
1	5	3	0.333333
3	1	8	0.375
5	1	8	0.625
5	1	8	0.625
4	1	8	0.5
4	1	8	0.5
5	1	10	0.5
3	5	5	0.6
4	1	9	0.444444
1	3	2	0.5
4	1	8	0.5
5	1	8	0.625
5	1	11	0.454545
4	1	8	0.5
5	1	9	0.555556
3	1	6	0.5
4	1	9	0.444444
5	1	9	0.555556
5	1	8	0.625
4	1	7	0.571429
2	5	5	0.4
1	4	5	0.2
4	1	8	0.5
4	1	8	0.5
4	1	9	0.444444
4	1	9	0.444444
2	5	4	0.5
4	1	7	0.571429
114	3	442	0.257919
2	5	6	0.333333
2	5	4	0.5
4	1	8	0.5
5	1	10	0.5
2	5	4	0.5
9	5	15	0.6
2	5	4	0.5
5	1	8	0.625
4	1	7	0.571429
5	1	9	0.555556
4	1	9	0.444444
2	5	3	0.666667
3	1	9	0.333333
2	4	3	0.666667
4	1	7	0.571429
3	1	7	0.428571
1	5	3	0.333333
3	1	8	0.375
3	1	7	0.428571
2	5	4	0.5
4	1	7	0.571429
5	1	10	0.5
2	5	3	0.666667
3	5	6	0.5
2	1	6	0.333333
3	5	4	0.75
1	5	2	0.5
1	4	3	0.333333
4	1	9	0.444444
1	5	2	0.5
2	5	3	0.666667
2	5	3	0.666667
19	5	26	0.730769
3	1	9	0.333333
4	1	9	0.444444
4	1	9	0.444444
2	5	4	0.5
2	1	7	0.285714
2	5	3	0.666667
2	5	3	0.666667
3	1	7	0.428571
2	5	3	0.666667
0	4	3	0
2	5	3	0.666667
3	1	7	0.428571
3	5	4	0.75
2	5	3	0.666667
5	1	16	0.3125
3	1	7	0.428571
3	5	5	0.6
1	5	3	0.333333
0	5	11	0
2	4	3	0.666667
3	1	7	0.428571
3	1	7	0.428571
2	5	3	0.666667
3	1	7	0.428571
1	5	2	0.5
5	1	11	0.454545
2	5	3	0.666667
5	1	8	0.625
5	2	6	0.833333
1	5	3	0.333333
3	1	8	0.375
3	1	12	0.25
3	1	9	0.333333
1	5	3	0.333333
5	1	8	0.625
2	5	3	0.666667
376	5	549	0.684882
1	5	2	0.5
2	1	5	0.4
8	5	11	0.727273
6	5	7	0.857143
6	5	8	0.75
5	4	6	0.833333
5	5	7	0.714286
14	4	19	0.736842
3	1	7	0.428571
3	1	9	0.333333
6	4	8	0.75
124	5	183	0.677596
6	5	7	0.857143
8	5	10	0.8
2	1	6	0.333333
8	1	40	0.2
4	5	7	0.571429
3	1	7	0.428571
2	1	8	0.25
4	1	9	0.444444
20	5	45	0.444444
11	1	41	0.268293
37	1	87	0.425287
7	5	11	0.636364
4	1	10	0.4
2	1	7	0.285714
40	5	59	0.677966
3	5	5	0.6
3	4	4	0.75
4	5	6	0.666667
5	5	6	0.833333
2	1	10	0.2
6	5	11	0.545455
6	5	8	0.75
7	5	11	0.636364
3	1	6	0.5
34	1	141	0.241135
19	1	84	0.22619
24	5	41	0.585366
2	2	7	0.285714
2	1	6	0.333333
6	5	8	0.75
6	5	7	0.857143
1	1	8	0.125
5	5	7	0.714286
4	1	10	0.4
6	5	8	0.75
5	4	6	0.833333
536	5	809	0.662546
1547	5	2309	0.669987
4	1	12	0.333333
6	5	9	0.666667
2	1	3	0.666667
2	1	8	0.25
21	1	49	0.428571
2	1	9	0.222222
6	5	7	0.857143
24	5	39	0.615385
3	1	7	0.428571
2	5	4	0.5
2	5	4	0.5
2	1	10	0.2
6	1	13	0.461538
4	1	11	0.363636
4	5	6	0.666667
6	1	29	0.206897
1	1	10	0.1
55	5	73	0.753425
6	1	50	0.12
866	1	2751	0.314795
1	1	7	0.142857
5	1	51	0.0980392
1	1	8	0.125
198	5	286	0.692308
77	4	110	0.7
77	5	107	0.719626
2	1	6	0.333333
7	1	30	0.233333
104	5	137	0.759124
2	1	7	0.285714
1	1	8	0.125
1	1	10	0.1
17	1	84	0.202381
1	1	9	0.111111
7	1	53	0.132075
2	1	8	0.25
14	1	72	0.194444
58	5	76	0.763158
1	1	11	0.0909091
59	5	78	0.75641
25	1	97	0.257732
81	5	99	0.818182
3	1	13	0.230769
9	1	38	0.236842
259	5	351	0.737892
10	5	11	0.909091
2	1	11	0.181818
19	1	119	0.159664
10	1	50	0.2
5	1	18	0.277778
5	1	14	0.357143
13	1	86	0.151163
276	4	343	0.804665
2079	5	3392	0.612913
2	1	9	0.222222
4	1	14	0.285714
13	1	64	0.203125
13	5	17	0.764706
4	1	19	0.210526
9	5	11	0.818182
108	5	126	0.857143
3	1	13	0.230769
3	1	12	0.25
40	1	179	0.223464
177	5	231	0.766234
5	5	10	0.5
4	1	19	0.210526
189	5	236	0.800847
4	1	14	0.285714
2	1	13	0.153846
17	1	69	0.246377
12	1	77	0.155844
422	5	572	0.737762
24	3	144	0.166667
435	5	603	0.721393
29	1	117	0.247863
26	1	128	0.203125
10	1	32	0.3125
7	1	25	0.28
46	2	184	0.25
10	3	17	0.588235
14	5	21	0.666667
20	5	27	0.740741
406	5	602	0.674419
22	5	34	0.647059
