10 1
7 4
4 5
14 1
4 5
1 4
3 4
2 5
9 5
15 1
8 1
9 1
4 5
11 1
6 5
13 1
4 5
1 4
14 1
17 1
5 5
10 5
6 5
4 4
11 1
0 3
16 1
4 5
5 5
6 5
5 5
6 5
4 5
3 5
4 5
4 4
6 5
2 4
4 5
5 5
14 1
154 1
18 1
7 5
16 1
2 3
3 2
2 5
2 5
1 5
5 5
1 4
1 4
2 4
7 4
3 5
4 4
12 1
2 4
5 5
4 4
10 1
7 5
5 5
4 5
14 2
11 1
8 5
17 5
11 5
6 5
5 5
8 5
7 5
7 5
4 5
7 5
8 5
9 5
6 5
5 1
40 5
4 5
6 5
11 4
23 4
7 1
5 4
16 4
4 5
7 1
4 3
4 5
3 4
4 5
6 5
4 5
7 5
10 5
11 5
9 1
10 5
5 5
15 4
6 5
5 5
11 1
9 5
6 4
10 5
13 1
6 4
8 5
6 4
6 5
12 4
11 5
8 1
13 1
5 4
4 5
12 5
11 5
10 5
11 5
10 1
12 2
4 5
9 1
7 4
3 5
2 5
12 1
3 5
8 4
5 5
4 4
1 5
2 5
2 5
5 4
6 5
8 2
12 1
12 5
23 5
11 4
10 1
11 4
11 5
8 1
6 5
15 1
9 1
9 1
4 5
5 5
4 5
7 5
7 5
13 1
7 5
3 5
6 1
7 1
11 5
8 4
6 4
5 5
5 5
4 4
8 5
8 5
14 5
10 5
10 4
9 4
6 5
7 5
15 1
12 1
13 1
5 5
9 5
7 5
4 5
7 5
16 1
9 5
9 2
36 1
3 5
41 1
15 1
4 5
7 5
5 5
2 5
3 5
2 5
20 1
13 1
2 5
3 5
17 1
1 4
15 1
91 1
16 1
3 4
14 1
2 3
6 4
5 5
18 1
16 1
3 5
12 1
6 4
23 1
7 4
9 1
29 1
5 3
24 1
7 2
25 1
6 3
22 1
6 5
17 1
7 5
9 3
10 5
15 1
13 1
11 1
10 5
7 5
32 5
19 1
32 1
4 5
5 5
30 1
8 5
17 1
17 1
4 5
11 5
6 5
16 1
4 5
29 1
9 2
6 5
6 5
118 1
6 5
16 1
14 1
15 1
9 4
17 1
6 5
11 1
11 1
14 5
13 1
5 5
4 5
5 5
8 5
7 5
4 5
3 5
1 5
2 5
2 5
2 5
18 1
2 5
1 5
9 1
19 1
2 5
3 4
8 1
6 1
15 1
15 1
2 5
3 5
4 5
4 4
10 1
8 5
3 5
6 1
16 1
19 1
5 5
4 5
3 4
4 5
2 4
2 5
1 5
15 1
2 5
3 5
10 2
2 5
16 1
14 1
5 5
5 5
6 5
17 1
6 5
5 5
15 1
5 5
5 4
15 1
14 1
18 1
14 1
6 4
7 4
17 1
8 5
15 1
9 1
14 1
26 1
26 5
5 5
17 1
2 5
9 5
23 1
3 5
2 5
12 1
2 5
16 1
2 5
23 1
2 5
4 5
5 5
2 5
3 5
23 1
7 5
3 4
26 1
32 5
5 5
10 1
2 5
29 1
6 5
8 4
6 5
4 1
4 5
4 5
7 5
26 1
26 1
8 5
17 1
8 4
11 1
13 1
8 5
8 5
5 5
8 4
15 1
1 5
12 5
12 1
211 2
4 5
20 1
6 5
4 5
10 1
8 5
14 1
6 5
5 4
6 5
3 5
11 1
9 1
5 5
5 5
13 1
13 5
2 4
1 5
14 1
18 4
9 5
16 3
18 1
8 5
16 2
4 5
7 5
16 1
16 1
7 5
12 1
9 1
9 5
13 1
13 1
10 4
13 1
9 4
6 5
10 5
34 5
10 4
26 5
11 4
19 5
8 5
4 3
18 1
7 4
22 1
12 1
4 5
41 1
3 5
3 5
16 1
9 2
21 1
3 5
4 5
3 5
38 1
4 5
29 1
0 4
52 1
3 5
7 5
18 1
16 1
37 1
5 3
16 1
31 1
5 5
4 5
14 1
21 1
2 4
39 1
27 1
23 1
19 1
5 5
18 1
1 3
7 5
5 5
20 1
4 5
21 5
4 5
7 5
3 4
1 3
16 1
3 4
21 1
3 5
3 5
3 5
4 5
27 5
18 5
16 1
5 3
16 1
3 4
3 5
3 5
3 4
2 5
9 5
11 5
33 5
10 1
3 5
16 1
4 5
6 5
13 1
42 1
9 1
9 1
4 4
21 1
11 5
10 5
12 1
28 1
13 1
4 4
13 1
6 5
28 5
9 3
6 5
4 5
12 1
4 4
9 1
10 1
9 5
5 5
49 4
7 5
5 3
4 5
3 5
4 5
6 5
19 1
8 5
6 5
5 5
4 4
1 5
27 5
8 1
8 1
8 1
5 5
12 1
16 5
3 4
0 5
4 5
3 4
12 1
2 5
1 5
1 5
3 5
5 5
2 4
7 3
13 1
19 1
5 5
17 1
3 5
13 1
9 5
22 4
4 5
1 5
2 5
526 1
8 5
6 5
1 5
8 1
11 5
5 5
1 4
9 1
10 1
1 5
11 1
12 1
14 1
4 5
21 1
12 1
12 2
15 5
12 1
11 1
7 5
12 1
21 1
5 1
4 5
3 4
4 5
4 5
13 5
38 4
12 5
5 4
3 4
5 5
6 5
2 5
27 1
3 5
5 4
5 5
9 5
5 5
6 5
27 1
8 5
3 4
10 5
53 4
12 1
14 1
3 5
7 5
18 5
72 4
19 5
18 1
45 1
2 5
16 1
22 5
1 4
17 1
1 4
2 5
2 5
21 1
18 1
14 1
16 1
12 4
1 4
15 1
7 5
7 4
13 1
18 1
4 3
2 5
11 1
17 1
13 1
1 5
14 1
1 5
5 5
8 1
10 1
74 1
1 5
10 2
6 5
3 4
11 5
3 1
1 5
11 5
75 1
3 5
3 5
17 5
4 4
15 1
4 5
3 5
18 1
9 5
5 2
13 3
4 5
5 5
5 5
21 5
15 5
19 1
18 1
30 1
11 5
29 1
32 1
31 1
27 1
37 1
80 1
3 1
35 1
26 1
50 1
22 1
40 1
5 5
29 1
9 5
4 5
9 5
33 1
5 5
8 5
34 3
30 1
5 1
9 5
5 3
31 1
7 4
27 1
5 4
5 5
