10	1	19	0.526316
7	4	12	0.583333
4	5	10	0.4
14	1	21	0.666667
4	5	7	0.571429
1	4	4	0.25
3	4	5	0.6
2	5	10	0.2
9	5	16	0.5625
15	1	26	0.576923
8	1	19	0.421053
9	1	14	0.642857
4	5	12	0.333333
11	1	20	0.55
6	5	15	0.4
13	1	18	0.722222
4	5	13	0.307692
1	4	9	0.111111
14	1	24	0.583333
17	1	27	0.62963
5	5	17	0.294118
10	5	19	0.526316
6	5	15	0.4
4	4	12	0.333333
11	1	16	0.6875
0	3	5	0
16	1	23	0.695652
4	5	12	0.333333
5	5	12	0.416667
6	5	12	0.5
5	5	11	0.454545
6	5	12	0.5
4	5	10	0.4
3	5	8	0.375
4	5	11	0.363636
4	4	11	0.363636
6	5	12	0.5
2	4	11	0.181818
4	5	13	0.307692
5	5	14	0.357143
14	1	18	0.777778
154	1	204	0.754902
18	1	24	0.75
7	5	16	0.4375
16	1	24	0.666667
2	3	9	0.222222
3	2	6	0.5
2	5	8	0.25
2	5	7	0.285714
1	5	6	0.166667
5	5	12	0.416667
1	4	5	0.2
1	4	5	0.2
2	4	6	0.333333
7	4	10	0.7
3	5	5	0.6
4	4	7	0.571429
12	1	21	0.571429
2	4	4	0.5
5	5	9	0.555556
4	4	6	0.666667
10	1	15	0.666667
7	5	14	0.5
5	5	9	0.555556
4	5	8	0.5
14	2	18	0.777778
11	1	19	0.578947
8	5	12	0.666667
17	5	24	0.708333
11	5	16	0.6875
6	5	11	0.545455
5	5	12	0.416667
8	5	12	0.666667
7	5	13	0.538462
7	5	12	0.583333
4	5	7	0.571429
7	5	10	0.7
8	5	10	0.8
9	5	12	0.75
6	5	9	0.666667
5	1	15	0.333333
40	5	49	0.816327
4	5	6	0.666667
6	5	9	0.666667
11	4	14	0.785714
23	4	28	0.821429
7	1	11	0.636364
5	4	8	0.625
16	4	20	0.8
4	5	6	0.666667
7	1	13	0.538462
4	3	6	0.666667
4	5	7	0.571429
3	4	7	0.428571
4	5	7	0.571429
6	5	11	0.545455
4	5	8	0.5
7	5	11	0.636364
10	5	16	0.625
11	5	15	0.733333
9	1	16	0.5625
10	5	14	0.714286
5	5	8	0.625
15	4	19	0.789474
6	5	8	0.75
5	5	10	0.5
11	1	23	0.478261
9	5	15	0.6
6	4	15	0.4
10	5	19	0.526316
13	1	29	0.448276
6	4	15	0.4
8	5	15	0.533333
6	4	9	0.666667
6	5	10	0.6
12	4	14	0.857143
11	5	14	0.785714
8	1	13	0.615385
13	1	18	0.722222
5	4	11	0.454545
4	5	9	0.444444
12	5	19	0.631579
11	5	16	0.6875
10	5	14	0.714286
11	5	15	0.733333
10	1	18	0.555556
12	2	15	0.8
4	5	9	0.444444
9	1	15	0.6
7	4	14	0.5
3	5	10	0.3
2	5	9	0.222222
12	1	24	0.5
3	5	12	0.25
8	4	13	0.615385
5	5	7	0.714286
4	4	6	0.666667
1	5	2	0.5
2	5	3	0.666667
2	5	4	0.5
5	4	6	0.833333
6	5	9	0.666667
8	2	10	0.8
12	1	23	0.521739
12	5	18	0.666667
23	5	32	0.71875
11	4	16	0.6875
10	1	29	0.344828
11	4	15	0.733333
11	5	18	0.611111
8	1	21	0.380952
6	5	8	0.75
15	1	22	0.681818
9	1	14	0.642857
9	1	16	0.5625
4	5	13	0.307692
5	5	11	0.454545
4	5	10	0.4
7	5	9	0.777778
7	5	15	0.466667
13	1	23	0.565217
7	5	12	0.583333
3	5	9	0.333333
6	1	17	0.352941
7	1	14	0.5
11	5	16	0.6875
8	4	12	0.666667
6	4	11	0.545455
5	5	11	0.454545
5	5	8	0.625
4	4	5	0.8
8	5	13	0.615385
8	5	11	0.727273
14	5	19	0.736842
10	5	15	0.666667
10	4	13	0.769231
9	4	15	0.6
6	5	12	0.5
7	5	13	0.538462
15	1	21	0.714286
12	1	24	0.5
13	1	17	0.764706
5	5	13	0.384615
9	5	20	0.45
7	5	17	0.411765
4	5	11	0.363636
7	5	14	0.5
16	1	24	0.666667
9	5	19	0.473684
9	2	13	0.692308
36	1	49	0.734694
3	5	9	0.333333
41	1	56	0.732143
15	1	21	0.714286
4	5	11	0.363636
7	5	15	0.466667
5	5	14	0.357143
2	5	10	0.2
3	5	12	0.25
2	5	10	0.2
20	1	27	0.740741
13	1	17	0.764706
2	5	8	0.25
3	5	9	0.333333
17	1	23	0.73913
1	4	7	0.142857
15	1	20	0.75
91	1	114	0.798246
16	1	21	0.761905
3	4	9	0.333333
14	1	19	0.736842
2	3	7	0.285714
6	4	14	0.428571
5	5	12	0.416667
18	1	24	0.75
16	1	21	0.761905
3	5	11	0.272727
12	1	21	0.571429
6	4	13	0.461538
23	1	31	0.741935
7	4	16	0.4375
9	1	15	0.6
29	1	40	0.725
5	3	12	0.416667
24	1	32	0.75
7	2	13	0.538462
25	1	33	0.757576
6	3	8	0.75
22	1	29	0.758621
6	5	14	0.428571
17	1	24	0.708333
7	5	18	0.388889
9	3	18	0.5
10	5	19	0.526316
15	1	20	0.75
13	1	17	0.764706
11	1	15	0.733333
10	5	17	0.588235
7	5	14	0.5
32	5	41	0.780488
19	1	27	0.703704
32	1	43	0.744186
4	5	12	0.333333
5	5	13	0.384615
30	1	42	0.714286
8	5	16	0.5
17	1	23	0.73913
17	1	24	0.708333
4	5	14	0.285714
11	5	19	0.578947
6	5	14	0.428571
16	1	22	0.727273
4	5	8	0.5
29	1	44	0.659091
9	2	13	0.692308
6	5	16	0.375
6	5	15	0.4
118	1	152	0.776316
6	5	13	0.461538
16	1	26	0.615385
14	1	29	0.482759
15	1	33	0.454545
9	4	13	0.692308
17	1	24	0.708333
6	5	12	0.5
11	1	16	0.6875
11	1	15	0.733333
14	5	20	0.7
13	1	17	0.764706
5	5	10	0.5
4	5	9	0.444444
5	5	12	0.416667
8	5	14	0.571429
7	5	11	0.636364
4	5	9	0.444444
3	5	7	0.428571
1	5	6	0.166667
2	5	10	0.2
2	5	7	0.285714
2	5	7	0.285714
18	1	31	0.580645
2	5	7	0.285714
1	5	4	0.25
9	1	16	0.5625
19	1	26	0.730769
2	5	6	0.333333
3	4	7	0.428571
8	1	13	0.615385
6	1	7	0.857143
15	1	21	0.714286
15	1	20	0.75
2	5	8	0.25
3	5	5	0.6
4	5	8	0.5
4	4	6	0.666667
10	1	16	0.625
8	5	15	0.533333
3	5	7	0.428571
6	1	7	0.857143
16	1	22	0.727273
19	1	29	0.655172
5	5	11	0.454545
4	5	10	0.4
3	4	8	0.375
4	5	9	0.444444
2	4	6	0.333333
2	5	5	0.4
1	5	5	0.2
15	1	21	0.714286
2	5	8	0.25
3	5	9	0.333333
10	2	12	0.833333
2	5	5	0.4
16	1	21	0.761905
14	1	19	0.736842
5	5	10	0.5
5	5	10	0.5
6	5	11	0.545455
17	1	23	0.73913
6	5	10	0.6
5	5	11	0.454545
15	1	20	0.75
5	5	8	0.625
5	4	8	0.625
15	1	22	0.681818
14	1	19	0.736842
18	1	26	0.692308
14	1	20	0.7
6	4	12	0.5
7	4	13	0.538462
17	1	23	0.73913
8	5	12	0.666667
15	1	21	0.714286
9	1	12	0.75
14	1	19	0.736842
26	1	35	0.742857
26	5	36	0.722222
5	5	10	0.5
17	1	23	0.73913
2	5	5	0.4
9	5	14	0.642857
23	1	31	0.741935
3	5	11	0.272727
2	5	9	0.222222
12	1	16	0.75
2	5	9	0.222222
16	1	22	0.727273
2	5	5	0.4
23	1	31	0.741935
2	5	8	0.25
4	5	10	0.4
5	5	10	0.5
2	5	7	0.285714
3	5	7	0.428571
23	1	30	0.766667
7	5	11	0.636364
3	4	5	0.6
26	1	35	0.742857
32	5	48	0.666667
5	5	7	0.714286
10	1	12	0.833333
2	5	10	0.2
29	1	40	0.725
6	5	11	0.545455
8	4	12	0.666667
6	5	14	0.428571
4	1	4	1
4	5	7	0.571429
4	5	12	0.333333
7	5	13	0.538462
26	1	34	0.764706
26	1	33	0.787879
8	5	11	0.727273
17	1	26	0.653846
8	4	12	0.666667
11	1	17	0.647059
13	1	19	0.684211
8	5	11	0.727273
8	5	13	0.615385
5	5	13	0.384615
8	4	15	0.533333
15	1	21	0.714286
1	5	2	0.5
12	5	26	0.461538
12	1	16	0.75
211	2	276	0.764493
4	5	14	0.285714
20	1	27	0.740741
6	5	16	0.375
4	5	13	0.307692
10	1	13	0.769231
8	5	20	0.4
14	1	19	0.736842
6	5	13	0.461538
5	4	9	0.555556
6	5	11	0.545455
3	5	7	0.428571
11	1	15	0.733333
9	1	14	0.642857
5	5	8	0.625
5	5	12	0.416667
13	1	20	0.65
13	5	22	0.590909
2	4	6	0.333333
1	5	2	0.5
14	1	20	0.7
18	4	29	0.62069
9	5	15	0.6
16	3	27	0.592593
18	1	24	0.75
8	5	20	0.4
16	2	22	0.727273
4	5	11	0.363636
7	5	16	0.4375
16	1	22	0.727273
16	1	22	0.727273
7	5	13	0.538462
12	1	21	0.571429
9	1	13	0.692308
9	5	15	0.6
13	1	18	0.722222
13	1	20	0.65
10	4	21	0.47619
13	1	30	0.433333
9	4	18	0.5
6	5	16	0.375
10	5	18	0.555556
34	5	48	0.708333
10	4	18	0.555556
26	5	42	0.619048
11	4	19	0.578947
19	5	28	0.678571
8	5	19	0.421053
4	3	14	0.285714
18	1	26	0.692308
7	4	15	0.466667
22	1	40	0.55
12	1	16	0.75
4	5	17	0.235294
41	1	58	0.706897
3	5	16	0.1875
3	5	11	0.272727
16	1	21	0.761905
9	2	12	0.75
21	1	28	0.75
3	5	11	0.272727
4	5	14	0.285714
3	5	12	0.25
38	1	52	0.730769
4	5	13	0.307692
29	1	39	0.74359
0	4	13	0
52	1	88	0.590909
3	5	14	0.214286
7	5	19	0.368421
18	1	25	0.72
16	1	21	0.761905
37	1	49	0.755102
5	3	6	0.833333
16	1	21	0.761905
31	1	42	0.738095
5	5	18	0.277778
4	5	13	0.307692
14	1	19	0.736842
21	1	28	0.75
2	4	10	0.2
39	1	52	0.75
27	1	36	0.75
23	1	31	0.741935
19	1	26	0.730769
5	5	15	0.333333
18	1	30	0.6
1	3	8	0.125
7	5	16	0.4375
5	5	14	0.357143
20	1	28	0.714286
4	5	12	0.333333
21	5	38	0.552632
4	5	13	0.307692
7	5	16	0.4375
3	4	9	0.333333
1	3	12	0.0833333
16	1	22	0.727273
3	4	11	0.272727
21	1	28	0.75
3	5	12	0.25
3	5	11	0.272727
3	5	11	0.272727
4	5	13	0.307692
27	5	47	0.574468
18	5	34	0.529412
16	1	21	0.761905
5	3	12	0.416667
16	1	24	0.666667
3	4	7	0.428571
3	5	9	0.333333
3	5	9	0.333333
3	4	9	0.333333
2	5	7	0.285714
9	5	16	0.5625
11	5	22	0.5
33	5	50	0.66
10	1	17	0.588235
3	5	9	0.333333
16	1	28	0.571429
4	5	12	0.333333
6	5	12	0.5
13	1	19	0.684211
42	1	59	0.711864
9	1	12	0.75
9	1	12	0.75
4	4	9	0.444444
21	1	29	0.724138
11	5	18	0.611111
10	5	16	0.625
12	1	18	0.666667
28	1	34	0.823529
13	1	20	0.65
4	4	11	0.363636
13	1	18	0.722222
6	5	10	0.6
28	5	44	0.636364
9	3	16	0.5625
6	5	10	0.6
4	5	9	0.444444
12	1	17	0.705882
4	4	8	0.5
9	1	14	0.642857
10	1	16	0.625
9	5	14	0.642857
5	5	8	0.625
49	4	64	0.765625
7	5	10	0.7
5	3	6	0.833333
4	5	6	0.666667
3	5	6	0.5
4	5	5	0.8
6	5	9	0.666667
19	1	32	0.59375
8	5	11	0.727273
6	5	11	0.545455
5	5	10	0.5
4	4	5	0.8
1	5	1	1
27	5	37	0.72973
8	1	15	0.533333
8	1	10	0.8
8	1	12	0.666667
5	5	7	0.714286
12	1	24	0.5
16	5	21	0.761905
3	4	11	0.272727
0	5	0	0
4	5	7	0.571429
3	4	5	0.6
12	1	17	0.705882
2	5	4	0.5
1	5	3	0.333333
1	5	3	0.333333
3	5	5	0.6
5	5	9	0.555556
2	4	5	0.4
7	3	10	0.7
13	1	17	0.764706
19	1	26	0.730769
5	5	14	0.357143
17	1	23	0.73913
3	5	8	0.375
13	1	17	0.764706
9	5	15	0.6
22	4	27	0.814815
4	5	7	0.571429
1	5	2	0.5
2	5	6	0.333333
526	1	829	0.634499
8	5	12	0.666667
6	5	11	0.545455
1	5	3	0.333333
8	1	13	0.615385
11	5	17	0.647059
5	5	10	0.5
1	4	5	0.2
9	1	15	0.6
10	1	14	0.714286
1	5	11	0.0909091
11	1	23	0.478261
12	1	18	0.666667
14	1	21	0.666667
4	5	9	0.444444
21	1	35	0.6
12	1	26	0.461538
12	2	16	0.75
15	5	22	0.681818
12	1	18	0.666667
11	1	16	0.6875
7	5	14	0.5
12	1	17	0.705882
21	1	28	0.75
5	1	6	0.833333
4	5	10	0.4
3	4	8	0.375
4	5	10	0.4
4	5	7	0.571429
13	5	17	0.764706
38	4	48	0.791667
12	5	16	0.75
5	4	10	0.5
3	4	7	0.428571
5	5	12	0.416667
6	5	12	0.5
2	5	7	0.285714
27	1	43	0.627907
3	5	7	0.428571
5	4	7	0.714286
5	5	11	0.454545
9	5	13	0.692308
5	5	9	0.555556
6	5	8	0.75
27	1	46	0.586957
8	5	14	0.571429
3	4	4	0.75
10	5	16	0.625
53	4	85	0.623529
12	1	29	0.413793
14	1	18	0.777778
3	5	4	0.75
7	5	17	0.411765
18	5	23	0.782609
72	4	80	0.9
19	5	28	0.678571
18	1	34	0.529412
45	1	60	0.75
2	5	3	0.666667
16	1	22	0.727273
22	5	48	0.458333
1	4	5	0.2
17	1	23	0.73913
1	4	4	0.25
2	5	5	0.4
2	5	6	0.333333
21	1	35	0.6
18	1	24	0.75
14	1	21	0.666667
16	1	24	0.666667
12	4	23	0.521739
1	4	1	1
15	1	26	0.576923
7	5	18	0.388889
7	4	14	0.5
13	1	20	0.65
18	1	31	0.580645
4	3	10	0.4
2	5	8	0.25
11	1	15	0.733333
17	1	23	0.73913
13	1	24	0.541667
1	5	6	0.166667
14	1	23	0.608696
1	5	3	0.333333
5	5	8	0.625
8	1	10	0.8
10	1	13	0.769231
74	1	128	0.578125
1	5	5	0.2
10	2	18	0.555556
6	5	9	0.666667
3	4	6	0.5
11	5	17	0.647059
3	1	3	1
1	5	8	0.125
11	5	22	0.5
75	1	120	0.625
3	5	10	0.3
3	5	9	0.333333
17	5	29	0.586207
4	4	11	0.363636
15	1	24	0.625
4	5	11	0.363636
3	5	7	0.428571
18	1	31	0.580645
9	5	13	0.692308
5	2	10	0.5
13	3	17	0.764706
4	5	7	0.571429
5	5	10	0.5
5	5	9	0.555556
21	5	31	0.677419
15	5	23	0.652174
19	1	36	0.527778
18	1	30	0.6
30	1	42	0.714286
11	5	22	0.5
29	1	45	0.644444
32	1	39	0.820513
31	1	41	0.756098
27	1	35	0.771429
37	1	50	0.74
80	1	106	0.754717
3	1	4	0.75
35	1	48	0.729167
26	1	35	0.742857
50	1	67	0.746269
22	1	30	0.733333
40	1	54	0.740741
5	5	25	0.2
29	1	41	0.707317
9	5	28	0.321429
4	5	17	0.235294
9	5	25	0.36
33	1	45	0.733333
5	5	20	0.25
8	5	20	0.4
34	3	55	0.618182
30	1	42	0.714286
5	1	6	0.833333
9	5	27	0.333333
5	3	19	0.263158
31	1	48	0.645833
7	4	19	0.368421
27	1	51	0.529412
5	4	21	0.238095
5	5	21	0.238095
