0 5
21 4
27 1
28 1
16 1
3 4
5 5
10 5
12 5
10 5
12 1
15 1
6 5
14 1
5 5
16 4
17 1
3 5
27 1
37 1
5 4
6 5
2 4
11 4
15 1
14 5
15 1
4 5
9 1
10 1
6 5
43 5
6 5
10 1
7 1
10 1
25 1
5 5
16 1
15 1
13 1
9 5
15 5
14 5
4 5
2 1
12 5
4 5
6 5
5 2
14 1
5 1
8 1
5 5
5 5
7 1
5 1
8 1
6 5
14 5
10 1
10 1
6 5
8 1
12 5
8 1
11 1
8 1
6 2
13 5
10 1
6 5
3 1
3 1
8 2
14 5
11 5
4 4
11 5
10 1
35 4
5 4
40 5
29 5
38 4
10 5
8 1
5 2
11 5
10 5
2 1
35 5
8 2
28 1
9 5
9 5
38 5
39 5
16 1
17 1
14 1
43 5
10 5
10 1
19 5
14 5
12 1
15 5
5 3
6 2
8 5
17 1
10 5
10 1
9 1
8 1
4 1
9 5
19 5
11 1
8 1
17 1
15 1
22 5
20 1
21 5
10 5
22 1
24 5
27 5
16 4
34 5
28 1
8 5
18 2
11 1
1 5
7 4
14 1
6 5
13 5
33 5
3 5
20 5
13 1
5 2
6 5
15 1
216 5
19 5
26 1
20 5
22 5
6 3
11 1
1 4
45 5
26 5
18 1
13 1
14 1
15 5
12 5
14 1
14 1
3 4
5 5
15 1
13 1
14 1
10 1
20 1
8 3
15 3
8 5
22 1
16 1
13 1
10 1
13 1
10 1
11 1
16 1
19 1
7 1
3 1
11 3
8 1
10 1
18 1
11 5
6 4
1 2
15 1
13 1
7 1
11 3
4 1
15 1
8 3
2 5
5 5
2 5
2 5
2 5
2 5
3 5
1 5
3 3
4 5
2 5
2 5
2 5
1 5
5 5
2 5
6 5
7 5
1 5
2 5
1 5
2 5
2 5
2 5
4 5
1 5
2 5
1 4
2 5
0 4
1 5
3 5
5 1
2 5
4 5
2 5
2 5
5 5
6 5
7 1
1 5
1 5
8 1
2 5
1 5
4 5
4 4
1 5
1 5
7 5
12 4
11 5
16 1
1 5
5 5
0 4
2 5
2 5
2 5
3 5
3 5
2 5
2 5
2 5
2 5
4 5
2 5
3 5
3 5
2 5
11 1
2 5
2 4
3 5
0 5
0 4
3 5
0 1
3 5
3 5
3 5
1 5
14 1
2 5
2 5
4 5
2 5
2 5
1 4
2 5
1 5
2 5
3 5
2 5
3 5
1 4
2 5
2 5
1 4
0 3
2 5
8 3
1 5
10 1
1 5
3 5
1 5
2 5
5 5
4 5
3 5
2 5
2 5
6 5
9 1
6 5
5 5
5 1
6 5
5 5
4 5
1 5
2 5
2 5
1 5
6 5
4 1
3 5
6 5
3 5
1 5
2 5
4 5
2 5
1 5
2 5
1 5
1 5
3 5
1 5
2 5
3 5
4 5
5 5
3 5
1 5
1 5
5 5
2 5
6 5
5 5
3 5
1 5
2 5
1 5
2 5
5 1
5 4
5 5
2 2
5 5
3 5
2 5
6 5
3 5
2 5
6 5
0 5
3 5
2 5
2 5
2 5
1 5
1 5
1 5
3 5
14 1
3 5
6 5
5 5
8 5
5 5
6 2
7 5
5 5
7 5
5 5
7 5
6 5
12 1
4 5
5 5
6 5
6 5
6 5
6 5
2 1
6 5
7 5
13 1
8 5
3 4
3 5
7 5
7 5
7 5
8 4
9 5
11 1
3 3
12 1
8 1
5 5
9 1
6 5
9 1
5 5
7 1
5 5
0 1
6 5
7 5
2 1
7 5
7 5
10 1
8 1
5 1
13 5
4 1
2 3
9 5
7 5
5 1
12 5
9 5
9 5
6 5
5 1
8 5
11 1
5 1
5 4
10 5
8 5
1 2
12 4
6 5
4 1
6 5
4 1
12 5
10 1
9 1
10 5
10 1
9 1
9 1
11 4
8 1
11 1
13 5
18 1
12 5
10 1
1 2
13 5
12 1
13 5
16 1
8 4
1 1
5 1
16 1
14 1
9 5
11 5
18 1
19 1
10 1
16 1
10 1
12 1
15 1
13 2
18 1
3 2
36 1
17 1
12 1
20 1
6 2
13 1
13 1
10 1
21 1
18 5
12 1
12 5
9 5
7 1
18 1
12 5
18 1
10 4
8 4
12 5
2 3
20 1
16 5
20 1
13 5
13 5
14 1
26 1
16 4
22 5
16 1
28 1
19 1
8 2
21 1
20 1
18 1
13 1
11 5
17 1
10 2
14 1
19 5
22 1
15 5
44 1
22 1
13 4
17 1
21 1
25 1
19 1
5 1
19 1
10 5
16 1
18 4
30 1
8 5
20 5
19 1
4 3
19 4
41 1
11 5
13 5
18 5
16 4
13 1
38 5
10 5
20 1
17 4
11 1
14 1
24 1
15 1
7 2
18 1
18 1
22 1
21 1
7 1
13 3
24 1
9 1
17 1
11 2
16 3
20 4
5 1
6 1
12 1
3 1
29 1
13 1
14 1
17 1
18 5
17 4
9 1
18 5
19 1
13 1
17 1
18 1
16 1
28 1
17 1
12 1
8 5
10 1
26 1
20 1
16 1
4 1
12 1
21 1
15 1
11 1
16 1
14 5
8 1
4 1
11 1
37 1
35 1
19 2
13 1
41 1
12 5
23 5
28 1
30 1
35 1
16 1
5 5
33 1
3 1
47 1
15 5
19 1
30 1
16 1
9 1
46 1
35 1
16 5
19 1
12 5
29 1
39 1
29 1
19 1
13 5
23 1
18 1
12 5
10 2
20 1
16 1
22 1
12 2
19 1
15 1
14 1
29 1
24 5
19 1
12 5
7 1
15 3
8 4
20 1
1 5
19 1
16 1
22 1
13 5
13 5
31 1
9 4
10 2
5 2
18 1
8 5
7 1
19 1
14 5
36 1
28 1
29 1
30 1
29 1
38 1
18 1
22 1
21 1
24 1
10 3
14 3
8 2
10 4
19 2
5 1
18 2
11 5
25 1
19 5
17 2
24 1
17 1
16 5
15 5
9 4
9 4
10 4
25 1
25 1
25 3
16 5
12 5
30 1
29 1
35 3
28 1
26 1
20 5
31 1
29 1
15 2
20 1
16 1
7 5
23 1
8 5
8 1
19 1
35 1
20 1
30 1
11 5
17 1
30 1
32 1
23 1
29 1
10 4
9 4
28 1
6 3
11 5
8 4
12 3
15 1
7 4
18 1
14 1
13 3
20 5
10 5
11 3
28 1
26 1
33 1
20 2
30 1
23 1
29 1
32 1
21 1
26 1
10 5
27 2
52 1
32 1
38 2
38 1
28 1
20 2
11 4
9 2
10 5
3 4
66 1
22 1
14 1
13 1
29 1
10 5
23 1
16 1
18 1
30 3
13 1
23 1
35 1
55 1
23 1
21 1
28 1
6 5
10 5
12 5
20 1
12 5
16 1
38 1
8 2
11 4
12 2
31 1
18 1
18 1
12 2
16 2
14 2
25 1
14 5
22 1
18 1
29 1
19 1
20 1
34 1
31 5
47 1
18 1
45 1
24 3
6 5
24 1
33 2
20 1
4 1
54 1
27 1
12 5
78 1
21 2
26 1
82 1
6 2
33 1
12 4
15 1
10 1
9 5
13 1
33 1
23 1
32 1
17 1
23 1
15 5
19 1
7 4
16 4
9 3
7 1
22 3
18 5
40 1
12 1
4 1
28 1
30 5
19 1
22 5
14 1
18 1
15 1
9 4
16 5
16 1
18 1
31 1
10 5
23 5
9 3
10 1
9 2
9 5
16 1
14 1
16 1
7 1
30 1
34 1
14 1
15 1
19 1
22 2
14 1
36 1
22 1
17 1
28 1
19 1
16 1
13 5
15 5
26 1
17 4
75 1
45 1
76 1
11 3
15 3
16 2
7 5
17 1
10 1
33 1
32 1
16 4
14 1
15 5
26 1
19 1
78 1
48 1
40 1
36 2
29 1
36 1
20 4
12 5
132 1
3 1
