16	3	31	0.516129
12	5	33	0.363636
8	5	21	0.380952
12	2	18	0.666667
15	1	52	0.288462
9	5	19	0.473684
5	5	13	0.384615
25	1	51	0.490196
14	2	21	0.666667
7	2	13	0.538462
10	5	21	0.47619
8	5	21	0.380952
11	5	22	0.5
6	5	11	0.545455
7	5	17	0.411765
5	3	6	0.833333
5	1	11	0.454545
2	5	15	0.133333
6	1	13	0.461538
2	4	7	0.285714
2	4	5	0.4
3	4	6	0.5
5	4	19	0.263158
2	5	10	0.2
4	1	10	0.4
10	1	17	0.588235
3	4	6	0.5
1	4	3	0.333333
3	1	10	0.3
15	1	26	0.576923
14	1	27	0.518519
9	1	15	0.6
5	5	13	0.384615
17	1	27	0.62963
19	1	30	0.633333
4	5	18	0.222222
10	5	20	0.5
15	1	24	0.625
12	5	24	0.5
9	5	34	0.264706
8	1	20	0.4
3	1	15	0.2
6	1	13	0.461538
5	1	13	0.384615
48	1	100	0.48
8	5	17	0.470588
10	1	19	0.526316
4	5	9	0.444444
2	5	15	0.133333
4	1	8	0.5
7	1	13	0.538462
10	1	16	0.625
0	1	4	0
4	1	11	0.363636
6	1	14	0.428571
8	1	17	0.470588
6	1	14	0.428571
4	5	8	0.5
6	1	16	0.375
6	1	13	0.461538
7	1	14	0.5
5	5	21	0.238095
6	4	13	0.461538
15	1	24	0.625
10	1	22	0.454545
15	1	25	0.6
6	1	17	0.352941
6	1	16	0.375
11	4	20	0.55
10	1	19	0.526316
10	5	30	0.333333
13	1	21	0.619048
6	5	15	0.4
7	1	14	0.5
6	1	13	0.461538
2	1	8	0.25
8	1	17	0.470588
4	5	8	0.5
3	1	8	0.375
4	1	10	0.4
3	5	8	0.375
12	2	16	0.75
2	1	8	0.25
2	3	8	0.25
12	1	44	0.272727
8	4	13	0.615385
15	5	23	0.652174
15	1	39	0.384615
14	1	33	0.424242
21	1	43	0.488372
2	5	3	0.666667
3	3	5	0.6
13	5	23	0.565217
9	5	19	0.473684
7	5	9	0.777778
7	5	12	0.583333
5	3	10	0.5
12	2	17	0.705882
4	5	11	0.363636
8	5	16	0.5
7	1	19	0.368421
9	5	14	0.642857
9	3	13	0.692308
9	5	15	0.6
12	4	25	0.48
12	1	28	0.428571
8	5	15	0.533333
8	5	16	0.5
13	5	32	0.40625
6	5	11	0.545455
9	2	14	0.642857
8	1	19	0.421053
2	5	6	0.333333
2	1	14	0.142857
2	1	8	0.25
4	1	18	0.222222
5	1	11	0.454545
3	2	8	0.375
5	1	13	0.384615
14	5	22	0.636364
7	5	15	0.466667
5	1	14	0.357143
7	5	9	0.777778
8	1	18	0.444444
32	5	99	0.323232
32	1	65	0.492308
31	1	71	0.43662
13	3	33	0.393939
27	1	55	0.490909
87	1	134	0.649254
24	1	47	0.510638
7	5	19	0.368421
12	3	20	0.6
105	1	177	0.59322
24	2	42	0.571429
64	4	110	0.581818
14	4	31	0.451613
16	3	32	0.5
6	5	20	0.3
8	1	24	0.333333
57	1	101	0.564356
24	1	58	0.413793
17	4	31	0.548387
394	1	668	0.58982
13	5	48	0.270833
46	1	77	0.597403
17	5	58	0.293103
11	5	29	0.37931
10	4	17	0.588235
202	1	369	0.547425
5	5	13	0.384615
110	1	170	0.647059
51	2	85	0.6
119	1	229	0.519651
10	1	19	0.526316
12	1	27	0.444444
3	5	25	0.12
22	1	42	0.52381
6	5	12	0.5
8	5	15	0.533333
7	5	13	0.538462
11	5	19	0.578947
23	1	48	0.479167
14	5	38	0.368421
21	2	49	0.428571
15	2	22	0.681818
28	1	50	0.56
22	2	41	0.536585
81	1	147	0.55102
20	2	44	0.454545
24	1	52	0.461538
12	5	24	0.5
3	3	4	0.75
7	3	16	0.4375
11	1	29	0.37931
16	4	21	0.761905
10	4	17	0.588235
11	5	23	0.478261
10	1	31	0.322581
5	3	18	0.277778
11	5	20	0.55
13	1	36	0.361111
14	5	25	0.56
12	1	37	0.324324
9	5	17	0.529412
16	5	25	0.64
6	5	10	0.6
6	4	10	0.6
7	5	12	0.583333
10	5	25	0.4
12	2	18	0.666667
12	1	31	0.387097
12	1	26	0.461538
16	5	32	0.5
0	1	3	0
0	1	3	0
8	1	23	0.347826
13	5	20	0.65
8	1	20	0.4
18	3	23	0.782609
9	1	21	0.428571
12	5	21	0.571429
6	5	10	0.6
5	1	13	0.384615
19	5	34	0.558824
11	1	34	0.323529
13	1	35	0.371429
16	5	32	0.5
11	4	15	0.733333
8	5	11	0.727273
7	4	9	0.777778
7	3	15	0.466667
6	1	13	0.461538
43	1	97	0.443299
13	1	29	0.448276
0	4	0	0
20	5	38	0.526316
19	5	29	0.655172
0	1	3	0
14	1	37	0.378378
12	1	37	0.324324
46	1	108	0.425926
9	5	14	0.642857
13	4	19	0.684211
8	4	12	0.666667
16	1	49	0.326531
11	4	15	0.733333
11	1	26	0.423077
0	5	0	0
20	2	37	0.540541
17	5	26	0.653846
13	5	23	0.565217
11	5	18	0.611111
6	1	17	0.352941
17	1	65	0.261538
6	3	7	0.857143
8	4	10	0.8
15	1	65	0.230769
11	1	31	0.354839
26	4	37	0.702703
10	1	41	0.243902
12	5	34	0.352941
44	4	126	0.349206
10	1	29	0.344828
12	1	33	0.363636
7	1	18	0.388889
13	5	17	0.764706
7	1	17	0.411765
10	1	23	0.434783
5	1	13	0.384615
14	5	18	0.777778
6	4	11	0.545455
27	5	36	0.75
17	5	19	0.894737
21	5	29	0.724138
13	5	18	0.722222
16	5	22	0.727273
7	5	13	0.538462
29	5	41	0.707317
14	1	36	0.388889
9	1	27	0.333333
12	1	27	0.444444
13	5	17	0.764706
16	1	36	0.444444
11	1	29	0.37931
20	5	32	0.625
10	4	15	0.666667
10	5	13	0.769231
21	2	33	0.636364
13	1	34	0.382353
13	1	27	0.481481
14	4	17	0.823529
11	1	31	0.354839
8	1	20	0.4
13	1	45	0.288889
1	5	3	0.333333
5	5	9	0.555556
8	5	17	0.470588
11	1	31	0.354839
7	5	11	0.636364
28	5	51	0.54902
22	2	42	0.52381
24	5	32	0.75
16	4	22	0.727273
8	1	20	0.4
8	1	24	0.333333
5	1	20	0.25
11	5	32	0.34375
14	5	35	0.4
9	5	25	0.36
8	5	18	0.444444
39	5	53	0.735849
6	5	12	0.5
22	1	87	0.252874
41	5	55	0.745455
37	5	60	0.616667
11	1	44	0.25
22	5	38	0.578947
0	5	0	0
12	4	16	0.75
8	5	15	0.533333
17	5	29	0.586207
17	1	49	0.346939
6	2	13	0.461538
14	5	22	0.636364
6	5	16	0.375
4	5	11	0.363636
4	5	6	0.666667
21	1	60	0.35
7	5	11	0.636364
15	5	27	0.555556
13	1	53	0.245283
14	1	36	0.388889
6	1	25	0.24
24	5	33	0.727273
16	5	27	0.592593
32	5	43	0.744186
12	5	20	0.6
9	1	42	0.214286
14	5	19	0.736842
27	5	36	0.75
9	1	30	0.3
7	4	18	0.388889
35	1	86	0.406977
6	5	14	0.428571
22	1	48	0.458333
77	1	140	0.55
15	5	27	0.555556
4	1	10	0.4
28	1	63	0.444444
12	4	19	0.631579
4	5	14	0.285714
10	1	28	0.357143
5	5	8	0.625
2	5	9	0.222222
4	1	15	0.266667
18	1	56	0.321429
4	5	9	0.444444
9	5	19	0.473684
3	5	7	0.428571
6	2	12	0.5
8	5	13	0.615385
7	5	16	0.4375
12	1	33	0.363636
14	4	24	0.583333
5	5	9	0.555556
11	1	26	0.423077
12	1	24	0.5
1	4	6	0.166667
9	1	20	0.45
9	3	17	0.529412
8	2	16	0.5
14	1	29	0.482759
1	3	5	0.2
3	3	8	0.375
14	2	26	0.538462
16	1	30	0.533333
9	1	24	0.375
6	5	9	0.666667
11	4	15	0.733333
11	5	15	0.733333
8	1	17	0.470588
10	3	19	0.526316
30	1	64	0.46875
11	2	27	0.407407
2	4	12	0.166667
6	5	14	0.428571
9	5	13	0.692308
24	5	34	0.705882
15	1	37	0.405405
6	5	13	0.461538
15	1	42	0.357143
9	5	14	0.642857
5	5	11	0.454545
36	5	51	0.705882
19	1	54	0.351852
5	5	9	0.555556
15	1	34	0.441176
0	5	0	0
7	4	13	0.538462
5	5	9	0.555556
7	5	10	0.7
11	1	28	0.392857
8	1	19	0.421053
7	5	17	0.411765
3	5	8	0.375
25	1	49	0.510204
34	5	46	0.73913
11	5	24	0.458333
23	5	42	0.547619
17	1	37	0.459459
20	1	45	0.444444
13	1	29	0.448276
31	1	62	0.5
10	3	15	0.666667
45	5	104	0.432692
24	3	45	0.533333
25	3	57	0.438596
54	4	107	0.504673
0	5	3	0
53	1	138	0.384058
119	1	267	0.445693
54	5	131	0.412214
111	5	203	0.546798
19	4	45	0.422222
216	3	375	0.576
96	5	159	0.603774
72	4	137	0.525547
86	2	160	0.5375
22	4	50	0.44
815	2	1325	0.615094
110	5	173	0.635838
32	4	57	0.561404
38	5	62	0.612903
34	5	56	0.607143
17	4	35	0.485714
25	5	51	0.490196
31	5	58	0.534483
15	5	26	0.576923
17	5	27	0.62963
36	5	51	0.705882
36	1	62	0.580645
0	5	0	0
113	2	218	0.518349
12	5	21	0.571429
12	5	29	0.413793
12	5	22	0.545455
39	1	75	0.52
25	4	40	0.625
47	1	106	0.443396
139	1	258	0.53876
18	5	34	0.529412
20	5	44	0.454545
15	5	35	0.428571
42	1	72	0.583333
63	5	121	0.520661
11	5	27	0.407407
10	3	24	0.416667
15	1	41	0.365854
11	5	27	0.407407
72	4	103	0.699029
9	5	21	0.428571
36	1	113	0.318584
12	5	29	0.413793
30	5	63	0.47619
22	1	54	0.407407
8	3	26	0.307692
29	1	58	0.5
11	3	37	0.297297
41	4	61	0.672131
17	5	34	0.5
34	1	84	0.404762
19	5	40	0.475
12	4	18	0.666667
13	1	29	0.448276
52	5	86	0.604651
23	1	72	0.319444
31	5	47	0.659574
23	1	62	0.370968
23	1	76	0.302632
22	1	79	0.278481
11	2	28	0.392857
23	3	35	0.657143
62	5	136	0.455882
10	2	22	0.454545
17	5	37	0.459459
14	1	39	0.358974
9	5	21	0.428571
16	5	29	0.551724
21	5	40	0.525
15	1	43	0.348837
5	3	20	0.25
5	3	10	0.5
21	1	54	0.388889
20	5	35	0.571429
13	5	25	0.52
8	5	15	0.533333
32	5	55	0.581818
38	5	68	0.558824
16	5	25	0.64
15	5	30	0.5
7	5	17	0.411765
9	5	15	0.6
77	5	121	0.636364
16	1	32	0.5
7	5	10	0.7
12	5	22	0.545455
10	4	17	0.588235
12	5	21	0.571429
7	5	14	0.5
7	5	14	0.5
41	1	113	0.362832
16	1	38	0.421053
9	5	26	0.346154
16	1	29	0.551724
0	5	0	0
7	5	14	0.5
12	1	26	0.461538
19	1	36	0.527778
6	5	10	0.6
0	5	0	0
6	4	10	0.6
8	5	15	0.533333
6	5	10	0.6
5	5	9	0.555556
12	1	23	0.521739
5	5	9	0.555556
8	5	13	0.615385
0	1	3	0
38	1	112	0.339286
6	5	10	0.6
6	5	11	0.545455
7	1	15	0.466667
9	2	16	0.5625
17	1	32	0.53125
12	4	21	0.571429
7	5	14	0.5
9	5	25	0.36
6	5	8	0.75
11	5	19	0.578947
5	5	9	0.555556
14	5	27	0.518519
8	5	18	0.444444
8	5	22	0.363636
6	5	14	0.428571
6	5	10	0.6
9	5	18	0.5
29	1	79	0.367089
17	5	37	0.459459
33	1	60	0.55
9	3	32	0.28125
26	5	51	0.509804
9	5	25	0.36
87	5	133	0.654135
0	5	0	0
7	5	12	0.583333
5	5	10	0.5
6	5	12	0.5
7	5	13	0.538462
23	2	37	0.621622
11	1	26	0.423077
16	1	30	0.533333
6	5	13	0.461538
6	2	27	0.222222
11	5	21	0.52381
6	5	12	0.5
8	5	16	0.5
5	5	10	0.5
12	2	21	0.571429
10	5	20	0.5
7	5	12	0.583333
6	5	9	0.666667
8	5	16	0.5
17	1	35	0.485714
11	4	15	0.733333
39	1	80	0.4875
27	1	67	0.402985
27	5	49	0.55102
28	5	53	0.528302
74	1	217	0.341014
51	1	135	0.377778
117	1	260	0.45
12	1	23	0.521739
29	1	80	0.3625
18	1	46	0.391304
55	5	81	0.679012
15	1	41	0.365854
25	5	40	0.625
17	1	47	0.361702
56	5	74	0.756757
41	5	61	0.672131
36	1	94	0.382979
29	1	61	0.47541
22	5	31	0.709677
53	5	82	0.646341
39	5	58	0.672414
22	1	105	0.209524
34	1	116	0.293103
33	2	98	0.336735
0	1	3	0
23	4	30	0.766667
18	1	47	0.382979
7	3	30	0.233333
5	2	23	0.217391
17	5	24	0.708333
20	5	30	0.666667
20	5	26	0.769231
12	1	40	0.3
10	3	24	0.416667
19	1	44	0.431818
21	5	28	0.75
0	5	1	0
15	5	20	0.75
38	5	50	0.76
10	1	43	0.232558
1	5	2	0.5
20	5	27	0.740741
73	4	95	0.768421
101	5	170	0.594118
68	5	97	0.701031
52	5	69	0.753623
11	5	16	0.6875
5	1	31	0.16129
17	5	24	0.708333
20	4	27	0.740741
75	5	119	0.630252
12	4	16	0.75
19	1	61	0.311475
38	5	47	0.808511
17	5	23	0.73913
17	5	23	0.73913
17	5	22	0.772727
20	1	50	0.4
12	4	16	0.75
14	1	29	0.482759
5	3	9	0.555556
17	5	23	0.73913
19	5	25	0.76
14	4	18	0.777778
17	5	23	0.73913
15	4	20	0.75
21	5	28	0.75
14	1	46	0.304348
11	1	50	0.22
14	5	19	0.736842
14	5	19	0.736842
20	5	26	0.769231
16	5	21	0.761905
18	1	39	0.461538
21	5	27	0.777778
14	5	17	0.823529
18	5	24	0.75
14	4	18	0.777778
12	5	15	0.8
12	5	16	0.75
16	5	21	0.761905
6	2	31	0.193548
12	5	15	0.8
16	5	20	0.8
12	5	16	0.75
9	4	11	0.818182
17	5	22	0.772727
16	5	20	0.8
12	5	16	0.75
12	5	16	0.75
67	5	117	0.57265
17	5	23	0.73913
10	5	15	0.666667
0	5	0	0
9	4	11	0.818182
15	4	19	0.789474
17	5	24	0.708333
0	3	0	0
14	5	19	0.736842
12	5	15	0.8
7	1	24	0.291667
7	5	9	0.777778
10	5	11	0.909091
21	1	45	0.466667
10	4	12	0.833333
12	5	15	0.8
0	1	3	0
18	1	54	0.333333
11	5	12	0.916667
9	4	10	0.9
19	1	36	0.527778
136	5	215	0.632558
11	4	13	0.846154
27	5	37	0.72973
21	4	38	0.552632
19	1	39	0.487179
10	1	26	0.384615
16	5	20	0.8
13	5	16	0.8125
34	5	56	0.607143
13	4	16	0.8125
13	5	17	0.764706
16	5	20	0.8
11	1	28	0.392857
16	5	21	0.761905
8	4	11	0.727273
13	5	17	0.764706
13	1	35	0.371429
20	1	36	0.555556
19	5	28	0.678571
23	4	29	0.793103
11	5	16	0.6875
9	5	11	0.818182
114	5	172	0.662791
14	5	21	0.666667
11	5	14	0.785714
11	4	15	0.733333
12	5	16	0.75
12	5	15	0.8
15	5	19	0.789474
13	5	16	0.8125
16	1	37	0.432432
12	5	15	0.8
10	5	12	0.833333
16	5	20	0.8
0	5	0	0
12	5	15	0.8
15	5	21	0.714286
9	3	13	0.692308
26	5	34	0.764706
8	4	11	0.727273
16	5	22	0.727273
26	5	34	0.764706
15	5	20	0.75
15	5	20	0.75
12	5	18	0.666667
17	5	23	0.73913
12	5	16	0.75
10	5	13	0.769231
17	1	32	0.53125
12	5	15	0.8
32	5	51	0.627451
12	5	15	0.8
16	5	22	0.727273
18	5	25	0.72
35	5	53	0.660377
22	5	29	0.758621
13	5	16	0.8125
19	5	24	0.791667
27	5	36	0.75
15	5	20	0.75
29	1	50	0.58
14	5	23	0.608696
0	5	0	0
27	5	34	0.794118
19	5	24	0.791667
17	5	22	0.772727
11	4	14	0.785714
14	5	19	0.736842
34	5	45	0.755556
12	5	15	0.8
49	5	70	0.7
146	5	194	0.752577
21	1	52	0.403846
17	5	25	0.68
12	5	16	0.75
16	5	21	0.761905
15	5	20	0.75
15	5	18	0.833333
16	4	26	0.615385
14	5	18	0.777778
33	5	65	0.507692
39	5	78	0.5
14	5	18	0.777778
16	5	20	0.8
36	1	59	0.610169
13	5	16	0.8125
19	5	32	0.59375
258	5	417	0.618705
273	5	430	0.634884
141	1	451	0.312639
