21	5	41	0.512195
34	5	52	0.653846
27	1	56	0.482143
14	4	22	0.636364
21	1	45	0.466667
9	5	21	0.428571
42	1	76	0.552632
44	1	76	0.578947
46	1	72	0.638889
25	1	47	0.531915
23	1	41	0.560976
19	1	45	0.422222
25	1	51	0.490196
15	3	24	0.625
33	1	54	0.611111
11	5	25	0.44
5	4	13	0.384615
13	5	25	0.52
13	5	26	0.5
12	1	27	0.444444
15	1	32	0.46875
13	4	21	0.619048
16	1	42	0.380952
9	5	18	0.5
10	5	25	0.4
16	1	33	0.484848
9	4	14	0.642857
11	5	25	0.44
18	1	36	0.5
18	5	38	0.473684
21	1	41	0.512195
14	5	28	0.5
8	5	24	0.333333
11	5	36	0.305556
16	1	33	0.484848
8	5	19	0.421053
17	1	35	0.485714
15	5	25	0.6
11	2	20	0.55
73	5	89	0.820225
22	2	32	0.6875
89	5	112	0.794643
13	5	26	0.5
12	5	21	0.571429
16	1	38	0.421053
10	5	23	0.434783
13	1	33	0.393939
11	5	17	0.647059
12	1	37	0.324324
16	5	25	0.64
22	4	31	0.709677
8	2	32	0.25
17	1	40	0.425
10	5	18	0.555556
18	1	34	0.529412
11	1	22	0.5
7	2	17	0.411765
8	5	19	0.421053
12	1	31	0.387097
7	5	14	0.5
18	2	25	0.72
7	5	15	0.466667
13	1	27	0.481481
15	1	40	0.375
17	1	40	0.425
16	5	32	0.5
5	5	13	0.384615
7	5	19	0.368421
21	1	33	0.636364
19	1	42	0.452381
10	2	37	0.27027
27	1	53	0.509434
10	4	21	0.47619
17	1	44	0.386364
5	3	22	0.227273
12	5	29	0.413793
8	5	22	0.363636
9	5	31	0.290323
6	5	25	0.24
6	5	22	0.272727
24	1	39	0.615385
20	1	37	0.540541
20	2	33	0.606061
2	5	12	0.166667
6	5	23	0.26087
9	5	21	0.428571
31	1	56	0.553571
5	4	19	0.263158
23	1	41	0.560976
22	2	35	0.628571
5	1	23	0.217391
5	5	23	0.217391
15	1	26	0.576923
19	1	30	0.633333
16	1	26	0.615385
7	5	24	0.291667
5	4	26	0.192308
12	5	26	0.461538
18	1	32	0.5625
17	1	32	0.53125
17	1	32	0.53125
7	5	26	0.269231
11	5	28	0.392857
5	5	17	0.294118
19	1	32	0.59375
21	1	36	0.583333
19	1	33	0.575758
20	1	46	0.434783
17	1	38	0.447368
26	1	53	0.490566
16	4	32	0.5
11	1	22	0.5
10	1	20	0.5
9	5	24	0.375
7	5	20	0.35
12	1	27	0.444444
8	5	30	0.266667
9	5	25	0.36
6	5	23	0.26087
9	5	23	0.391304
9	5	28	0.321429
13	2	20	0.65
11	5	30	0.366667
24	1	40	0.6
12	5	35	0.342857
15	1	31	0.483871
5	5	16	0.3125
9	5	23	0.391304
3	4	16	0.1875
45	1	64	0.703125
7	5	17	0.411765
4	5	14	0.285714
4	5	14	0.285714
12	1	24	0.5
5	5	19	0.263158
8	5	24	0.333333
13	2	26	0.5
1	3	9	0.111111
3	2	10	0.3
9	5	18	0.5
8	5	21	0.380952
12	1	26	0.461538
8	5	20	0.4
28	1	45	0.622222
19	2	28	0.678571
22	1	47	0.468085
9	5	22	0.409091
19	1	39	0.487179
11	5	28	0.392857
20	1	36	0.555556
13	1	29	0.448276
13	1	27	0.481481
7	4	17	0.411765
18	1	33	0.545455
13	3	23	0.565217
29	1	50	0.58
10	1	21	0.47619
23	1	43	0.534884
18	1	36	0.5
17	1	31	0.548387
9	1	22	0.409091
7	5	18	0.388889
8	2	13	0.615385
10	1	24	0.416667
10	2	18	0.555556
6	5	22	0.272727
6	1	14	0.428571
5	2	12	0.416667
10	5	23	0.434783
23	1	36	0.638889
10	1	18	0.555556
6	5	13	0.461538
9	5	20	0.45
8	5	18	0.444444
6	5	17	0.352941
17	1	29	0.586207
11	3	19	0.578947
7	5	18	0.388889
10	1	20	0.5
3	5	17	0.176471
11	1	21	0.52381
12	1	22	0.545455
13	2	19	0.684211
6	5	21	0.285714
14	1	24	0.583333
10	1	19	0.526316
10	1	18	0.555556
2	4	10	0.2
3	5	15	0.2
2	5	11	0.181818
10	1	19	0.526316
8	5	29	0.275862
16	1	27	0.592593
14	1	25	0.56
6	1	14	0.428571
6	5	11	0.545455
95	5	224	0.424107
17	1	35	0.485714
9	1	21	0.428571
11	1	26	0.423077
8	5	27	0.296296
11	1	22	0.5
5	5	20	0.25
25	1	42	0.595238
5	4	16	0.3125
20	1	35	0.571429
9	5	23	0.391304
11	1	22	0.5
20	1	31	0.645161
15	1	28	0.535714
4	4	8	0.5
14	1	24	0.583333
4	5	15	0.266667
2	5	19	0.105263
7	5	17	0.411765
1	3	10	0.1
2	5	15	0.133333
5	5	14	0.357143
2	5	11	0.181818
5	5	16	0.3125
2	5	15	0.133333
4	5	19	0.210526
45	1	62	0.725806
17	1	28	0.607143
21	1	34	0.617647
22	1	38	0.578947
22	1	32	0.6875
5	5	16	0.3125
17	1	26	0.653846
6	5	15	0.4
15	1	24	0.625
13	1	23	0.565217
15	1	25	0.6
9	1	19	0.473684
17	2	22	0.772727
3	5	12	0.25
6	5	18	0.333333
10	1	18	0.555556
4	5	19	0.210526
16	1	27	0.592593
5	5	10	0.5
12	2	22	0.545455
5	5	13	0.384615
1	5	3	0.333333
7	2	13	0.538462
3	5	20	0.15
25	1	39	0.641026
5	5	20	0.25
6	5	28	0.214286
5	5	16	0.3125
15	1	25	0.6
21	1	33	0.636364
23	1	34	0.676471
2	5	14	0.142857
31	1	46	0.673913
26	1	39	0.666667
22	1	35	0.628571
4	5	13	0.307692
24	1	41	0.585366
12	5	38	0.315789
30	1	50	0.6
7	5	27	0.259259
10	1	17	0.588235
18	1	30	0.6
1	4	3	0.333333
14	1	23	0.608696
7	5	24	0.291667
24	1	35	0.685714
10	1	18	0.555556
8	2	18	0.444444
13	1	21	0.619048
34	1	53	0.641509
5	5	29	0.172414
38	1	56	0.678571
20	1	31	0.645161
10	5	26	0.384615
24	1	38	0.631579
13	2	25	0.52
26	1	38	0.684211
35	1	51	0.686275
32	1	47	0.680851
31	1	50	0.62
6	2	13	0.461538
5	3	10	0.5
17	5	26	0.653846
34	4	76	0.447368
7	2	19	0.368421
22	1	35	0.628571
23	1	36	0.638889
3	5	23	0.130435
36	1	52	0.692308
41	1	60	0.683333
4	5	14	0.285714
7	2	23	0.304348
11	5	30	0.366667
7	5	22	0.318182
21	1	33	0.636364
5	5	19	0.263158
10	4	22	0.454545
9	1	21	0.428571
155	1	260	0.596154
22	1	37	0.594595
9	1	24	0.375
19	1	32	0.59375
16	1	36	0.444444
6	5	15	0.4
9	1	19	0.473684
10	1	32	0.3125
11	1	29	0.37931
6	5	16	0.375
7	5	19	0.368421
7	1	13	0.538462
4	5	7	0.571429
8	1	21	0.380952
11	5	22	0.5
11	5	22	0.5
7	3	23	0.304348
17	1	36	0.472222
13	5	22	0.590909
10	1	29	0.344828
14	1	33	0.424242
10	5	24	0.416667
16	1	32	0.5
10	5	23	0.434783
6	1	25	0.24
7	1	17	0.411765
5	1	16	0.3125
6	5	15	0.4
11	4	21	0.52381
15	1	27	0.555556
14	1	30	0.466667
8	5	20	0.4
8	5	17	0.470588
11	1	24	0.458333
7	5	14	0.5
7	5	15	0.466667
1	1	4	0.25
4	5	10	0.4
17	2	24	0.708333
9	1	15	0.6
8	5	20	0.4
7	5	18	0.388889
14	1	27	0.518519
7	5	18	0.388889
10	5	22	0.454545
11	5	19	0.578947
14	1	25	0.56
9	1	15	0.6
5	5	15	0.333333
11	1	21	0.52381
21	1	33	0.636364
6	1	13	0.461538
2	3	10	0.2
19	5	31	0.612903
7	3	14	0.5
4	5	15	0.266667
9	1	20	0.45
7	1	14	0.5
5	1	10	0.5
7	1	14	0.5
7	5	17	0.411765
5	4	13	0.384615
4	3	6	0.666667
14	1	25	0.56
11	1	21	0.52381
9	1	21	0.428571
10	1	18	0.555556
10	5	19	0.526316
23	5	36	0.638889
12	5	22	0.545455
23	1	40	0.575
20	1	38	0.526316
11	1	22	0.5
27	1	39	0.692308
5	5	13	0.384615
8	5	14	0.571429
3	1	13	0.230769
8	1	23	0.347826
13	1	28	0.464286
6	1	18	0.333333
1	2	8	0.125
13	3	19	0.684211
1	2	6	0.166667
149	5	347	0.429395
4	2	13	0.307692
7	1	21	0.333333
10	1	21	0.47619
11	1	22	0.5
9	1	21	0.428571
10	5	14	0.714286
6	1	12	0.5
4	1	13	0.307692
9	1	17	0.529412
9	5	14	0.642857
7	1	14	0.5
6	4	13	0.461538
10	4	17	0.588235
9	1	19	0.473684
4	2	12	0.333333
11	1	23	0.478261
8	1	15	0.533333
9	5	19	0.473684
5	1	15	0.333333
8	1	19	0.421053
13	5	18	0.722222
12	5	20	0.6
45	2	71	0.633803
8	1	23	0.347826
12	1	38	0.315789
5	5	14	0.357143
14	1	25	0.56
9	5	14	0.642857
11	1	21	0.52381
20	1	35	0.571429
9	2	14	0.642857
3	3	10	0.3
4	5	22	0.181818
15	1	24	0.625
19	1	32	0.59375
16	1	27	0.592593
6	5	13	0.461538
9	5	22	0.409091
21	1	40	0.525
5	4	13	0.384615
5	5	18	0.277778
51	1	84	0.607143
22	1	35	0.628571
19	1	32	0.59375
10	3	19	0.526316
18	2	29	0.62069
13	1	24	0.541667
6	5	20	0.3
15	1	26	0.576923
11	1	24	0.458333
14	1	25	0.56
19	1	32	0.59375
15	1	24	0.625
3	4	13	0.230769
13	1	23	0.565217
13	1	23	0.565217
14	1	25	0.56
10	5	18	0.555556
43	2	56	0.767857
7	5	11	0.636364
8	5	15	0.533333
12	5	21	0.571429
2	2	7	0.285714
13	1	23	0.565217
10	1	20	0.5
13	1	23	0.565217
7	5	20	0.35
7	1	17	0.411765
17	1	31	0.548387
12	1	23	0.521739
9	5	16	0.5625
9	1	17	0.529412
17	1	33	0.515152
10	5	27	0.37037
6	5	22	0.272727
10	1	18	0.555556
6	4	10	0.6
11	1	19	0.578947
8	1	19	0.421053
8	4	19	0.421053
7	5	13	0.538462
6	5	17	0.352941
10	5	20	0.5
7	1	21	0.333333
8	1	16	0.5
15	1	26	0.576923
1	5	2	0.5
13	1	26	0.5
0	2	2	0
13	1	24	0.541667
6	5	16	0.375
21	5	43	0.488372
14	5	24	0.583333
10	5	21	0.47619
12	5	24	0.5
20	1	32	0.625
12	1	22	0.545455
5	1	15	0.333333
17	1	39	0.435897
17	5	32	0.53125
15	1	27	0.555556
11	5	31	0.354839
12	1	24	0.5
10	5	32	0.3125
5	1	19	0.263158
7	1	17	0.411765
9	1	17	0.529412
6	1	19	0.315789
13	1	26	0.5
82	1	126	0.650794
19	5	36	0.527778
62	5	77	0.805195
16	1	35	0.457143
12	5	24	0.5
7	5	12	0.583333
25	1	47	0.531915
9	5	19	0.473684
7	2	19	0.368421
11	1	21	0.52381
4	4	5	0.8
10	4	20	0.5
9	5	19	0.473684
19	1	31	0.612903
7	5	20	0.35
9	5	23	0.391304
9	5	20	0.45
6	5	16	0.375
52	5	64	0.8125
11	1	24	0.458333
4	3	13	0.307692
7	1	14	0.5
20	1	34	0.588235
2	3	5	0.4
12	1	27	0.444444
32	1	56	0.571429
13	5	40	0.325
35	1	66	0.530303
24	5	52	0.461538
14	5	48	0.291667
25	1	41	0.609756
42	1	67	0.626866
24	1	55	0.436364
9	5	20	0.45
27	1	45	0.6
18	5	30	0.6
7	5	22	0.318182
7	1	17	0.411765
21	1	35	0.6
2	2	3	0.666667
6	5	12	0.5
9	1	19	0.473684
5	1	9	0.555556
99	1	184	0.538043
3	2	6	0.5
10	5	28	0.357143
7	1	15	0.466667
13	1	24	0.541667
12	5	22	0.545455
7	1	14	0.5
11	5	23	0.478261
8	1	21	0.380952
8	1	16	0.5
8	5	19	0.421053
20	1	34	0.588235
11	5	29	0.37931
12	1	25	0.48
20	1	40	0.5
9	5	21	0.428571
10	5	22	0.454545
17	1	41	0.414634
34	1	55	0.618182
19	5	36	0.527778
107	1	195	0.548718
11	5	22	0.5
3	5	7	0.428571
8	5	20	0.4
11	1	29	0.37931
19	1	36	0.527778
5	2	17	0.294118
13	1	24	0.541667
10	5	28	0.357143
14	1	27	0.518519
14	2	26	0.538462
17	1	40	0.425
20	5	43	0.465116
18	2	34	0.529412
19	1	40	0.475
22	5	37	0.594595
25	1	44	0.568182
15	1	32	0.46875
14	5	30	0.466667
15	1	34	0.441176
17	5	39	0.435897
18	5	38	0.473684
18	5	33	0.545455
12	1	26	0.461538
9	5	20	0.45
19	5	43	0.44186
19	1	38	0.5
16	1	33	0.484848
6	5	20	0.3
10	1	24	0.416667
16	1	31	0.516129
15	5	28	0.535714
22	1	40	0.55
12	1	27	0.444444
26	1	41	0.634146
9	1	21	0.428571
17	1	34	0.5
19	1	43	0.44186
15	5	38	0.394737
9	1	17	0.529412
12	2	30	0.4
13	1	21	0.619048
23	1	42	0.547619
16	4	24	0.666667
9	1	19	0.473684
18	1	39	0.461538
25	1	44	0.568182
1	1	4	0.25
9	1	17	0.529412
9	1	19	0.473684
7	4	18	0.388889
20	1	38	0.526316
11	5	25	0.44
26	2	36	0.722222
8	1	16	0.5
24	1	42	0.571429
3	5	9	0.333333
22	1	39	0.564103
30	1	52	0.576923
14	5	39	0.358974
27	1	42	0.642857
20	1	36	0.555556
18	1	32	0.5625
13	1	24	0.541667
12	4	23	0.521739
13	5	36	0.361111
18	5	38	0.473684
5	1	9	0.555556
13	5	28	0.464286
3	1	6	0.5
41	1	64	0.640625
19	1	36	0.527778
10	1	25	0.4
11	1	21	0.52381
5	3	13	0.384615
5	2	15	0.333333
14	5	24	0.583333
13	1	28	0.464286
2	1	7	0.285714
19	1	41	0.463415
1	5	3	0.333333
14	1	27	0.518519
7	1	13	0.538462
17	5	32	0.53125
8	1	27	0.296296
10	1	24	0.416667
16	5	30	0.533333
3	3	12	0.25
2	5	7	0.285714
8	5	18	0.444444
3	5	7	0.428571
18	1	31	0.580645
4	5	9	0.444444
17	2	26	0.653846
10	5	32	0.3125
8	5	20	0.4
16	2	23	0.695652
2	5	5	0.4
13	1	25	0.52
4	5	7	0.571429
10	1	18	0.555556
52	1	76	0.684211
3	3	11	0.272727
9	1	15	0.6
4	5	16	0.25
4	4	11	0.363636
9	1	17	0.529412
8	1	15	0.533333
9	1	15	0.6
12	1	19	0.631579
5	1	10	0.5
5	1	11	0.454545
4	1	9	0.444444
9	1	15	0.6
1	5	7	0.142857
4	5	14	0.285714
2	4	8	0.25
8	1	15	0.533333
1	5	4	0.25
8	1	16	0.5
2	1	6	0.333333
25	5	90	0.277778
55	1	87	0.632184
50	1	83	0.60241
21	5	48	0.4375
9	3	22	0.409091
1	4	8	0.125
0	2	5	0
0	5	1	0
17	1	27	0.62963
22	2	28	0.785714
6	4	23	0.26087
16	5	41	0.390244
21	1	34	0.617647
2	2	6	0.333333
4	5	7	0.571429
4	2	9	0.444444
6	2	12	0.5
16	1	33	0.484848
20	5	39	0.512821
9	5	32	0.28125
19	1	33	0.575758
9	5	25	0.36
10	5	19	0.526316
9	1	21	0.428571
4	4	7	0.571429
5	4	21	0.238095
8	1	15	0.533333
17	1	34	0.5
10	1	21	0.47619
7	1	19	0.368421
9	1	17	0.529412
21	1	39	0.538462
9	5	26	0.346154
18	1	34	0.529412
7	1	18	0.388889
0	5	1	0
0	5	1	0
4	5	22	0.181818
17	1	30	0.566667
5	4	26	0.192308
13	1	22	0.590909
2	5	5	0.4
5	5	8	0.625
2	1	7	0.285714
9	4	26	0.346154
2	5	4	0.5
12	5	28	0.428571
17	1	30	0.566667
6	5	10	0.6
4	5	9	0.444444
8	3	13	0.615385
2	5	6	0.333333
17	1	30	0.566667
1	5	4	0.25
19	4	33	0.575758
14	1	24	0.583333
31	1	50	0.62
37	1	54	0.685185
17	1	34	0.5
6	1	11	0.545455
12	5	31	0.387097
18	1	30	0.6
11	5	25	0.44
20	1	33	0.606061
9	2	21	0.428571
21	1	38	0.552632
7	5	26	0.269231
6	5	16	0.375
15	1	37	0.405405
4	3	9	0.444444
8	5	17	0.470588
7	5	16	0.4375
14	1	24	0.583333
3	3	7	0.428571
6	1	12	0.5
7	3	10	0.7
7	1	15	0.466667
7	1	14	0.5
5	1	12	0.416667
8	1	15	0.533333
3	5	12	0.25
6	5	10	0.6
3	5	9	0.333333
9	1	17	0.529412
3	5	8	0.375
9	1	15	0.6
6	1	11	0.545455
4	5	10	0.4
2	5	8	0.25
4	1	9	0.444444
5	1	10	0.5
3	5	6	0.5
5	5	10	0.5
3	1	7	0.428571
5	1	11	0.454545
5	1	11	0.454545
6	1	11	0.545455
3	1	6	0.5
5	1	11	0.454545
5	1	11	0.454545
4	5	9	0.444444
5	1	11	0.454545
2	5	6	0.333333
5	1	10	0.5
5	1	10	0.5
3	5	5	0.6
3	1	9	0.333333
3	1	7	0.428571
5	1	10	0.5
3	1	7	0.428571
3	4	8	0.375
5	1	12	0.416667
2	5	6	0.333333
6	1	12	0.5
4	5	8	0.5
3	5	5	0.6
2	5	4	0.5
8	4	12	0.666667
5	5	7	0.714286
1	3	5	0.2
2	5	4	0.5
3	1	9	0.333333
3	1	7	0.428571
3	5	5	0.6
6	5	9	0.666667
3	1	7	0.428571
4	1	10	0.4
4	1	9	0.444444
3	1	7	0.428571
3	1	6	0.5
3	1	7	0.428571
3	2	7	0.428571
3	5	5	0.6
4	5	6	0.666667
3	3	7	0.428571
3	1	7	0.428571
3	1	8	0.375
2	5	4	0.5
2	5	4	0.5
3	1	7	0.428571
2	5	4	0.5
2	5	4	0.5
3	5	5	0.6
3	1	9	0.333333
2	5	4	0.5
2	5	4	0.5
2	5	3	0.666667
2	5	4	0.5
2	5	4	0.5
18	5	48	0.375
2	5	4	0.5
2	4	4	0.5
3	5	6	0.5
2	5	4	0.5
3	5	5	0.6
113	1	184	0.61413
3	1	8	0.375
4	5	9	0.444444
3	2	6	0.5
3	2	4	0.75
2	5	5	0.4
3	1	6	0.5
2	5	5	0.4
4	1	9	0.444444
2	5	4	0.5
3	1	7	0.428571
3	1	7	0.428571
1	5	3	0.333333
1	5	3	0.333333
2	1	6	0.333333
2	5	4	0.5
3	1	8	0.375
1	4	3	0.333333
3	2	7	0.428571
3	1	6	0.5
2	5	4	0.5
0	5	2	0
1	5	4	0.25
2	5	4	0.5
2	1	6	0.333333
2	1	6	0.333333
1	5	3	0.333333
2	5	4	0.5
1	5	3	0.333333
3	5	5	0.6
2	1	7	0.285714
0	5	1	0
1	5	3	0.333333
1	1	5	0.2
0	4	2	0
7	4	11	0.636364
0	3	1	0
2	1	6	0.333333
2	1	8	0.25
1	5	2	0.5
2	1	5	0.4
79	5	100	0.79
1	3	3	0.333333
1	1	5	0.2
0	5	1	0
2	4	3	0.666667
3	5	7	0.428571
2	5	4	0.5
0	5	2	0
1	4	3	0.333333
2	1	5	0.4
117	1	274	0.427007
1	5	2	0.5
12	5	20	0.6
87	1	239	0.364017
1	5	2	0.5
3	5	5	0.6
13	5	18	0.722222
30	4	42	0.714286
8	5	16	0.5
26	5	39	0.666667
7	5	14	0.5
30	1	90	0.333333
13	2	32	0.40625
22	5	45	0.488889
20	5	40	0.5
9	5	21	0.428571
26	1	84	0.309524
47	5	78	0.602564
10	5	20	0.5
7	5	17	0.411765
10	5	19	0.526316
10	1	33	0.30303
32	1	79	0.405063
20	1	40	0.5
11	1	32	0.34375
14	5	32	0.4375
6	1	21	0.285714
8	3	16	0.5
2	5	7	0.285714
22	1	40	0.55
14	1	30	0.466667
35	1	57	0.614035
18	2	33	0.545455
7	1	34	0.205882
11	5	21	0.52381
3	1	7	0.428571
15	1	28	0.535714
77	4	152	0.506579
22	1	42	0.52381
12	5	27	0.444444
9	5	24	0.375
8	5	23	0.347826
13	5	21	0.619048
29	1	50	0.58
30	5	56	0.535714
17	5	45	0.377778
25	1	40	0.625
10	5	29	0.344828
6	5	11	0.545455
11	5	24	0.458333
9	5	20	0.45
11	5	21	0.52381
12	5	25	0.48
11	4	22	0.5
20	2	44	0.454545
25	1	37	0.675676
13	5	32	0.40625
8	5	18	0.444444
9	5	23	0.391304
7	5	17	0.411765
4	5	9	0.444444
12	5	25	0.48
43	1	69	0.623188
10	5	30	0.333333
9	5	20	0.45
4	5	6	0.666667
7	5	17	0.411765
5	5	8	0.625
4	3	8	0.5
6	5	11	0.545455
6	5	10	0.6
4	5	13	0.307692
9	5	18	0.5
8	5	15	0.533333
18	1	36	0.5
10	5	16	0.625
10	1	40	0.25
7	5	11	0.636364
16	1	40	0.4
5	5	9	0.555556
9	5	19	0.473684
8	5	14	0.571429
7	5	12	0.583333
8	5	16	0.5
7	5	16	0.4375
4	5	7	0.571429
5	5	9	0.555556
6	5	18	0.333333
15	1	37	0.405405
3	5	7	0.428571
8	5	11	0.727273
8	5	14	0.571429
4	5	6	0.666667
5	5	13	0.384615
12	5	21	0.571429
9	5	15	0.6
13	2	33	0.393939
4	5	6	0.666667
4	5	6	0.666667
4	5	11	0.363636
10	1	27	0.37037
5	5	15	0.333333
5	5	7	0.714286
1	5	2	0.5
8	5	17	0.470588
5	5	10	0.5
5	5	13	0.384615
6	5	17	0.352941
7	5	15	0.466667
7	5	14	0.5
9	5	13	0.692308
7	5	16	0.4375
7	5	16	0.4375
7	5	14	0.5
4	5	14	0.285714
5	5	11	0.454545
7	5	17	0.411765
9	5	14	0.642857
8	5	17	0.470588
51	5	63	0.809524
10	5	16	0.625
4	5	7	0.571429
7	5	12	0.583333
18	1	42	0.428571
11	1	24	0.458333
22	1	56	0.392857
11	1	26	0.423077
4	5	6	0.666667
11	5	17	0.647059
11	5	21	0.52381
9	1	22	0.409091
12	1	37	0.324324
11	1	27	0.407407
4	5	6	0.666667
4	5	6	0.666667
9	1	31	0.290323
21	1	36	0.583333
8	5	13	0.615385
19	3	28	0.678571
6	1	12	0.5
42	1	177	0.237288
10	5	22	0.454545
21	1	40	0.525
2	1	6	0.333333
6	1	14	0.428571
11	5	22	0.5
15	4	50	0.3
11	5	24	0.458333
4	1	17	0.235294
5	5	10	0.5
8	1	28	0.285714
3	4	9	0.333333
13	5	26	0.5
12	5	23	0.521739
49	1	143	0.342657
12	1	29	0.413793
14	5	30	0.466667
4	5	9	0.444444
8	5	19	0.421053
12	1	45	0.266667
9	1	19	0.473684
6	4	13	0.461538
20	1	34	0.588235
3	5	24	0.125
4	5	14	0.285714
11	5	20	0.55
3	4	10	0.3
6	1	16	0.375
6	5	16	0.375
11	1	17	0.647059
11	1	19	0.578947
14	1	23	0.608696
7	5	14	0.5
4	5	12	0.333333
19	1	33	0.575758
17	1	28	0.607143
3	5	8	0.375
12	1	21	0.571429
5	5	10	0.5
2	2	15	0.133333
2	2	13	0.153846
4	5	20	0.2
4	2	16	0.25
6	5	20	0.3
17	1	27	0.62963
60	1	126	0.47619
14	1	22	0.636364
6	5	15	0.4
10	2	16	0.625
1	4	3	0.333333
12	4	19	0.631579
8	1	16	0.5
24	1	38	0.631579
4	5	12	0.333333
56	1	130	0.430769
18	1	31	0.580645
7	5	23	0.304348
14	1	24	0.583333
11	5	24	0.458333
9	5	25	0.36
15	1	26	0.576923
25	1	37	0.675676
3	5	10	0.3
12	5	28	0.428571
4	5	7	0.571429
10	1	25	0.4
7	5	16	0.4375
17	1	31	0.548387
7	5	18	0.388889
9	4	18	0.5
13	1	25	0.52
10	1	17	0.588235
7	5	21	0.333333
7	5	17	0.411765
6	2	17	0.352941
29	1	47	0.617021
8	5	18	0.444444
6	5	17	0.352941
26	1	49	0.530612
18	1	29	0.62069
18	1	36	0.5
13	5	31	0.419355
9	1	14	0.642857
12	5	23	0.521739
7	5	17	0.411765
10	1	16	0.625
16	1	27	0.592593
25	1	39	0.641026
4	5	9	0.444444
23	1	37	0.621622
24	1	40	0.6
1	3	11	0.0909091
16	1	31	0.516129
24	5	63	0.380952
22	1	37	0.594595
31	1	47	0.659574
14	1	26	0.538462
31	1	48	0.645833
38	1	66	0.575758
5	5	11	0.454545
4	5	12	0.333333
8	5	21	0.380952
10	5	19	0.526316
14	1	25	0.56
4	5	14	0.285714
7	5	20	0.35
11	1	23	0.478261
8	5	21	0.380952
5	5	12	0.416667
4	5	10	0.4
12	1	22	0.545455
20	4	32	0.625
4	1	8	0.5
43	1	63	0.68254
14	5	29	0.482759
16	1	33	0.484848
11	5	28	0.392857
25	1	45	0.555556
21	1	39	0.538462
8	1	15	0.533333
24	1	39	0.615385
0	1	2	0
1	5	1	1
21	1	36	0.583333
6	3	8	0.75
25	1	39	0.641026
1	5	4	0.25
5	2	7	0.714286
17	1	28	0.607143
1	4	2	0.5
26	1	46	0.565217
6	5	14	0.428571
7	1	14	0.5
13	1	26	0.5
14	1	25	0.56
9	5	21	0.428571
5	1	11	0.454545
17	1	35	0.485714
15	1	24	0.625
6	5	21	0.285714
2	5	4	0.5
20	1	41	0.487805
10	1	24	0.416667
20	2	30	0.666667
14	5	22	0.636364
14	1	26	0.538462
14	5	28	0.5
18	5	35	0.514286
2	5	5	0.4
4	5	10	0.4
7	4	16	0.4375
4	1	9	0.444444
26	5	45	0.577778
13	1	21	0.619048
9	5	26	0.346154
3	5	6	0.5
6	3	7	0.857143
3	3	12	0.25
5	4	11	0.454545
8	5	14	0.571429
2	5	7	0.285714
2	5	3	0.666667
11	5	26	0.423077
7	5	18	0.388889
4	5	11	0.363636
10	5	26	0.384615
2	1	10	0.2
18	5	31	0.580645
52	1	77	0.675325
9	5	19	0.473684
5	5	22	0.227273
23	2	50	0.46
20	4	34	0.588235
44	1	91	0.483516
23	5	42	0.547619
30	5	48	0.625
25	5	46	0.543478
20	1	38	0.526316
18	1	35	0.514286
11	1	21	0.52381
42	1	107	0.392523
9	1	25	0.36
2	5	5	0.4
31	1	51	0.607843
23	1	37	0.621622
4	2	12	0.333333
24	1	42	0.571429
2	5	3	0.666667
3	4	8	0.375
31	1	50	0.62
12	1	25	0.48
6	2	18	0.333333
11	5	21	0.52381
9	5	14	0.642857
6	1	13	0.461538
10	5	20	0.5
15	1	31	0.483871
14	5	22	0.636364
12	5	17	0.705882
10	5	34	0.294118
32	1	50	0.64
19	1	35	0.542857
34	1	50	0.68
6	5	16	0.375
1	4	3	0.333333
10	5	28	0.357143
358	2	552	0.648551
20	1	34	0.588235
23	1	36	0.638889
4	1	9	0.444444
19	1	32	0.59375
76	5	150	0.506667
13	1	28	0.464286
16	1	31	0.516129
23	5	40	0.575
23	1	42	0.547619
8	5	16	0.5
17	5	32	0.53125
13	1	25	0.52
16	2	29	0.551724
13	1	30	0.433333
21	1	35	0.6
6	1	12	0.5
4	5	7	0.571429
6	5	16	0.375
7	1	20	0.35
11	5	17	0.647059
14	5	27	0.518519
3	2	4	0.75
2	1	6	0.333333
19	5	40	0.475
14	1	30	0.466667
33	1	78	0.423077
1	5	2	0.5
2	5	4	0.5
4	5	14	0.285714
11	1	22	0.5
4	2	9	0.444444
2	5	7	0.285714
3	5	5	0.6
7	5	17	0.411765
3	3	4	0.75
21	5	29	0.724138
6	1	15	0.4
15	5	22	0.681818
9	5	18	0.5
9	5	17	0.529412
4	5	12	0.333333
73	5	137	0.532847
13	5	22	0.590909
10	1	17	0.588235
21	1	62	0.33871
16	5	23	0.695652
112	5	140	0.8
10	2	25	0.4
17	1	40	0.425
13	5	22	0.590909
66	1	89	0.741573
7	1	19	0.368421
2	3	10	0.2
19	1	53	0.358491
25	5	43	0.581395
9	5	23	0.391304
4	1	13	0.307692
15	2	23	0.652174
29	1	59	0.491525
14	5	32	0.4375
15	1	34	0.441176
5	5	12	0.416667
3	5	12	0.25
20	1	43	0.465116
19	5	35	0.542857
44	1	84	0.52381
7	1	16	0.4375
26	1	63	0.412698
9	5	21	0.428571
8	1	15	0.533333
25	1	86	0.290698
13	5	27	0.481481
4	4	12	0.333333
18	5	32	0.5625
30	1	64	0.46875
9	5	21	0.428571
5	5	13	0.384615
4	5	12	0.333333
72	1	127	0.566929
17	1	50	0.34
21	1	33	0.636364
1	1	5	0.2
1	1	4	0.25
10	1	22	0.454545
21	1	41	0.512195
17	5	36	0.472222
0	1	2	0
2	5	3	0.666667
10	5	20	0.5
32	2	44	0.727273
12	5	28	0.428571
7	5	22	0.318182
11	1	26	0.423077
16	1	31	0.516129
9	1	17	0.529412
1	5	1	1
19	1	35	0.542857
1	1	8	0.125
7	5	26	0.269231
1	5	1	1
57	1	114	0.5
12	1	27	0.444444
0	1	4	0
4	5	9	0.444444
9	1	22	0.409091
5	1	16	0.3125
10	5	12	0.833333
21	1	41	0.512195
23	1	45	0.511111
21	1	35	0.6
4	1	9	0.444444
1	1	5	0.2
6	1	11	0.545455
4	5	12	0.333333
19	5	56	0.339286
25	1	40	0.625
17	1	28	0.607143
4	4	11	0.363636
6	5	19	0.315789
1	5	2	0.5
5	5	16	0.3125
15	1	29	0.517241
3	1	5	0.6
1	5	3	0.333333
23	1	37	0.621622
6	5	20	0.3
11	1	19	0.578947
15	1	29	0.517241
9	1	20	0.45
4	5	20	0.2
3	2	4	0.75
3	3	4	0.75
28	5	59	0.474576
5	5	13	0.384615
4	5	20	0.2
28	5	65	0.430769
7	5	28	0.25
16	1	28	0.571429
20	1	34	0.588235
0	3	3	0
27	1	46	0.586957
3	5	10	0.3
2	4	3	0.666667
4	5	15	0.266667
15	1	40	0.375
1	5	2	0.5
1	5	2	0.5
6	5	17	0.352941
8	5	18	0.444444
2	1	5	0.4
165	5	226	0.730088
1	5	2	0.5
7	5	19	0.368421
12	4	27	0.444444
33	1	51	0.647059
6	1	19	0.315789
2	2	3	0.666667
1	5	3	0.333333
0	1	2	0
28	1	50	0.56
12	5	21	0.571429
10	1	32	0.3125
15	1	37	0.405405
6	5	18	0.333333
10	3	12	0.833333
13	1	21	0.619048
6	4	21	0.285714
0	1	3	0
1	5	2	0.5
16	1	27	0.592593
11	1	31	0.354839
0	2	1	0
120	5	251	0.478088
18	5	41	0.439024
9	1	23	0.391304
2	1	6	0.333333
7	5	20	0.35
9	1	22	0.409091
1	5	2	0.5
0	1	3	0
12	2	23	0.521739
27	1	50	0.54
10	1	19	0.526316
8	1	14	0.571429
17	1	35	0.485714
8	5	25	0.32
21	2	33	0.636364
22	1	47	0.468085
15	5	30	0.5
14	5	33	0.424242
16	5	35	0.457143
0	1	2	0
16	1	31	0.516129
19	5	38	0.5
15	5	29	0.517241
12	1	31	0.387097
16	3	31	0.516129
4	3	13	0.307692
5	2	6	0.833333
8	5	25	0.32
20	1	50	0.4
2	4	4	0.5
10	4	18	0.555556
6	1	12	0.5
8	1	31	0.258065
10	5	24	0.416667
13	5	32	0.40625
8	5	13	0.615385
10	1	31	0.322581
1	5	2	0.5
0	1	2	0
0	1	2	0
9	5	25	0.36
8	5	24	0.333333
14	5	25	0.56
2	1	5	0.4
36	5	110	0.327273
15	5	22	0.681818
44	5	115	0.382609
0	1	3	0
9	1	31	0.290323
16	1	43	0.372093
7	1	27	0.259259
14	1	33	0.424242
14	5	24	0.583333
8	1	27	0.296296
3	1	7	0.428571
8	1	36	0.222222
11	5	18	0.611111
0	1	3	0
6	3	14	0.428571
2	5	3	0.666667
13	1	37	0.351351
5	1	28	0.178571
10	5	19	0.526316
26	1	65	0.4
90	2	146	0.616438
16	5	23	0.695652
29	1	66	0.439394
15	5	27	0.555556
0	5	0	0
23	5	33	0.69697
12	4	27	0.444444
1	5	2	0.5
17	5	27	0.62963
12	5	25	0.48
1	5	2	0.5
0	1	4	0
68	5	152	0.447368
0	1	3	0
30	1	94	0.319149
15	5	26	0.576923
1	5	2	0.5
13	5	30	0.433333
2	4	4	0.5
1	2	4	0.25
5	5	12	0.416667
15	5	24	0.625
3	4	9	0.333333
20	1	57	0.350877
16	5	27	0.592593
1	5	2	0.5
0	1	3	0
1	3	1	1
7	1	15	0.466667
10	1	45	0.222222
2	1	4	0.5
85	5	106	0.801887
6	5	10	0.6
0	1	2	0
17	5	28	0.607143
1	5	2	0.5
10	1	17	0.588235
9	1	18	0.5
4	1	8	0.5
1	5	2	0.5
2	5	6	0.333333
1	5	2	0.5
1	5	2	0.5
10	1	17	0.588235
58	5	72	0.805556
2	1	6	0.333333
2	5	4	0.5
4	1	9	0.444444
3	5	4	0.75
3	1	6	0.5
1	1	4	0.25
2	5	5	0.4
2	5	2	1
1	5	3	0.333333
1	1	4	0.25
2	1	4	0.5
3	1	7	0.428571
1	5	5	0.2
1	1	5	0.2
1	5	2	0.5
17	1	88	0.193182
1	1	4	0.25
1	5	2	0.5
1	5	2	0.5
1	1	4	0.25
2	5	4	0.5
1	5	2	0.5
7	1	14	0.5
2	4	4	0.5
1	1	4	0.25
1	5	2	0.5
2	1	6	0.333333
7	1	13	0.538462
5	3	8	0.625
3	1	7	0.428571
4	1	9	0.444444
1	3	2	0.5
36	5	58	0.62069
5	1	10	0.5
39	5	93	0.419355
5	1	10	0.5
2	5	7	0.285714
0	1	3	0
0	1	4	0
16	5	74	0.216216
181	5	352	0.514205
0	5	3	0
9	5	36	0.25
1	5	1	1
1	5	2	0.5
1	1	4	0.25
0	1	2	0
0	1	2	0
16	5	62	0.258065
1	1	3	0.333333
0	1	3	0
2	1	5	0.4
2	5	4	0.5
26	1	61	0.42623
0	1	2	0
1	5	1	1
3	1	7	0.428571
1	5	1	1
1	5	1	1
1	5	1	1
2	1	6	0.333333
1	5	1	1
2	5	2	1
0	1	3	0
0	1	3	0
0	1	3	0
1	5	2	0.5
1	5	2	0.5
1	1	4	0.25
79	1	155	0.509677
1	1	4	0.25
0	1	4	0
1	5	1	1
0	1	3	0
1	5	1	1
1	5	1	1
1	1	4	0.25
8	5	50	0.16
40	1	76	0.526316
0	1	3	0
2	1	5	0.4
0	1	3	0
0	5	0	0
0	1	5	0
1	5	2	0.5
11	5	35	0.314286
4	1	9	0.444444
5	1	11	0.454545
4	1	16	0.25
0	1	1	0
5	5	15	0.333333
11	1	26	0.423077
6	1	15	0.4
2	5	5	0.4
4	5	13	0.307692
0	5	0	0
4	5	8	0.5
1	5	2	0.5
63	5	78	0.807692
3	1	14	0.214286
5	1	13	0.384615
6	3	6	1
3	1	14	0.214286
7	5	25	0.28
0	1	2	0
39	4	54	0.722222
1	5	3	0.333333
0	5	0	0
2	5	3	0.666667
2	5	2	1
3	5	12	0.25
7	2	20	0.35
7	5	19	0.368421
4	5	8	0.5
3	4	9	0.333333
1	5	7	0.142857
8	5	20	0.4
2	5	3	0.666667
41	5	81	0.506173
0	5	0	0
1	5	2	0.5
3	5	14	0.214286
1	1	9	0.111111
3	1	10	0.3
6	1	11	0.545455
3	5	9	0.333333
7	4	7	1
3	1	11	0.272727
2	5	3	0.666667
0	1	4	0
0	1	3	0
0	4	0	0
2	5	6	0.333333
1	5	2	0.5
4	2	7	0.571429
3	5	4	0.75
4	3	6	0.666667
1	5	2	0.5
134	5	273	0.490842
27	5	57	0.473684
1	1	5	0.2
3	1	13	0.230769
1	5	3	0.333333
2	1	6	0.333333
3	5	3	1
1	5	2	0.5
4	5	5	0.8
2	1	7	0.285714
6	1	16	0.375
3	5	4	0.75
1	5	2	0.5
1	5	2	0.5
1	5	4	0.25
5	2	7	0.714286
1	5	2	0.5
1	5	2	0.5
2	5	3	0.666667
2	5	3	0.666667
1	5	3	0.333333
1	5	2	0.5
0	5	0	0
2	1	5	0.4
1	5	3	0.333333
6	1	10	0.6
4	1	9	0.444444
2	5	4	0.5
1	1	4	0.25
2	1	6	0.333333
1	5	5	0.2
3	5	5	0.6
0	5	0	0
1	5	4	0.25
4	1	13	0.307692
2	5	5	0.4
2	5	5	0.4
1	5	2	0.5
3	4	5	0.6
2	5	3	0.666667
2	1	7	0.285714
1	5	2	0.5
5	2	10	0.5
0	1	3	0
1	5	2	0.5
4	1	9	0.444444
2	5	3	0.666667
1	5	1	1
3	1	6	0.5
3	1	10	0.3
1	5	2	0.5
1	5	2	0.5
1	5	3	0.333333
2	5	3	0.666667
3	1	8	0.375
3	5	6	0.5
0	2	3	0
1	5	2	0.5
2	1	5	0.4
4	1	8	0.5
2	5	3	0.666667
1	1	4	0.25
2	5	2	1
0	5	0	0
2	1	6	0.333333
4	1	7	0.571429
4	4	7	0.571429
3	1	7	0.428571
3	1	8	0.375
3	1	7	0.428571
2	1	8	0.25
2	5	3	0.666667
1	5	2	0.5
3	1	7	0.428571
3	1	8	0.375
5	5	6	0.833333
100	5	216	0.462963
50	5	151	0.331126
2	1	6	0.333333
2	1	7	0.285714
38	5	110	0.345455
3	1	7	0.428571
6	5	11	0.545455
2	5	4	0.5
2	1	6	0.333333
2	1	8	0.25
1	5	1	1
1	5	2	0.5
4	1	8	0.5
2	5	4	0.5
219	5	442	0.495475
2	1	7	0.285714
3	1	7	0.428571
2	1	7	0.285714
4	1	9	0.444444
0	5	2	0
172	5	331	0.519637
1	1	4	0.25
3	1	8	0.375
2	1	6	0.333333
0	5	2	0
3	1	8	0.375
3	1	8	0.375
2	5	3	0.666667
3	5	6	0.5
3	1	7	0.428571
1	5	1	1
3	5	5	0.6
2	1	6	0.333333
3	1	8	0.375
1	5	4	0.25
1	5	4	0.25
4	1	8	0.5
2	5	3	0.666667
1	5	2	0.5
2	5	3	0.666667
98	1	247	0.396761
4	1	10	0.4
2	1	7	0.285714
125	1	281	0.44484
118	5	212	0.556604
52	1	128	0.40625
337	5	627	0.53748
2	1	7	0.285714
2	5	4	0.5
167	2	350	0.477143
12	1	22	0.545455
103	5	205	0.502439
84	5	171	0.491228
63	1	148	0.425676
53	1	142	0.373239
40	5	83	0.481928
75	1	215	0.348837
83	1	235	0.353191
48	5	104	0.461538
2	5	7	0.285714
79	1	249	0.317269
37	5	85	0.435294
43	5	139	0.309353
76	1	211	0.36019
5	1	13	0.384615
148	4	303	0.488449
61	5	129	0.472868
62	5	127	0.488189
7	5	15	0.466667
9	2	20	0.45
