21 5
34 5
27 1
14 4
21 1
9 5
42 1
44 1
46 1
25 1
23 1
19 1
25 1
15 3
33 1
11 5
5 4
13 5
13 5
12 1
15 1
13 4
16 1
9 5
10 5
16 1
9 4
11 5
18 1
18 5
21 1
14 5
8 5
11 5
16 1
8 5
17 1
15 5
11 2
73 5
22 2
89 5
13 5
12 5
16 1
10 5
13 1
11 5
12 1
16 5
22 4
8 2
17 1
10 5
18 1
11 1
7 2
8 5
12 1
7 5
18 2
7 5
13 1
15 1
17 1
16 5
5 5
7 5
21 1
19 1
10 2
27 1
10 4
17 1
5 3
12 5
8 5
9 5
6 5
6 5
24 1
20 1
20 2
2 5
6 5
9 5
31 1
5 4
23 1
22 2
5 1
5 5
15 1
19 1
16 1
7 5
5 4
12 5
18 1
17 1
17 1
7 5
11 5
5 5
19 1
21 1
19 1
20 1
17 1
26 1
16 4
11 1
10 1
9 5
7 5
12 1
8 5
9 5
6 5
9 5
9 5
13 2
11 5
24 1
12 5
15 1
5 5
9 5
3 4
45 1
7 5
4 5
4 5
12 1
5 5
8 5
13 2
1 3
3 2
9 5
8 5
12 1
8 5
28 1
19 2
22 1
9 5
19 1
11 5
20 1
13 1
13 1
7 4
18 1
13 3
29 1
10 1
23 1
18 1
17 1
9 1
7 5
8 2
10 1
10 2
6 5
6 1
5 2
10 5
23 1
10 1
6 5
9 5
8 5
6 5
17 1
11 3
7 5
10 1
3 5
11 1
12 1
13 2
6 5
14 1
10 1
10 1
2 4
3 5
2 5
10 1
8 5
16 1
14 1
6 1
6 5
95 5
17 1
9 1
11 1
8 5
11 1
5 5
25 1
5 4
20 1
9 5
11 1
20 1
15 1
4 4
14 1
4 5
2 5
7 5
1 3
2 5
5 5
2 5
5 5
2 5
4 5
45 1
17 1
21 1
22 1
22 1
5 5
17 1
6 5
15 1
13 1
15 1
9 1
17 2
3 5
6 5
10 1
4 5
16 1
5 5
12 2
5 5
1 5
7 2
3 5
25 1
5 5
6 5
5 5
15 1
21 1
23 1
2 5
31 1
26 1
22 1
4 5
24 1
12 5
30 1
7 5
10 1
18 1
1 4
14 1
7 5
24 1
10 1
8 2
13 1
34 1
5 5
38 1
20 1
10 5
24 1
13 2
26 1
35 1
32 1
31 1
6 2
5 3
17 5
34 4
7 2
22 1
23 1
3 5
36 1
41 1
4 5
7 2
11 5
7 5
21 1
5 5
10 4
9 1
155 1
22 1
9 1
19 1
16 1
6 5
9 1
10 1
11 1
6 5
7 5
7 1
4 5
8 1
11 5
11 5
7 3
17 1
13 5
10 1
14 1
10 5
16 1
10 5
6 1
7 1
5 1
6 5
11 4
15 1
14 1
8 5
8 5
11 1
7 5
7 5
1 1
4 5
17 2
9 1
8 5
7 5
14 1
7 5
10 5
11 5
14 1
9 1
5 5
11 1
21 1
6 1
2 3
19 5
7 3
4 5
9 1
7 1
5 1
7 1
7 5
5 4
4 3
14 1
11 1
9 1
10 1
10 5
23 5
12 5
23 1
20 1
11 1
27 1
5 5
8 5
3 1
8 1
13 1
6 1
1 2
13 3
1 2
149 5
4 2
7 1
10 1
11 1
9 1
10 5
6 1
4 1
9 1
9 5
7 1
6 4
10 4
9 1
4 2
11 1
8 1
9 5
5 1
8 1
13 5
12 5
45 2
8 1
12 1
5 5
14 1
9 5
11 1
20 1
9 2
3 3
4 5
15 1
19 1
16 1
6 5
9 5
21 1
5 4
5 5
51 1
22 1
19 1
10 3
18 2
13 1
6 5
15 1
11 1
14 1
19 1
15 1
3 4
13 1
13 1
14 1
10 5
43 2
7 5
8 5
12 5
2 2
13 1
10 1
13 1
7 5
7 1
17 1
12 1
9 5
9 1
17 1
10 5
6 5
10 1
6 4
11 1
8 1
8 4
7 5
6 5
10 5
7 1
8 1
15 1
1 5
13 1
0 2
13 1
6 5
21 5
14 5
10 5
12 5
20 1
12 1
5 1
17 1
17 5
15 1
11 5
12 1
10 5
5 1
7 1
9 1
6 1
13 1
82 1
19 5
62 5
16 1
12 5
7 5
25 1
9 5
7 2
11 1
4 4
10 4
9 5
19 1
7 5
9 5
9 5
6 5
52 5
11 1
4 3
7 1
20 1
2 3
12 1
32 1
13 5
35 1
24 5
14 5
25 1
42 1
24 1
9 5
27 1
18 5
7 5
7 1
21 1
2 2
6 5
9 1
5 1
99 1
3 2
10 5
7 1
13 1
12 5
7 1
11 5
8 1
8 1
8 5
20 1
11 5
12 1
20 1
9 5
10 5
17 1
34 1
19 5
107 1
11 5
3 5
8 5
11 1
19 1
5 2
13 1
10 5
14 1
14 2
17 1
20 5
18 2
19 1
22 5
25 1
15 1
14 5
15 1
17 5
18 5
18 5
12 1
9 5
19 5
19 1
16 1
6 5
10 1
16 1
15 5
22 1
12 1
26 1
9 1
17 1
19 1
15 5
9 1
12 2
13 1
23 1
16 4
9 1
18 1
25 1
1 1
9 1
9 1
7 4
20 1
11 5
26 2
8 1
24 1
3 5
22 1
30 1
14 5
27 1
20 1
18 1
13 1
12 4
13 5
18 5
5 1
13 5
3 1
41 1
19 1
10 1
11 1
5 3
5 2
14 5
13 1
2 1
19 1
1 5
14 1
7 1
17 5
8 1
10 1
16 5
3 3
2 5
8 5
3 5
18 1
4 5
17 2
10 5
8 5
16 2
2 5
13 1
4 5
10 1
52 1
3 3
9 1
4 5
4 4
9 1
8 1
9 1
12 1
5 1
5 1
4 1
9 1
1 5
4 5
2 4
8 1
1 5
8 1
2 1
25 5
55 1
50 1
21 5
9 3
1 4
0 2
0 5
17 1
22 2
6 4
16 5
21 1
2 2
4 5
4 2
6 2
16 1
20 5
9 5
19 1
9 5
10 5
9 1
4 4
5 4
8 1
17 1
10 1
7 1
9 1
21 1
9 5
18 1
7 1
0 5
0 5
4 5
17 1
5 4
13 1
2 5
5 5
2 1
9 4
2 5
12 5
17 1
6 5
4 5
8 3
2 5
17 1
1 5
19 4
14 1
31 1
37 1
17 1
6 1
12 5
18 1
11 5
20 1
9 2
21 1
7 5
6 5
15 1
4 3
8 5
7 5
14 1
3 3
6 1
7 3
7 1
7 1
5 1
8 1
3 5
6 5
3 5
9 1
3 5
9 1
6 1
4 5
2 5
4 1
5 1
3 5
5 5
3 1
5 1
5 1
6 1
3 1
5 1
5 1
4 5
5 1
2 5
5 1
5 1
3 5
3 1
3 1
5 1
3 1
3 4
5 1
2 5
6 1
4 5
3 5
2 5
8 4
5 5
1 3
2 5
3 1
3 1
3 5
6 5
3 1
4 1
4 1
3 1
3 1
3 1
3 2
3 5
4 5
3 3
3 1
3 1
2 5
2 5
3 1
2 5
2 5
3 5
3 1
2 5
2 5
2 5
2 5
2 5
18 5
2 5
2 4
3 5
2 5
3 5
113 1
3 1
4 5
3 2
3 2
2 5
3 1
2 5
4 1
2 5
3 1
3 1
1 5
1 5
2 1
2 5
3 1
1 4
3 2
3 1
2 5
0 5
1 5
2 5
2 1
2 1
1 5
2 5
1 5
3 5
2 1
0 5
1 5
1 1
0 4
7 4
0 3
2 1
2 1
1 5
2 1
79 5
1 3
1 1
0 5
2 4
3 5
2 5
0 5
1 4
2 1
117 1
1 5
12 5
87 1
1 5
3 5
13 5
30 4
8 5
26 5
7 5
30 1
13 2
22 5
20 5
9 5
26 1
47 5
10 5
7 5
10 5
10 1
32 1
20 1
11 1
14 5
6 1
8 3
2 5
22 1
14 1
35 1
18 2
7 1
11 5
3 1
15 1
77 4
22 1
12 5
9 5
8 5
13 5
29 1
30 5
17 5
25 1
10 5
6 5
11 5
9 5
11 5
12 5
11 4
20 2
25 1
13 5
8 5
9 5
7 5
4 5
12 5
43 1
10 5
9 5
4 5
7 5
5 5
4 3
6 5
6 5
4 5
9 5
8 5
18 1
10 5
10 1
7 5
16 1
5 5
9 5
8 5
7 5
8 5
7 5
4 5
5 5
6 5
15 1
3 5
8 5
8 5
4 5
5 5
12 5
9 5
13 2
4 5
4 5
4 5
10 1
5 5
5 5
1 5
8 5
5 5
5 5
6 5
7 5
7 5
9 5
7 5
7 5
7 5
4 5
5 5
7 5
9 5
8 5
51 5
10 5
4 5
7 5
18 1
11 1
22 1
11 1
4 5
11 5
11 5
9 1
12 1
11 1
4 5
4 5
9 1
21 1
8 5
19 3
6 1
42 1
10 5
21 1
2 1
6 1
11 5
15 4
11 5
4 1
5 5
8 1
3 4
13 5
12 5
49 1
12 1
14 5
4 5
8 5
12 1
9 1
6 4
20 1
3 5
4 5
11 5
3 4
6 1
6 5
11 1
11 1
14 1
7 5
4 5
19 1
17 1
3 5
12 1
5 5
2 2
2 2
4 5
4 2
6 5
17 1
60 1
14 1
6 5
10 2
1 4
12 4
8 1
24 1
4 5
56 1
18 1
7 5
14 1
11 5
9 5
15 1
25 1
3 5
12 5
4 5
10 1
7 5
17 1
7 5
9 4
13 1
10 1
7 5
7 5
6 2
29 1
8 5
6 5
26 1
18 1
18 1
13 5
9 1
12 5
7 5
10 1
16 1
25 1
4 5
23 1
24 1
1 3
16 1
24 5
22 1
31 1
14 1
31 1
38 1
5 5
4 5
8 5
10 5
14 1
4 5
7 5
11 1
8 5
5 5
4 5
12 1
20 4
4 1
43 1
14 5
16 1
11 5
25 1
21 1
8 1
24 1
0 1
1 5
21 1
6 3
25 1
1 5
5 2
17 1
1 4
26 1
6 5
7 1
13 1
14 1
9 5
5 1
17 1
15 1
6 5
2 5
20 1
10 1
20 2
14 5
14 1
14 5
18 5
2 5
4 5
7 4
4 1
26 5
13 1
9 5
3 5
6 3
3 3
5 4
8 5
2 5
2 5
11 5
7 5
4 5
10 5
2 1
18 5
52 1
9 5
5 5
23 2
20 4
44 1
23 5
30 5
25 5
20 1
18 1
11 1
42 1
9 1
2 5
31 1
23 1
4 2
24 1
2 5
3 4
31 1
12 1
6 2
11 5
9 5
6 1
10 5
15 1
14 5
12 5
10 5
32 1
19 1
34 1
6 5
1 4
10 5
358 2
20 1
23 1
4 1
19 1
76 5
13 1
16 1
23 5
23 1
8 5
17 5
13 1
16 2
13 1
21 1
6 1
4 5
6 5
7 1
11 5
14 5
3 2
2 1
19 5
14 1
33 1
1 5
2 5
4 5
11 1
4 2
2 5
3 5
7 5
3 3
21 5
6 1
15 5
9 5
9 5
4 5
73 5
13 5
10 1
21 1
16 5
112 5
10 2
17 1
13 5
66 1
7 1
2 3
19 1
25 5
9 5
4 1
15 2
29 1
14 5
15 1
5 5
3 5
20 1
19 5
44 1
7 1
26 1
9 5
8 1
25 1
13 5
4 4
18 5
30 1
9 5
5 5
4 5
72 1
17 1
21 1
1 1
1 1
10 1
21 1
17 5
0 1
2 5
10 5
32 2
12 5
7 5
11 1
16 1
9 1
1 5
19 1
1 1
7 5
1 5
57 1
12 1
0 1
4 5
9 1
5 1
10 5
21 1
23 1
21 1
4 1
1 1
6 1
4 5
19 5
25 1
17 1
4 4
6 5
1 5
5 5
15 1
3 1
1 5
23 1
6 5
11 1
15 1
9 1
4 5
3 2
3 3
28 5
5 5
4 5
28 5
7 5
16 1
20 1
0 3
27 1
3 5
2 4
4 5
15 1
1 5
1 5
6 5
8 5
2 1
165 5
1 5
7 5
12 4
33 1
6 1
2 2
1 5
0 1
28 1
12 5
10 1
15 1
6 5
10 3
13 1
6 4
0 1
1 5
16 1
11 1
0 2
120 5
18 5
9 1
2 1
7 5
9 1
1 5
0 1
12 2
27 1
10 1
8 1
17 1
8 5
21 2
22 1
15 5
14 5
16 5
0 1
16 1
19 5
15 5
12 1
16 3
4 3
5 2
8 5
20 1
2 4
10 4
6 1
8 1
10 5
13 5
8 5
10 1
1 5
0 1
0 1
9 5
8 5
14 5
2 1
36 5
15 5
44 5
0 1
9 1
16 1
7 1
14 1
14 5
8 1
3 1
8 1
11 5
0 1
6 3
2 5
13 1
5 1
10 5
26 1
90 2
16 5
29 1
15 5
0 5
23 5
12 4
1 5
17 5
12 5
1 5
0 1
68 5
0 1
30 1
15 5
1 5
13 5
2 4
1 2
5 5
15 5
3 4
20 1
16 5
1 5
0 1
1 3
7 1
10 1
2 1
85 5
6 5
0 1
17 5
1 5
10 1
9 1
4 1
1 5
2 5
1 5
1 5
10 1
58 5
2 1
2 5
4 1
3 5
3 1
1 1
2 5
2 5
1 5
1 1
2 1
3 1
1 5
1 1
1 5
17 1
1 1
1 5
1 5
1 1
2 5
1 5
7 1
2 4
1 1
1 5
2 1
7 1
5 3
3 1
4 1
1 3
36 5
5 1
39 5
5 1
2 5
0 1
0 1
16 5
181 5
0 5
9 5
1 5
1 5
1 1
0 1
0 1
16 5
1 1
0 1
2 1
2 5
26 1
0 1
1 5
3 1
1 5
1 5
1 5
2 1
1 5
2 5
0 1
0 1
0 1
1 5
1 5
1 1
79 1
1 1
0 1
1 5
0 1
1 5
1 5
1 1
8 5
40 1
0 1
2 1
0 1
0 5
0 1
1 5
11 5
4 1
5 1
4 1
0 1
5 5
11 1
6 1
2 5
4 5
0 5
4 5
1 5
63 5
3 1
5 1
6 3
3 1
7 5
0 1
39 4
1 5
0 5
2 5
2 5
3 5
7 2
7 5
4 5
3 4
1 5
8 5
2 5
41 5
0 5
1 5
3 5
1 1
3 1
6 1
3 5
7 4
3 1
2 5
0 1
0 1
0 4
2 5
1 5
4 2
3 5
4 3
1 5
134 5
27 5
1 1
3 1
1 5
2 1
3 5
1 5
4 5
2 1
6 1
3 5
1 5
1 5
1 5
5 2
1 5
1 5
2 5
2 5
1 5
1 5
0 5
2 1
1 5
6 1
4 1
2 5
1 1
2 1
1 5
3 5
0 5
1 5
4 1
2 5
2 5
1 5
3 4
2 5
2 1
1 5
5 2
0 1
1 5
4 1
2 5
1 5
3 1
3 1
1 5
1 5
1 5
2 5
3 1
3 5
0 2
1 5
2 1
4 1
2 5
1 1
2 5
0 5
2 1
4 1
4 4
3 1
3 1
3 1
2 1
2 5
1 5
3 1
3 1
5 5
100 5
50 5
2 1
2 1
38 5
3 1
6 5
2 5
2 1
2 1
1 5
1 5
4 1
2 5
219 5
2 1
3 1
2 1
4 1
0 5
172 5
1 1
3 1
2 1
0 5
3 1
3 1
2 5
3 5
3 1
1 5
3 5
2 1
3 1
1 5
1 5
4 1
2 5
1 5
2 5
98 1
4 1
2 1
125 1
118 5
52 1
337 5
2 1
2 5
167 2
12 1
103 5
84 5
63 1
53 1
40 5
75 1
83 1
48 5
2 5
79 1
37 5
43 5
76 1
5 1
148 4
61 5
62 5
7 5
9 2
