16 3
12 5
8 5
12 2
15 1
9 5
5 5
25 1
14 2
7 2
10 5
8 5
11 5
6 5
7 5
5 3
5 1
2 5
6 1
2 4
2 4
3 4
5 4
2 5
4 1
10 1
3 4
1 4
3 1
15 1
14 1
9 1
5 5
17 1
19 1
4 5
10 5
15 1
12 5
9 5
8 1
3 1
6 1
5 1
48 1
8 5
10 1
4 5
2 5
4 1
7 1
10 1
0 1
4 1
6 1
8 1
6 1
4 5
6 1
6 1
7 1
5 5
6 4
15 1
10 1
15 1
6 1
6 1
11 4
10 1
10 5
13 1
6 5
7 1
6 1
2 1
8 1
4 5
3 1
4 1
3 5
12 2
2 1
2 3
12 1
8 4
15 5
15 1
14 1
21 1
2 5
3 3
13 5
9 5
7 5
7 5
5 3
12 2
4 5
8 5
7 1
9 5
9 3
9 5
12 4
12 1
8 5
8 5
13 5
6 5
9 2
8 1
2 5
2 1
2 1
4 1
5 1
3 2
5 1
14 5
7 5
5 1
7 5
8 1
32 5
32 1
31 1
13 3
27 1
87 1
24 1
7 5
12 3
105 1
24 2
64 4
14 4
16 3
6 5
8 1
57 1
24 1
17 4
394 1
13 5
46 1
17 5
11 5
10 4
202 1
5 5
110 1
51 2
119 1
10 1
12 1
3 5
22 1
6 5
8 5
7 5
11 5
23 1
14 5
21 2
15 2
28 1
22 2
81 1
20 2
24 1
12 5
3 3
7 3
11 1
16 4
10 4
11 5
10 1
5 3
11 5
13 1
14 5
12 1
9 5
16 5
6 5
6 4
7 5
10 5
12 2
12 1
12 1
16 5
0 1
0 1
8 1
13 5
8 1
18 3
9 1
12 5
6 5
5 1
19 5
11 1
13 1
16 5
11 4
8 5
7 4
7 3
6 1
43 1
13 1
0 4
20 5
19 5
0 1
14 1
12 1
46 1
9 5
13 4
8 4
16 1
11 4
11 1
0 5
20 2
17 5
13 5
11 5
6 1
17 1
6 3
8 4
15 1
11 1
26 4
10 1
12 5
44 4
10 1
12 1
7 1
13 5
7 1
10 1
5 1
14 5
6 4
27 5
17 5
21 5
13 5
16 5
7 5
29 5
14 1
9 1
12 1
13 5
16 1
11 1
20 5
10 4
10 5
21 2
13 1
13 1
14 4
11 1
8 1
13 1
1 5
5 5
8 5
11 1
7 5
28 5
22 2
24 5
16 4
8 1
8 1
5 1
11 5
14 5
9 5
8 5
39 5
6 5
22 1
41 5
37 5
11 1
22 5
0 5
12 4
8 5
17 5
17 1
6 2
14 5
6 5
4 5
4 5
21 1
7 5
15 5
13 1
14 1
6 1
24 5
16 5
32 5
12 5
9 1
14 5
27 5
9 1
7 4
35 1
6 5
22 1
77 1
15 5
4 1
28 1
12 4
4 5
10 1
5 5
2 5
4 1
18 1
4 5
9 5
3 5
6 2
8 5
7 5
12 1
14 4
5 5
11 1
12 1
1 4
9 1
9 3
8 2
14 1
1 3
3 3
14 2
16 1
9 1
6 5
11 4
11 5
8 1
10 3
30 1
11 2
2 4
6 5
9 5
24 5
15 1
6 5
15 1
9 5
5 5
36 5
19 1
5 5
15 1
0 5
7 4
5 5
7 5
11 1
8 1
7 5
3 5
25 1
34 5
11 5
23 5
17 1
20 1
13 1
31 1
10 3
45 5
24 3
25 3
54 4
0 5
53 1
119 1
54 5
111 5
19 4
216 3
96 5
72 4
86 2
22 4
815 2
110 5
32 4
38 5
34 5
17 4
25 5
31 5
15 5
17 5
36 5
36 1
0 5
113 2
12 5
12 5
12 5
39 1
25 4
47 1
139 1
18 5
20 5
15 5
42 1
63 5
11 5
10 3
15 1
11 5
72 4
9 5
36 1
12 5
30 5
22 1
8 3
29 1
11 3
41 4
17 5
34 1
19 5
12 4
13 1
52 5
23 1
31 5
23 1
23 1
22 1
11 2
23 3
62 5
10 2
17 5
14 1
9 5
16 5
21 5
15 1
5 3
5 3
21 1
20 5
13 5
8 5
32 5
38 5
16 5
15 5
7 5
9 5
77 5
16 1
7 5
12 5
10 4
12 5
7 5
7 5
41 1
16 1
9 5
16 1
0 5
7 5
12 1
19 1
6 5
0 5
6 4
8 5
6 5
5 5
12 1
5 5
8 5
0 1
38 1
6 5
6 5
7 1
9 2
17 1
12 4
7 5
9 5
6 5
11 5
5 5
14 5
8 5
8 5
6 5
6 5
9 5
29 1
17 5
33 1
9 3
26 5
9 5
87 5
0 5
7 5
5 5
6 5
7 5
23 2
11 1
16 1
6 5
6 2
11 5
6 5
8 5
5 5
12 2
10 5
7 5
6 5
8 5
17 1
11 4
39 1
27 1
27 5
28 5
74 1
51 1
117 1
12 1
29 1
18 1
55 5
15 1
25 5
17 1
56 5
41 5
36 1
29 1
22 5
53 5
39 5
22 1
34 1
33 2
0 1
23 4
18 1
7 3
5 2
17 5
20 5
20 5
12 1
10 3
19 1
21 5
0 5
15 5
38 5
10 1
1 5
20 5
73 4
101 5
68 5
52 5
11 5
5 1
17 5
20 4
75 5
12 4
19 1
38 5
17 5
17 5
17 5
20 1
12 4
14 1
5 3
17 5
19 5
14 4
17 5
15 4
21 5
14 1
11 1
14 5
14 5
20 5
16 5
18 1
21 5
14 5
18 5
14 4
12 5
12 5
16 5
6 2
12 5
16 5
12 5
9 4
17 5
16 5
12 5
12 5
67 5
17 5
10 5
0 5
9 4
15 4
17 5
0 3
14 5
12 5
7 1
7 5
10 5
21 1
10 4
12 5
0 1
18 1
11 5
9 4
19 1
136 5
11 4
27 5
21 4
19 1
10 1
16 5
13 5
34 5
13 4
13 5
16 5
11 1
16 5
8 4
13 5
13 1
20 1
19 5
23 4
11 5
9 5
114 5
14 5
11 5
11 4
12 5
12 5
15 5
13 5
16 1
12 5
10 5
16 5
0 5
12 5
15 5
9 3
26 5
8 4
16 5
26 5
15 5
15 5
12 5
17 5
12 5
10 5
17 1
12 5
32 5
12 5
16 5
18 5
35 5
22 5
13 5
19 5
27 5
15 5
29 1
14 5
0 5
27 5
19 5
17 5
11 4
14 5
34 5
12 5
49 5
146 5
21 1
17 5
12 5
16 5
15 5
15 5
16 4
14 5
33 5
39 5
14 5
16 5
36 1
13 5
19 5
258 5
273 5
141 1
