1	5	2	0.5
3	5	4	0.75
1	5	2	0.5
1	5	2	0.5
0	5	1	0
2	5	3	0.666667
55	1	81	0.679012
2	5	3	0.666667
2	5	4	0.5
0	5	1	0
0	5	2	0
1	5	2	0.5
1	4	2	0.5
1	5	4	0.25
0	5	1	0
0	5	1	0
0	4	2	0
0	5	1	0
43	1	64	0.671875
1	5	2	0.5
5	3	10	0.5
2	5	3	0.666667
17	1	28	0.607143
1	5	2	0.5
0	5	1	0
0	5	1	0
0	5	1	0
0	5	3	0
1	5	2	0.5
5	3	10	0.5
2	5	4	0.5
2	5	4	0.5
78	2	115	0.678261
1	5	3	0.333333
0	5	1	0
1	5	2	0.5
0	5	1	0
0	5	1	0
0	5	1	0
0	5	1	0
0	5	1	0
1	4	2	0.5
0	5	1	0
0	5	1	0
0	5	1	0
0	5	1	0
0	5	1	0
0	5	0	0
0	5	0	0
0	5	0	0
0	4	0	0
2	3	4	0.5
0	5	0	0
0	5	0	0
0	4	0	0
2	5	2	1
0	5	2	0
4	5	6	0.666667
2	5	3	0.666667
0	5	7	0
4	5	4	1
1	4	1	1
3	5	3	1
4	4	8	0.5
2	5	2	1
1	4	1	1
1	5	2	0.5
1	5	2	0.5
2	5	3	0.666667
0	5	0	0
1	5	1	1
1	4	1	1
1	5	2	0.5
0	5	1	0
0	4	0	0
1	5	3	0.333333
0	5	2	0
1	4	3	0.333333
2	5	5	0.4
1	5	2	0.5
0	4	1	0
0	5	1	0
0	5	0	0
1	5	2	0.5
0	4	0	0
0	5	0	0
0	4	0	0
1	4	1	1
0	5	0	0
0	5	0	0
1	5	3	0.333333
19	1	31	0.612903
51	5	64	0.796875
0	5	1	0
0	5	1	0
0	5	0	0
0	5	0	0
0	4	0	0
0	5	0	0
0	5	2	0
3	3	4	0.75
4	3	4	1
2	5	3	0.666667
2	2	11	0.181818
12	1	28	0.428571
4	5	4	1
2	5	2	1
0	5	0	0
0	5	0	0
0	5	1	0
0	5	0	0
0	5	0	0
2	5	2	1
0	5	0	0
0	5	0	0
3	5	3	1
1	5	1	1
0	5	0	0
21	1	35	0.6
1	5	1	1
0	5	0	0
0	5	0	0
0	5	0	0
1	5	1	1
0	5	0	0
0	5	0	0
0	5	0	0
0	5	1	0
0	5	1	0
0	5	2	0
0	5	1	0
0	5	1	0
0	5	1	0
0	5	3	0
0	5	1	0
0	5	0	0
0	5	1	0
0	5	2	0
0	4	2	0
0	5	1	0
1	5	2	0.5
4	5	5	0.8
2	5	3	0.666667
1	4	2	0.5
1	3	2	0.5
0	5	1	0
0	5	0	0
0	5	1	0
0	5	0	0
0	5	0	0
0	5	0	0
0	5	0	0
0	5	0	0
0	4	1	0
2	4	3	0.666667
1	4	1	1
2	5	4	0.5
1	5	1	1
12	1	23	0.521739
0	5	0	0
1	5	1	1
1	4	2	0.5
3	5	3	1
0	5	0	0
1	5	2	0.5
0	5	0	0
0	5	0	0
0	5	0	0
0	5	0	0
1	4	1	1
0	3	9	0
0	5	0	0
0	5	1	0
0	5	1	0
0	5	0	0
0	5	0	0
0	5	0	0
0	5	0	0
24	1	37	0.648649
0	5	1	0
0	5	1	0
1	5	1	1
0	5	0	0
0	5	0	0
1	3	2	0.5
0	5	0	0
0	5	0	0
1	5	2	0.5
0	4	1	0
1	5	1	1
0	5	1	0
1	4	1	1
1	5	1	1
0	5	1	0
0	5	0	0
0	5	0	0
0	5	0	0
0	5	0	0
0	4	0	0
1	5	1	1
0	5	0	0
0	5	1	0
0	5	0	0
0	4	0	0
1	5	1	1
0	5	0	0
0	5	0	0
2	5	3	0.666667
0	5	0	0
0	5	0	0
6	3	15	0.4
0	5	0	0
0	5	0	0
22	1	32	0.6875
0	5	0	0
0	5	0	0
0	5	0	0
0	5	0	0
21	1	31	0.677419
0	5	1	0
1	5	2	0.5
0	5	0	0
0	5	0	0
0	5	0	0
0	5	0	0
0	5	0	0
0	5	0	0
0	5	0	0
0	5	0	0
0	5	0	0
0	5	0	0
0	5	1	0
0	5	0	0
0	4	0	0
1	5	1	1
1	5	1	1
0	5	0	0
1	5	1	1
0	5	0	0
0	5	0	0
21	1	31	0.677419
0	5	0	0
2	5	2	1
3	5	3	1
2	5	2	1
1	5	1	1
1	5	1	1
1	5	2	0.5
2	4	2	1
0	5	0	0
0	5	0	0
0	5	1	0
44	1	67	0.656716
0	5	1	0
0	5	0	0
0	5	0	0
0	5	0	0
0	5	0	0
0	5	0	0
1	5	1	1
0	5	0	0
1	5	1	1
33	1	56	0.589286
1	5	1	1
0	5	0	0
0	5	0	0
0	5	0	0
0	5	2	0
0	5	0	0
0	5	0	0
0	5	0	0
0	5	0	0
0	5	0	0
0	5	0	0
0	5	0	0
0	5	0	0
0	4	0	0
0	5	0	0
1	4	1	1
0	5	0	0
1	5	1	1
1	5	1	1
1	5	2	0.5
0	5	1	0
0	4	1	0
1	4	1	1
2	3	4	0.5
0	5	2	0
1	5	1	1
1	5	1	1
1	5	2	0.5
0	4	0	0
0	5	0	0
0	4	0	0
1	5	1	1
0	4	0	0
0	5	0	0
0	5	1	0
0	5	0	0
0	5	0	0
0	5	0	0
0	5	0	0
0	5	0	0
2	3	7	0.285714
0	5	2	0
0	5	1	0
0	5	0	0
0	5	0	0
0	5	1	0
0	5	1	0
0	5	0	0
1	5	1	1
1	5	1	1
1	5	1	1
0	5	0	0
9	5	10	0.9
0	4	0	0
3	4	5	0.6
0	5	0	0
0	5	0	0
0	5	0	0
0	5	0	0
2	4	2	1
28	1	41	0.682927
64	1	94	0.680851
2	4	2	1
3	5	4	0.75
1	5	1	1
5	4	9	0.555556
0	5	1	0
0	5	1	0
0	5	0	0
0	5	0	0
0	4	1	0
0	5	0	0
1	5	2	0.5
0	5	1	0
0	5	0	0
0	4	1	0
1	3	5	0.2
0	5	0	0
0	5	0	0
0	5	0	0
0	5	0	0
1	5	1	1
0	5	0	0
1	5	2	0.5
0	5	0	0
5	5	5	1
0	5	0	0
0	5	1	0
5	5	5	1
2	5	2	1
0	5	2	0
0	5	0	0
0	5	0	0
0	5	0	0
0	5	0	0
0	4	0	0
0	5	0	0
0	5	0	0
0	5	0	0
1	5	1	1
1	4	2	0.5
0	4	0	0
0	5	1	0
0	5	1	0
0	5	0	0
0	5	0	0
32	1	51	0.627451
0	5	2	0
1	5	3	0.333333
2	5	2	1
0	5	0	0
1	4	1	1
0	5	0	0
1	5	1	1
55	1	81	0.679012
0	5	0	0
0	5	1	0
0	5	0	0
1	5	4	0.25
0	5	0	0
0	5	0	0
1	5	1	1
6	5	6	1
17	1	28	0.607143
0	5	0	0
1	4	1	1
0	5	0	0
0	5	0	0
1	5	1	1
1	5	1	1
25	1	37	0.675676
0	5	0	0
0	5	0	0
0	5	0	0
0	5	0	0
0	5	0	0
0	5	0	0
5	3	8	0.625
2	4	2	1
0	5	0	0
8	1	17	0.470588
2	5	2	1
0	5	0	0
0	5	1	0
1	5	3	0.333333
96	5	114	0.842105
5	3	7	0.714286
2	5	2	1
0	5	1	0
0	5	0	0
4	5	4	1
0	5	0	0
0	5	0	0
0	5	0	0
1	5	1	1
0	5	0	0
3	5	3	1
15	5	18	0.833333
2	4	3	0.666667
5	5	7	0.714286
0	5	0	0
1	5	1	1
1	5	1	1
0	5	0	0
1	5	1	1
1	4	1	1
1	4	1	1
0	4	0	0
0	4	0	0
0	5	0	0
1	5	1	1
1	5	2	0.5
0	5	0	0
5	5	5	1
0	5	0	0
0	5	0	0
0	5	2	0
0	5	0	0
1	5	3	0.333333
2	5	3	0.666667
1	5	1	1
16	5	20	0.8
1	5	1	1
1	5	1	1
1	5	2	0.5
0	5	0	0
2	5	4	0.5
0	5	1	0
1	5	3	0.333333
34	5	42	0.809524
1	5	2	0.5
4	5	5	0.8
0	5	0	0
4	5	4	1
0	5	1	0
0	5	0	0
0	5	0	0
0	5	1	0
0	5	0	0
23	5	28	0.821429
0	5	9	0
3	5	3	1
0	5	0	0
0	5	0	0
3	5	4	0.75
0	5	1	0
2	5	2	1
0	4	0	0
9	3	12	0.75
0	5	0	0
1	5	2	0.5
0	5	0	0
1	4	1	1
1	5	4	0.25
2	5	2	1
0	5	0	0
0	5	0	0
0	5	0	0
1	5	1	1
0	5	0	0
0	5	1	0
0	5	1	0
0	5	1	0
0	4	1	0
0	5	0	0
4	5	4	1
0	5	1	0
2	5	3	0.666667
1	5	4	0.25
0	5	0	0
0	5	2	0
0	5	0	0
0	5	0	0
0	5	0	0
1	5	1	1
0	5	0	0
0	5	0	0
2	5	2	1
1	4	1	1
0	5	1	0
1	5	2	0.5
32	1	47	0.680851
0	4	0	0
0	3	3	0
1	5	3	0.333333
1	5	2	0.5
4	5	4	1
56	1	82	0.682927
1	4	1	1
1	5	4	0.25
1	5	1	1
2	5	2	1
2	4	2	1
4	5	4	1
0	5	0	0
0	5	1	0
0	5	1	0
65	5	83	0.783133
0	5	0	0
0	5	1	0
0	5	0	0
0	5	2	0
2	5	4	0.5
1	5	2	0.5
0	5	0	0
0	5	0	0
1	5	2	0.5
0	5	0	0
0	5	1	0
0	5	2	0
0	4	1	0
0	5	1	0
0	5	1	0
0	5	0	0
1	5	2	0.5
1	5	6	0.166667
0	5	2	0
1	5	1	1
0	5	2	0
8	5	9	0.888889
0	5	0	0
0	5	1	0
1	5	3	0.333333
0	5	1	0
0	5	1	0
0	5	4	0
0	5	1	0
0	5	0	0
0	5	0	0
1	5	2	0.5
0	5	0	0
1	5	2	0.5
0	5	4	0
0	4	0	0
1	5	3	0.333333
1	4	1	1
0	4	0	0
0	5	0	0
0	4	0	0
0	4	0	0
0	5	0	0
0	5	1	0
0	5	0	0
0	4	0	0
0	5	2	0
0	4	0	0
0	4	0	0
1	5	3	0.333333
0	4	0	0
0	4	1	0
0	4	0	0
0	4	0	0
0	4	0	0
0	5	0	0
0	4	0	0
0	5	1	0
0	5	0	0
1	5	1	1
0	5	0	0
0	5	1	0
1	5	3	0.333333
0	5	1	0
0	5	1	0
0	5	2	0
0	5	0	0
0	5	1	0
3	5	4	0.75
0	4	0	0
2	3	4	0.5
2	5	2	1
0	5	1	0
0	5	0	0
4	2	8	0.5
1	5	1	1
2	5	2	1
0	5	0	0
0	4	0	0
1	5	1	1
0	4	0	0
1	4	2	0.5
0	5	2	0
1	5	2	0.5
3	5	4	0.75
1	4	2	0.5
2	5	4	0.5
0	5	1	0
0	5	1	0
0	5	1	0
0	4	1	0
0	5	2	0
2	5	4	0.5
2	5	5	0.4
55	1	81	0.679012
2	5	3	0.666667
1	5	3	0.333333
1	4	3	0.333333
0	5	4	0
1	5	2	0.5
2	3	7	0.285714
12	5	14	0.857143
2	5	4	0.5
4	4	5	0.8
1	5	3	0.333333
0	5	3	0
0	5	4	0
2	5	4	0.5
1	5	2	0.5
2	5	3	0.666667
1	5	3	0.333333
1	5	3	0.333333
1	5	3	0.333333
5	5	7	0.714286
4	5	5	0.8
12	2	15	0.8
0	5	1	0
0	5	2	0
17	1	26	0.653846
2	5	3	0.666667
0	5	1	0
0	5	1	0
0	5	1	0
8	5	9	0.888889
8	5	9	0.888889
1	5	2	0.5
1	5	4	0.25
1	5	2	0.5
3	4	4	0.75
1	5	2	0.5
2	3	4	0.5
0	5	1	0
0	5	1	0
0	5	1	0
0	5	0	0
2	5	2	1
1	5	1	1
2	5	2	1
9	2	12	0.75
2	5	3	0.666667
1	2	2	0.5
1	5	1	1
2	5	4	0.5
2	5	4	0.5
17	1	33	0.515152
2	5	2	1
2	5	3	0.666667
2	5	3	0.666667
1	4	1	1
1	5	1	1
0	5	0	0
1	4	1	1
9	3	12	0.75
7	2	16	0.4375
0	5	0	0
2	5	3	0.666667
29	5	36	0.805556
2	5	2	1
1	4	1	1
1	5	1	1
4	3	9	0.444444
0	4	0	0
0	4	0	0
0	5	0	0
0	5	1	0
0	5	0	0
2	4	3	0.666667
0	5	0	0
1	5	2	0.5
0	5	0	0
0	5	0	0
3	5	3	1
0	5	0	0
2	5	2	1
11	5	13	0.846154
0	4	3	0
2	5	2	1
0	5	1	0
0	4	0	0
0	5	1	0
0	5	0	0
0	5	1	0
1	5	1	1
0	5	0	0
0	5	1	0
3	5	3	1
1	5	2	0.5
28	1	41	0.682927
0	5	1	0
2	5	2	1
1	5	1	1
6	5	6	1
0	5	1	0
1	5	1	1
1	5	1	1
1	5	1	1
1	5	1	1
8	5	9	0.888889
4	5	4	1
2	5	3	0.666667
3	5	4	0.75
1	5	1	1
2	5	4	0.5
0	5	0	0
1	5	2	0.5
72	1	121	0.595041
1	5	1	1
5	5	5	1
1	5	1	1
14	3	17	0.823529
1	4	2	0.5
3	4	4	0.75
1	5	4	0.25
1	5	1	1
2	5	3	0.666667
2	5	2	1
1	4	1	1
16	5	18	0.888889
1	5	1	1
27	5	33	0.818182
11	2	21	0.52381
5	5	6	0.833333
3	5	3	1
1	5	1	1
4	5	6	0.666667
1	5	2	0.5
2	5	2	1
2	5	2	1
2	5	3	0.666667
6	4	6	1
5	2	17	0.294118
1	4	4	0.25
16	5	19	0.842105
5	5	5	1
1	5	1	1
0	5	0	0
0	5	0	0
0	5	0	0
15	1	46	0.326087
1	5	3	0.333333
11	5	13	0.846154
5	5	5	1
18	5	21	0.857143
2	5	5	0.4
0	5	1	0
0	5	1	0
4	5	4	1
3	5	4	0.75
3	5	3	1
4	5	4	1
3	5	4	0.75
0	5	1	0
0	5	0	0
0	5	0	0
0	5	0	0
2	5	2	1
8	5	9	0.888889
7	3	10	0.7
1	5	3	0.333333
0	5	0	0
1	5	1	1
5	5	5	1
3	5	3	1
1	5	3	0.333333
0	5	0	0
1	5	2	0.5
2	5	2	1
2	5	2	1
0	5	0	0
1	5	2	0.5
1	5	1	1
0	5	0	0
1	5	1	1
1	5	1	1
0	5	0	0
0	5	1	0
0	5	0	0
0	5	0	0
0	4	0	0
0	5	2	0
1	5	1	1
1	5	2	0.5
0	5	1	0
0	5	0	0
0	5	0	0
1	5	2	0.5
0	5	2	0
2	5	3	0.666667
1	5	1	1
1	5	1	1
0	5	0	0
4	3	10	0.4
0	5	0	0
2	4	2	1
14	2	19	0.736842
1	5	10	0.1
9	5	10	0.9
0	5	0	0
6	3	6	1
0	5	0	0
2	5	2	1
0	5	0	0
37	5	46	0.804348
4	5	5	0.8
5	4	7	0.714286
4	5	4	1
1	5	1	1
0	5	0	0
0	5	0	0
0	5	1	0
0	5	0	0
0	4	0	0
1	5	2	0.5
4	5	4	1
2	5	2	1
0	5	0	0
1	5	3	0.333333
1	5	2	0.5
0	5	0	0
0	5	0	0
2	3	4	0.5
2	5	3	0.666667
1	5	2	0.5
0	5	1	0
8	5	9	0.888889
0	5	0	0
0	5	1	0
0	5	0	0
0	5	0	0
0	5	0	0
0	5	0	0
0	5	0	0
0	5	0	0
0	5	0	0
0	5	0	0
0	5	0	0
0	5	0	0
0	4	0	0
0	5	0	0
0	5	1	0
4	4	6	0.666667
0	5	0	0
0	5	1	0
0	3	1	0
0	5	0	0
6	2	11	0.545455
0	5	0	0
0	5	3	0
0	5	0	0
0	5	0	0
0	5	0	0
3	2	13	0.230769
0	5	0	0
0	5	0	0
0	5	0	0
0	5	0	0
0	5	0	0
0	5	1	0
0	5	0	0
0	5	0	0
1	3	1	1
0	4	0	0
0	5	0	0
11	5	12	0.916667
0	5	0	0
0	5	0	0
0	5	0	0
0	5	0	0
0	5	0	0
0	5	0	0
0	5	0	0
4	4	4	1
0	5	0	0
0	5	0	0
0	5	1	0
0	5	0	0
0	5	0	0
0	5	0	0
0	5	0	0
0	5	0	0
2	5	2	1
0	5	0	0
0	5	0	0
0	5	0	0
0	5	0	0
48	1	70	0.685714
0	5	0	0
0	5	0	0
0	5	0	0
0	5	0	0
0	5	0	0
5	2	9	0.555556
0	5	0	0
0	5	0	0
0	5	0	0
0	5	0	0
0	5	0	0
0	4	0	0
0	5	1	0
0	5	0	0
0	4	0	0
0	5	0	0
0	5	0	0
3	2	4	0.75
0	5	0	0
0	5	0	0
13	1	19	0.684211
0	5	1	0
0	5	0	0
3	1	13	0.230769
0	5	0	0
0	4	0	0
0	5	1	0
0	5	0	0
0	5	0	0
24	1	35	0.685714
0	5	0	0
0	5	0	0
0	5	1	0
0	5	0	0
0	5	0	0
0	5	0	0
6	1	14	0.428571
0	5	0	0
0	5	1	0
0	5	0	0
1	4	1	1
0	5	0	0
18	2	25	0.72
1	5	1	1
0	5	0	0
0	5	0	0
0	5	0	0
0	5	0	0
0	5	0	0
0	5	0	0
0	5	0	0
8	1	18	0.444444
0	5	0	0
