1 5
3 5
1 5
1 5
0 5
2 5
55 1
2 5
2 5
0 5
0 5
1 5
1 4
1 5
0 5
0 5
0 4
0 5
43 1
1 5
5 3
2 5
17 1
1 5
0 5
0 5
0 5
0 5
1 5
5 3
2 5
2 5
78 2
1 5
0 5
1 5
0 5
0 5
0 5
0 5
0 5
1 4
0 5
0 5
0 5
0 5
0 5
0 5
0 5
0 5
0 4
2 3
0 5
0 5
0 4
2 5
0 5
4 5
2 5
0 5
4 5
1 4
3 5
4 4
2 5
1 4
1 5
1 5
2 5
0 5
1 5
1 4
1 5
0 5
0 4
1 5
0 5
1 4
2 5
1 5
0 4
0 5
0 5
1 5
0 4
0 5
0 4
1 4
0 5
0 5
1 5
19 1
51 5
0 5
0 5
0 5
0 5
0 4
0 5
0 5
3 3
4 3
2 5
2 2
12 1
4 5
2 5
0 5
0 5
0 5
0 5
0 5
2 5
0 5
0 5
3 5
1 5
0 5
21 1
1 5
0 5
0 5
0 5
1 5
0 5
0 5
0 5
0 5
0 5
0 5
0 5
0 5
0 5
0 5
0 5
0 5
0 5
0 5
0 4
0 5
1 5
4 5
2 5
1 4
1 3
0 5
0 5
0 5
0 5
0 5
0 5
0 5
0 5
0 4
2 4
1 4
2 5
1 5
12 1
0 5
1 5
1 4
3 5
0 5
1 5
0 5
0 5
0 5
0 5
1 4
0 3
0 5
0 5
0 5
0 5
0 5
0 5
0 5
24 1
0 5
0 5
1 5
0 5
0 5
1 3
0 5
0 5
1 5
0 4
1 5
0 5
1 4
1 5
0 5
0 5
0 5
0 5
0 5
0 4
1 5
0 5
0 5
0 5
0 4
1 5
0 5
0 5
2 5
0 5
0 5
6 3
0 5
0 5
22 1
0 5
0 5
0 5
0 5
21 1
0 5
1 5
0 5
0 5
0 5
0 5
0 5
0 5
0 5
0 5
0 5
0 5
0 5
0 5
0 4
1 5
1 5
0 5
1 5
0 5
0 5
21 1
0 5
2 5
3 5
2 5
1 5
1 5
1 5
2 4
0 5
0 5
0 5
44 1
0 5
0 5
0 5
0 5
0 5
0 5
1 5
0 5
1 5
33 1
1 5
0 5
0 5
0 5
0 5
0 5
0 5
0 5
0 5
0 5
0 5
0 5
0 5
0 4
0 5
1 4
0 5
1 5
1 5
1 5
0 5
0 4
1 4
2 3
0 5
1 5
1 5
1 5
0 4
0 5
0 4
1 5
0 4
0 5
0 5
0 5
0 5
0 5
0 5
0 5
2 3
0 5
0 5
0 5
0 5
0 5
0 5
0 5
1 5
1 5
1 5
0 5
9 5
0 4
3 4
0 5
0 5
0 5
0 5
2 4
28 1
64 1
2 4
3 5
1 5
5 4
0 5
0 5
0 5
0 5
0 4
0 5
1 5
0 5
0 5
0 4
1 3
0 5
0 5
0 5
0 5
1 5
0 5
1 5
0 5
5 5
0 5
0 5
5 5
2 5
0 5
0 5
0 5
0 5
0 5
0 4
0 5
0 5
0 5
1 5
1 4
0 4
0 5
0 5
0 5
0 5
32 1
0 5
1 5
2 5
0 5
1 4
0 5
1 5
55 1
0 5
0 5
0 5
1 5
0 5
0 5
1 5
6 5
17 1
0 5
1 4
0 5
0 5
1 5
1 5
25 1
0 5
0 5
0 5
0 5
0 5
0 5
5 3
2 4
0 5
8 1
2 5
0 5
0 5
1 5
96 5
5 3
2 5
0 5
0 5
4 5
0 5
0 5
0 5
1 5
0 5
3 5
15 5
2 4
5 5
0 5
1 5
1 5
0 5
1 5
1 4
1 4
0 4
0 4
0 5
1 5
1 5
0 5
5 5
0 5
0 5
0 5
0 5
1 5
2 5
1 5
16 5
1 5
1 5
1 5
0 5
2 5
0 5
1 5
34 5
1 5
4 5
0 5
4 5
0 5
0 5
0 5
0 5
0 5
23 5
0 5
3 5
0 5
0 5
3 5
0 5
2 5
0 4
9 3
0 5
1 5
0 5
1 4
1 5
2 5
0 5
0 5
0 5
1 5
0 5
0 5
0 5
0 5
0 4
0 5
4 5
0 5
2 5
1 5
0 5
0 5
0 5
0 5
0 5
1 5
0 5
0 5
2 5
1 4
0 5
1 5
32 1
0 4
0 3
1 5
1 5
4 5
56 1
1 4
1 5
1 5
2 5
2 4
4 5
0 5
0 5
0 5
65 5
0 5
0 5
0 5
0 5
2 5
1 5
0 5
0 5
1 5
0 5
0 5
0 5
0 4
0 5
0 5
0 5
1 5
1 5
0 5
1 5
0 5
8 5
0 5
0 5
1 5
0 5
0 5
0 5
0 5
0 5
0 5
1 5
0 5
1 5
0 5
0 4
1 5
1 4
0 4
0 5
0 4
0 4
0 5
0 5
0 5
0 4
0 5
0 4
0 4
1 5
0 4
0 4
0 4
0 4
0 4
0 5
0 4
0 5
0 5
1 5
0 5
0 5
1 5
0 5
0 5
0 5
0 5
0 5
3 5
0 4
2 3
2 5
0 5
0 5
4 2
1 5
2 5
0 5
0 4
1 5
0 4
1 4
0 5
1 5
3 5
1 4
2 5
0 5
0 5
0 5
0 4
0 5
2 5
2 5
55 1
2 5
1 5
1 4
0 5
1 5
2 3
12 5
2 5
4 4
1 5
0 5
0 5
2 5
1 5
2 5
1 5
1 5
1 5
5 5
4 5
12 2
0 5
0 5
17 1
2 5
0 5
0 5
0 5
8 5
8 5
1 5
1 5
1 5
3 4
1 5
2 3
0 5
0 5
0 5
0 5
2 5
1 5
2 5
9 2
2 5
1 2
1 5
2 5
2 5
17 1
2 5
2 5
2 5
1 4
1 5
0 5
1 4
9 3
7 2
0 5
2 5
29 5
2 5
1 4
1 5
4 3
0 4
0 4
0 5
0 5
0 5
2 4
0 5
1 5
0 5
0 5
3 5
0 5
2 5
11 5
0 4
2 5
0 5
0 4
0 5
0 5
0 5
1 5
0 5
0 5
3 5
1 5
28 1
0 5
2 5
1 5
6 5
0 5
1 5
1 5
1 5
1 5
8 5
4 5
2 5
3 5
1 5
2 5
0 5
1 5
72 1
1 5
5 5
1 5
14 3
1 4
3 4
1 5
1 5
2 5
2 5
1 4
16 5
1 5
27 5
11 2
5 5
3 5
1 5
4 5
1 5
2 5
2 5
2 5
6 4
5 2
1 4
16 5
5 5
1 5
0 5
0 5
0 5
15 1
1 5
11 5
5 5
18 5
2 5
0 5
0 5
4 5
3 5
3 5
4 5
3 5
0 5
0 5
0 5
0 5
2 5
8 5
7 3
1 5
0 5
1 5
5 5
3 5
1 5
0 5
1 5
2 5
2 5
0 5
1 5
1 5
0 5
1 5
1 5
0 5
0 5
0 5
0 5
0 4
0 5
1 5
1 5
0 5
0 5
0 5
1 5
0 5
2 5
1 5
1 5
0 5
4 3
0 5
2 4
14 2
1 5
9 5
0 5
6 3
0 5
2 5
0 5
37 5
4 5
5 4
4 5
1 5
0 5
0 5
0 5
0 5
0 4
1 5
4 5
2 5
0 5
1 5
1 5
0 5
0 5
2 3
2 5
1 5
0 5
8 5
0 5
0 5
0 5
0 5
0 5
0 5
0 5
0 5
0 5
0 5
0 5
0 5
0 4
0 5
0 5
4 4
0 5
0 5
0 3
0 5
6 2
0 5
0 5
0 5
0 5
0 5
3 2
0 5
0 5
0 5
0 5
0 5
0 5
0 5
0 5
1 3
0 4
0 5
11 5
0 5
0 5
0 5
0 5
0 5
0 5
0 5
4 4
0 5
0 5
0 5
0 5
0 5
0 5
0 5
0 5
2 5
0 5
0 5
0 5
0 5
48 1
0 5
0 5
0 5
0 5
0 5
5 2
0 5
0 5
0 5
0 5
0 5
0 4
0 5
0 5
0 4
0 5
0 5
3 2
0 5
0 5
13 1
0 5
0 5
3 1
0 5
0 4
0 5
0 5
0 5
24 1
0 5
0 5
0 5
0 5
0 5
0 5
6 1
0 5
0 5
0 5
1 4
0 5
18 2
1 5
0 5
0 5
0 5
0 5
0 5
0 5
0 5
8 1
0 5
