10 1
8 1
7 5
23 1
7 5
10 1
10 5
1 5
8 1
10 1
9 1
6 1
9 1
15 1
9 1
3 5
5 5
6 5
13 1
11 1
10 1
3 5
10 1
9 1
5 5
3 5
0 5
0 5
0 5
1 5
0 5
0 5
4 5
7 1
5 5
1 4
7 2
9 4
11 1
12 1
9 1
0 5
0 5
13 3
10 1
4 4
88 1
3 5
3 5
6 5
4 5
24 1
1 5
2 5
16 1
3 5
4 5
9 5
3 4
3 5
16 1
16 1
5 5
2 5
5 5
26 2
8 1
8 5
2 4
3 4
3 5
5 5
3 5
18 1
11 3
7 5
15 1
12 5
4 5
22 1
5 5
23 4
3 5
5 5
8 5
10 1
11 1
13 1
10 1
10 1
4 5
4 5
8 1
5 5
2 5
4 5
2 5
8 4
5 5
8 2
6 3
6 5
15 1
2 5
0 5
2 5
10 1
3 5
2 3
11 1
4 5
23 5
2 5
9 5
1 5
5 4
5 5
2 5
25 1
6 5
4 5
4 5
6 4
5 5
33 1
12 1
18 4
5 5
6 5
3 5
2 5
6 4
2 4
3 5
3 5
12 1
2 4
2 3
2 5
31 4
0 4
25 1
9 5
27 1
4 5
18 1
17 1
4 5
12 1
3 5
1 3
8 4
20 1
12 1
4 5
15 1
8 4
4 5
9 4
11 5
4 5
9 5
1 4
2 4
2 5
18 1
3 5
19 1
5 5
3 5
2 5
26 1
5 5
15 4
21 1
6 5
467 4
2 4
5 5
27 1
18 1
0 1
18 1
2 4
1 5
2 5
6 4
6 5
8 5
17 1
8 4
3 5
105 1
4 5
5 5
13 4
9 2
4 5
19 2
2 4
19 1
3 5
8 1
9 2
1 4
1 4
15 1
22 1
12 1
60 5
1 5
8 5
5 2
1 5
20 1
20 1
5 4
2 5
3 5
3 5
12 1
4 5
4 1
4 5
1 5
16 4
2 5
2 5
10 1
15 1
3 4
4 1
4 1
114 1
3 5
3 5
5 5
10 4
1 2
5 4
8 1
7 1
3 1
5 5
7 1
5 1
8 5
5 5
5 1
8 5
6 4
4 5
6 1
2 5
2 5
1 5
7 1
10 1
19 5
14 1
3 5
19 1
7 5
6 5
5 4
0 4
11 1
61 1
23 4
4 5
7 5
3 5
10 1
6 3
14 3
12 5
3 5
13 1
26 1
27 1
6 5
14 1
44 1
34 4
12 1
57 5
42 1
32 1
4 5
17 2
3 5
15 1
14 1
48 5
18 1
24 1
8 4
7 5
4 5
12 1
2 4
2 5
5 5
3 5
0 4
3 4
2 4
7 1
16 3
1 5
4 5
3 5
7 5
15 1
3 4
16 2
8 1
8 1
10 1
2 5
3 1
13 1
85 5
4 5
11 5
13 1
12 1
28 1
13 1
4 5
10 1
6 1
9 1
14 1
9 1
5 5
4 5
0 5
11 1
6 5
3 5
4 3
7 5
5 5
11 1
6 4
12 5
5 5
3 5
3 5
3 5
16 4
5 5
7 5
8 5
15 1
12 1
6 5
6 5
4 5
3 5
6 1
12 1
26 1
17 5
11 1
12 1
3 1
4 5
12 5
7 5
7 2
6 5
3 5
21 5
5 4
34 1
11 1
6 4
6 5
5 5
8 5
0 5
11 5
37 1
29 5
2 4
8 1
8 1
1 1
4 5
0 5
128 5
15 4
1 5
33 1
1 5
1 5
20 2
3 5
13 1
1 5
10 1
3 5
2 5
28 5
0 5
0 5
0 5
1 4
3 5
25 1
4 5
2 1
3 1
5 5
14 1
0 4
11 1
12 1
66 1
8 1
9 1
15 1
8 5
13 1
9 4
4 5
22 4
10 2
4 5
5 5
6 1
7 1
3 5
4 5
5 1
2 5
9 5
3 5
6 1
5 1
3 5
4 1
0 1
3 5
2 5
27 5
2 1
1 5
1 1
13 5
1 5
2 3
1 1
0 5
3 1
2 1
0 5
0 5
1 5
0 3
1 1
4 1
1 5
1 1
0 5
1 5
0 4
0 5
1 1
2 1
0 5
0 1
0 5
0 4
1 3
1 4
0 5
0 1
1 1
0 4
0 5
1 1
1 1
1 4
1 1
0 1
1 5
1 5
1 5
1 1
0 5
0 5
2 1
0 5
3 1
0 2
0 5
0 5
0 5
0 5
0 5
2 1
0 5
0 5
0 5
1 1
0 5
1 1
1 5
0 3
1 1
0 4
3 1
0 5
1 5
0 1
0 5
1 4
2 1
0 5
1 5
0 5
1 3
0 5
0 5
0 1
0 5
2 1
1 5
0 4
0 5
0 5
1 1
0 5
1 4
