1	5	3	0.333333
4	5	4	1
2	3	7	0.285714
2	5	2	1
3	4	3	1
69	1	112	0.616071
1	5	1	1
4	5	5	0.8
0	5	1	0
0	5	1	0
3	5	4	0.75
39	1	67	0.58209
3	5	6	0.5
3	5	6	0.5
5	5	6	0.833333
6	4	6	1
3	5	3	1
6	5	7	0.857143
1	5	2	0.5
4	5	4	1
3	4	3	1
3	5	4	0.75
1	5	1	1
0	5	1	0
3	5	4	0.75
2	4	2	1
4	5	7	0.571429
3	5	4	0.75
2	4	3	0.666667
2	5	5	0.4
1	5	2	0.5
0	4	1	0
0	4	2	0
1	4	4	0.25
0	4	1	0
2	5	2	1
2	4	2	1
1	5	1	1
3	4	3	1
0	5	0	0
14	2	22	0.636364
0	5	0	0
7	3	10	0.7
3	5	3	1
2	5	2	1
1	5	1	1
0	4	1	0
1	4	1	1
2	5	2	1
3	5	6	0.5
4	3	10	0.4
1	5	3	0.333333
3	4	6	0.5
0	4	1	0
1	5	2	0.5
3	4	4	0.75
1	4	2	0.5
2	5	3	0.666667
0	5	1	0
1	5	2	0.5
1	5	2	0.5
2	5	4	0.5
1	5	3	0.333333
2	5	5	0.4
3	5	4	0.75
2	4	4	0.5
6	5	8	0.75
7	5	8	0.875
5	5	6	0.833333
4	4	5	0.8
8	3	12	0.666667
15	2	31	0.483871
7	5	10	0.7
4	5	6	0.666667
0	5	1	0
4	4	5	0.8
2	5	4	0.5
2	4	3	0.666667
5	4	7	0.714286
2	5	4	0.5
5	5	7	0.714286
6	5	7	0.857143
2	5	3	0.666667
2	5	4	0.5
4	5	7	0.571429
2	4	4	0.5
30	3	34	0.882353
5	5	5	1
4	5	5	0.8
1	5	2	0.5
7	2	19	0.368421
0	5	0	0
4	5	5	0.8
4	5	5	0.8
2	5	3	0.666667
3	5	4	0.75
3	4	3	1
1	5	3	0.333333
3	5	4	0.75
2	4	2	1
3	4	3	1
2	5	2	1
2	3	5	0.4
1	5	1	1
0	5	0	0
0	5	0	0
1	5	2	0.5
0	5	0	0
2	4	2	1
0	4	1	0
0	5	0	0
4	4	8	0.5
1	5	7	0.142857
3	5	3	1
3	4	4	0.75
1	4	2	0.5
2	4	2	1
8	2	17	0.470588
3	5	3	1
0	5	1	0
1	5	1	1
0	5	1	0
0	5	0	0
4	5	4	1
4	5	4	1
0	4	0	0
0	5	0	0
0	5	0	0
3	4	4	0.75
2	5	3	0.666667
2	4	2	1
1	5	1	1
1	5	1	1
1	5	1	1
0	5	2	0
2	4	3	0.666667
0	5	0	0
3	5	3	1
3	3	4	0.75
3	5	3	1
5	5	5	1
1	5	1	1
0	5	0	0
0	4	0	0
1	5	1	1
0	5	0	0
0	5	0	0
0	5	0	0
3	5	3	1
7	5	7	1
7	5	7	1
3	5	3	1
1	5	1	1
4	5	4	1
2	4	3	0.666667
3	4	4	0.75
1	5	1	1
7	5	7	1
0	5	0	0
7	5	8	0.875
1	4	3	0.333333
29	1	64	0.453125
4	5	4	1
2	5	5	0.4
1	5	5	0.2
2	3	2	1
3	5	5	0.6
3	5	6	0.5
3	5	5	0.6
6	3	10	0.6
3	5	3	1
1	5	2	0.5
36	1	68	0.529412
1	5	1	1
2	5	2	1
1	3	1	1
2	5	2	1
0	5	0	0
2	5	2	1
0	5	0	0
0	5	1	0
0	5	0	0
1	5	1	1
0	5	0	0
0	5	0	0
0	5	0	0
0	5	0	0
0	5	0	0
0	4	0	0
4	5	4	1
2	5	2	1
2	5	2	1
2	5	3	0.666667
16	5	19	0.842105
2	5	2	1
2	5	2	1
2	5	2	1
3	4	9	0.333333
3	5	3	1
2	5	2	1
3	5	3	1
2	5	2	1
4	4	4	1
4	5	4	1
3	4	3	1
4	5	4	1
4	5	4	1
3	5	3	1
4	5	4	1
4	5	4	1
2	5	2	1
8	3	10	0.8
26	2	34	0.764706
5	5	5	1
0	5	0	0
4	5	4	1
3	5	3	1
3	5	3	1
6	5	6	1
2	5	2	1
1	5	1	1
2	4	3	0.666667
2	5	3	0.666667
3	5	3	1
0	4	2	0
1	5	1	1
11	4	11	1
2	5	2	1
0	3	2	0
1	5	1	1
1	5	2	0.5
0	5	0	0
1	3	6	0.166667
3	5	3	1
0	4	0	0
0	5	0	0
5	5	6	0.833333
2	3	9	0.222222
3	5	5	0.6
3	3	14	0.214286
5	5	7	0.714286
5	5	6	0.833333
0	5	1	0
0	5	1	0
4	5	6	0.666667
1	5	2	0.5
3	5	4	0.75
2	5	3	0.666667
2	5	4	0.5
3	2	37	0.0810811
5	5	6	0.833333
4	5	5	0.8
1	5	4	0.25
6	3	8	0.75
5	5	7	0.714286
3	5	4	0.75
5	5	7	0.714286
4	5	4	1
0	4	3	0
0	5	0	0
8	4	11	0.727273
1	5	1	1
3	5	3	1
6	2	16	0.375
4	5	4	1
5	4	9	0.555556
2	5	2	1
3	4	4	0.75
3	3	7	0.428571
7	3	15	0.466667
3	5	4	0.75
3	5	4	0.75
5	5	7	0.714286
3	5	5	0.6
3	5	3	1
1	5	2	0.5
1	5	2	0.5
2	4	2	1
2	4	6	0.333333
3	5	3	1
1	4	1	1
2	5	3	0.666667
1	5	1	1
3	5	3	1
7	2	22	0.318182
4	5	4	1
3	5	13	0.230769
3	5	3	1
5	5	5	1
4	5	4	1
2	5	2	1
7	2	21	0.333333
3	5	3	1
1	5	1	1
1	5	1	1
2	5	2	1
6	5	8	0.75
1	5	4	0.25
0	4	1	0
0	5	0	0
0	5	0	0
1	4	1	1
0	5	0	0
0	5	0	0
0	5	0	0
1	5	1	1
0	5	0	0
2	5	2	1
0	5	0	0
0	5	0	0
6	5	6	1
2	5	2	1
4	4	5	0.8
1	4	1	1
6	3	12	0.5
3	5	3	1
3	5	3	1
0	5	0	0
49	1	84	0.583333
3	5	4	0.75
3	5	4	0.75
5	5	7	0.714286
3	5	4	0.75
0	4	3	0
4	5	6	0.666667
2	5	2	1
2	5	2	1
2	5	2	1
2	5	2	1
5	4	6	0.833333
0	4	0	0
0	5	1	0
3	4	3	1
24	2	37	0.648649
4	5	4	1
8	5	9	0.888889
1	5	2	0.5
22	1	120	0.183333
3	5	4	0.75
5	5	7	0.714286
4	5	4	1
2	5	3	0.666667
6	2	20	0.3
6	5	7	0.857143
3	3	6	0.5
0	5	2	0
16	2	23	0.695652
0	5	1	0
0	5	1	0
2	5	2	1
4	5	4	1
2	5	2	1
2	5	2	1
1	5	2	0.5
7	5	7	1
7	5	10	0.7
2	5	2	1
3	5	3	1
3	5	4	0.75
4	5	5	0.8
7	5	7	1
6	5	6	1
8	5	10	0.8
17	2	24	0.708333
26	2	34	0.764706
6	3	10	0.6
1	4	1	1
4	4	5	0.8
3	5	6	0.5
4	5	4	1
3	5	4	0.75
227	1	328	0.692073
12	5	14	0.857143
7	5	7	1
3	5	3	1
62	3	76	0.815789
2	4	2	1
3	5	3	1
7	4	9	0.777778
8	3	11	0.727273
1	5	4	0.25
1	5	1	1
2	5	2	1
0	5	1	0
43	2	53	0.811321
3	4	3	1
2	5	3	0.666667
1	5	1	1
12	2	22	0.545455
1	5	4	0.25
0	3	1	0
1	4	1	1
0	5	1	0
0	5	0	0
0	5	0	0
0	5	0	0
2	4	3	0.666667
1	4	1	1
2	5	4	0.5
2	5	2	1
1	5	1	1
4	5	4	1
4	5	4	1
7	5	7	1
5	4	6	0.833333
7	5	8	0.875
8	4	8	1
21	2	39	0.538462
8	4	9	0.888889
8	5	8	1
7	5	8	0.875
5	4	18	0.277778
27	1	92	0.293478
13	4	14	0.928571
4	5	4	1
21	2	32	0.65625
2	5	2	1
31	1	88	0.352273
3	5	5	0.6
7	5	8	0.875
1	5	1	1
4	5	4	1
2	4	2	1
6	5	7	0.857143
2	4	4	0.5
1	5	3	0.333333
2	5	4	0.5
4	3	12	0.333333
1	5	1	1
4	3	12	0.333333
1	4	1	1
2	5	4	0.5
1	5	2	0.5
0	5	1	0
1	5	4	0.25
2	5	3	0.666667
1	5	2	0.5
2	5	5	0.4
1	5	3	0.333333
6	3	11	0.545455
0	5	1	0
2	5	2	1
28	2	37	0.756757
3	5	3	1
2	5	4	0.5
0	5	3	0
1	5	5	0.2
20	5	23	0.869565
4	5	5	0.8
1	5	3	0.333333
2	5	5	0.4
11	2	23	0.478261
2	5	3	0.666667
2	5	3	0.666667
1	4	3	0.333333
4	5	6	0.666667
10	2	19	0.526316
2	5	3	0.666667
2	5	2	1
16	3	20	0.8
2	5	2	1
4	4	4	1
7	3	11	0.636364
3	4	4	0.75
4	5	5	0.8
8	2	18	0.444444
1	5	3	0.333333
3	5	6	0.5
5	5	8	0.625
5	5	5	1
1	4	1	1
3	4	3	1
4	5	4	1
2	5	2	1
14	2	29	0.482759
2	5	2	1
8	2	22	0.363636
1	5	1	1
2	5	2	1
3	3	11	0.272727
4	5	5	0.8
6	5	7	0.857143
4	5	5	0.8
3	3	7	0.428571
1	5	1	1
0	5	0	0
1	4	1	1
1	5	1	1
1	3	1	1
1	5	1	1
2	5	2	1
0	5	1	0
3	5	3	1
4	4	4	1
4	5	4	1
1	5	1	1
1	5	3	0.333333
2	5	2	1
1	5	1	1
2	5	3	0.666667
0	5	1	0
4	5	5	0.8
3	5	3	1
7	5	7	1
6	3	17	0.352941
2	5	2	1
3	5	8	0.375
4	5	4	1
4	5	5	0.8
4	5	5	0.8
4	5	7	0.571429
5	5	5	1
2	5	2	1
2	3	4	0.5
12	3	17	0.705882
1	5	2	0.5
5	5	7	0.714286
3	5	3	1
4	5	4	1
5	4	7	0.714286
6	4	6	1
3	5	3	1
6	5	6	1
5	5	5	1
1	5	2	0.5
1	3	5	0.2
3	5	3	1
3	5	5	0.6
69	1	119	0.579832
5	5	5	1
2	5	2	1
7	4	8	0.875
5	4	8	0.625
4	5	6	0.666667
12	5	13	0.923077
9	5	13	0.692308
4	5	5	0.8
6	5	7	0.857143
0	5	1	0
7	5	9	0.777778
11	5	12	0.916667
3	4	7	0.428571
10	2	29	0.344828
17	2	39	0.435897
4	4	4	1
2	5	5	0.4
0	5	0	0
1	5	1	1
24	2	40	0.6
4	5	4	1
1	5	1	1
3	5	3	1
10	5	10	1
4	5	4	1
3	5	4	0.75
0	5	0	0
3	5	3	1
5	5	6	0.833333
1	5	1	1
1	5	1	1
5	5	5	1
3	5	3	1
3	5	3	1
4	5	4	1
2	5	2	1
5	5	7	0.714286
5	5	8	0.625
3	5	3	1
4	5	4	1
6	4	6	1
1	5	1	1
2	5	2	1
2	5	2	1
1	5	2	0.5
4	5	6	0.666667
2	5	3	0.666667
4	5	5	0.8
6	5	8	0.75
7	5	13	0.538462
9	3	11	0.818182
4	4	5	0.8
10	2	38	0.263158
13	3	20	0.65
34	5	45	0.755556
6	5	8	0.75
2	5	2	1
2	5	2	1
10	5	14	0.714286
4	5	4	1
4	5	4	1
7	5	8	0.875
0	5	1	0
2	5	2	1
1	5	2	0.5
5	5	5	1
0	5	0	0
2	5	3	0.666667
0	5	0	0
2	5	2	1
0	5	0	0
0	5	0	0
5	4	5	1
3	5	3	1
10	5	11	0.909091
2	5	2	1
2	5	2	1
2	5	3	0.666667
6	5	7	0.857143
12	4	17	0.705882
2	5	4	0.5
6	5	6	1
5	4	5	1
1	5	3	0.333333
1	5	1	1
5	5	5	1
4	5	4	1
4	4	7	0.571429
1	5	2	0.5
0	5	0	0
1	4	3	0.333333
0	5	1	0
32	1	67	0.477612
1	5	1	1
3	5	3	1
588	2	718	0.818942
1	5	1	1
0	5	0	0
0	5	0	0
0	4	2	0
0	5	0	0
0	5	0	0
1	5	1	1
9	5	10	0.9
53	1	99	0.535354
50	3	56	0.892857
4	5	4	1
1	5	1	1
1	5	1	1
7	5	8	0.875
12	5	14	0.857143
0	5	0	0
1	5	1	1
1	5	1	1
3	5	4	0.75
4	5	4	1
38	1	86	0.44186
2	5	3	0.666667
2	5	3	0.666667
1	5	2	0.5
1	5	2	0.5
0	5	0	0
10	5	12	0.833333
